timestamp	ch1	ch2	ch3	ch4
0	27686	40928	32745	32406
32	22196	8053	32836	32846
64	30198	34928	32746	32212
96	29747	15383	32776	32897
128	25191	35596	32737	32383
160	39121	20488	32715	32910
192	22042	31010	32692	32444
224	45572	25132	32720	32909
256	26413	29600	32685	32482
288	51914	31258	32675	32861
320	13933	27265	32677	32488
352	51919	37839	32696	32867
384	15708	24645	32675	32637
416	51926	41669	32658	32807
448	8966	21895	32692	32718
480	51921	65503	32649	32821
512	5585	13994	32694	32717
544	51895	48423	32626	32741
576	9821	16670	32686	32729
608	51895	65503	32648	32719
640	8782	10752	32705	32745
672	51896	65455	32611	32706
704	9994	12018	32660	32781
736	49109	50386	32653	32699
768	13837	10442	32653	32735
800	44109	46361	32613	32684
832	19511	16350	32677	32718
864	41950	45066	32744	32608
896	25503	19693	32672	32754
928	36961	43164	32724	32652
960	32182	23103	32772	32727
992	33507	35287	32694	32640
1024	39363	28458	32743	32707
1056	27783	35729	32673	32617
1088	47219	32364	32713	32684
1120	22564	30801	32713	32626
1152	51908	36914	32703	32666
1184	17257	28683	32690	32614
1216	51910	65504	32670	32619
1248	13642	19569	32684	32640
1280	51902	65506	32683	32631
1312	9996	15966	32716	32629
1344	51906	65506	32662	32645
1376	7328	11172	32695	32630
1408	51903	49088	32658	32656
1440	8914	12757	32700	32650
1472	51900	48856	32628	32653
1504	8078	13347	32692	32685
1536	51898	51262	32627	32643
1568	10011	12827	32660	32643
1600	48571	47739	32628	32636
1632	14057	14260	32646	32638
1664	44648	46054	32622	32615
1696	18539	18138	32670	32639
1728	40207	43957	32739	32636
1760	25958	22747	32636	32676
1792	36169	40814	32705	32620
1824	32421	27984	32690	32684
1856	31777	36165	32684	32613
1888	38750	33426	32716	32662
1920	25869	33328	32689	32628
1952	47136	37839	32699	32682
1984	21338	26535	32668	32605
2016	51902	40749	32687	32643
2048	16982	22158	32695	32661
2080	51905	44425	32715	32651
2112	12666	19585	32697	32635
2144	51901	48260	32687	32670
2176	9383	17456	32703	32585
2208	51897	65477	32671	32664
2240	7239	15803	32702	32654
2272	51898	65438	32692	32646
2304	6894	14757	32682	32631
2336	51905	65501	32635	32609
2368	8787	15787	32673	32666
2400	50815	52209	32655	32648
2432	10870	17477	32671	32697
2464	46903	49240	32626	32645
2496	15742	20646	32660	32703
2528	41191	46108	32761	32665
2560	22347	24892	32641	32698
2592	40249	41837	32734	32608
2656	32296	38797	32702	32673
2720	28771	33376	32683	32655
2752	44544	37128	32712	32649
2784	24266	30948	32685	32593
2816	51891	65506	32689	32691
2848	19137	21322	32692	32632
2880	51896	44636	32688	32703
2912	14299	21163	32685	32681
2944	51895	47925	32702	32695
2976	10744	17810	32732	32680
3008	51900	50785	32664	32673
3040	7479	15064	32650	32699
3072	51898	51337	32645	32688
3104	7145	13564	32714	32635
3136	51898	51595	32606	32661
3168	6678	14272	32679	32685
3200	50994	50669	32632	32654
3232	10430	15448	32667	32686
3264	48605	47785	32611	32680
3296	13579	17578	32656	32683
3328	44127	44361	32610	32651
3360	19389	21321	32660	32727
3392	40374	41402	32725	32642
3424	26410	25963	32698	32715
3456	35627	37126	32671	32650
3488	33551	29942	32693	32653
3520	31383	31597	32714	32689
3552	41206	34832	32715	32632
3584	24346	29165	32674	32662
3616	51884	38780	32680	32709
3648	16230	25046	32670	32681
3680	51883	43527	32758	32705
3712	15594	22822	32691	32595
3744	51885	65506	32647	32687
3776	5170	13641	32713	32716
3808	51894	49412	32651	32637
3840	3965	15541	32665	32682
3872	51891	49129	32636	32690
3904	8022	13274	32697	32686
3936	51899	51609	32642	32645
3968	7874	12383	32674	32696
4000	51903	48902	32598	32670
4064	49150	47575	32604	32634
4128	45746	44081	32608	32655
4160	18776	19368	32648	32704
4192	42231	41763	32713	32636
4256	35838	39285	32685	32644
4288	33285	31277	32690	32730
4352	41019	33104	32687	32695
4416	51890	36075	32711	32692
4480	51895	65506	32678	32707
4544	51893	65503	32652	32684
4608	51899	46445	32659	32704
4672	51891	47979	32641	32643
4704	7212	12832	32689	32652
4736	51902	50562	32628	32670
4768	7073	12827	32672	32685
4832	8448	12514	32680	32700
4896	13363	14174	32661	32697
4928	46102	44198	32604	32655
4960	18484	18899	32670	32671
5024	25494	21695	32641	32704
5088	31284	28009	32759	32670
5120	30185	34412	32684	32642
5184	25880	30433	32694	32709
5248	20748	25974	32686	32624
5312	15953	22882	32703	32655
5344	51887	43505	32670	32688
5376	11374	19928	32711	32658
5408	51888	65506	32663	32702
5440	8565	11420	32692	32622
5472	51899	65504	32668	32669
5504	7163	9692	32700	32660
5568	6141	14728	32684	32755
5632	8138	8932	32665	32651
5696	12868	14108	32670	32680
5728	46017	45348	32607	32674
5760	17872	17720	32643	32705
5792	40865	42996	32747	32670
5856	36557	39721	32681	32647
5888	32122	27518	32720	32687
5920	33284	31378	32705	32637
5952	39198	30921	32699	32692
5984	25505	31083	32702	32631
6016	47599	35291	32689	32659
6048	17925	27011	32696	32636
6080	51893	39446	32705	32686
6112	17639	22100	32682	32591
6144	51891	42796	32694	32686
6176	11787	20506	32683	32642
6208	51895	65506	32675	32662
6240	6734	12088	32703	32732
6272	51891	48930	32636	32705
6304	7622	14837	32692	32665
6336	51897	51524	32629	32634
6368	7314	14867	32688	32677
6400	51892	65505	32626	32695
6432	8171	9542	32669	32653
6464	49737	48318	32626	32649
6496	12325	12411	32666	32639
6528	46337	44936	32631	32653
6560	17119	17996	32655	32656
6592	41997	44308	32762	32594
6624	23492	19739	32647	32690
6656	38831	36110	32751	32637
6688	30501	25197	32743	32649
6720	33587	35922	32685	32639
6752	37973	29715	32672	32667
6784	27543	31756	32686	32644
6816	46899	34207	32690	32661
6848	22055	26604	32683	32671
6880	51881	38517	32693	32699
6912	16587	24838	32684	32640
6944	51889	65507	32684	32681
6976	13259	14314	32664	32642
7008	51885	45705	32698	32685
7040	9546	16546	32712	32663
7072	51895	49086	32653	32698
7104	7758	16024	32685	32687
7136	51882	65505	32623	32696
7168	6685	8969	32714	32690
7200	51901	50405	32624	32659
7232	8167	14762	32652	32627
7264	51475	49623	32613	32630
7296	10524	11735	32680	32711
7328	46714	46077	32606	32677
7360	15796	16968	32674	32666
7392	43055	42816	32740	32663
7424	21940	20116	32639	32671
7456	39128	40159	32743	32653
7488	28924	24830	32721	32724
7520	33359	37779	32682	32656
7584	27846	28451	32678	32660
7648	22926	26750	32699	32630
7680	51887	38078	32683	32677
7712	19055	25026	32702	32697
7744	51883	42386	32690	32702
7808	51891	45700	32674	32702
7840	10249	16454	32675	32665
7904	6811	15969	32685	32689
7968	5891	14476	32676	32673
8032	6756	13887	32657	32701
8096	11243	15059	32675	32667
8160	14565	18334	32679	32692
8224	21087	20760	32662	32690
8288	28337	24999	32750	32651
8320	35353	39824	32677	32633
8352	35417	29915	32716	32678
8416	42813	35190	32665	32649
8480	51884	38743	32693	32689
8544	51883	42727	32698	32651
8608	51895	45373	32696	32658
8672	51891	49177	32662	32694
8704	4752	17666	32691	32639
8736	51901	65501	32666	32657
8800	51865	52229	32630	32689
8832	8758	13683	32689	32684
8864	51741	51545	32628	32647
8896	10742	15254	32683	32700
8928	48664	49190	32618	32644
8960	14638	16769	32654	32656
8992	44752	45682	32639	32626
9024	19996	21041	32750	32637
9056	35811	44130	32747	32679
9088	28498	24857	32725	32714
9120	33523	38544	32659	32618
9152	36572	29168	32741	32683
9184	31217	36821	32678	32655
9216	42503	38714	32669	32684
9248	24510	28132	32718	32677
9280	51887	38533	32689	32658
9344	51900	40587	32689	32669
9376	11148	21388	32672	32650
9408	51897	45213	32669	32640
9472	51902	65506	32627	32684
9536	51899	49806	32647	32650
9600	51890	50681	32641	32683
9664	51900	49889	32630	32670
9728	49475	47971	32623	32645
9792	45515	45503	32606	32699
9824	18844	19765	32652	32683
9888	25544	23420	32655	32706
9952	32808	27764	32755	32650
10016	40363	36958	32713	32688
10080	51512	36606	32680	32687
10144	51888	39998	32671	32660
10208	51891	43331	32701	32648
10272	51895	46267	32709	32693
10336	51891	49362	32618	32684
10400	51892	50513	32629	32624
10432	7302	13036	32663	32676
10464	51903	51220	32629	32682
10528	49921	49931	32623	32655
10592	46481	45407	32610	32645
10656	41881	42803	32730	32594
10720	37345	39758	32705	32636
10784	27453	35547	32669	32689
10848	21169	32269	32688	32603
10912	18561	27666	32676	32645
10944	51889	40207	32706	32661
11008	51888	43446	32685	32626
11072	51899	46918	32675	32642
11136	51900	65506	32651	32676
11200	51908	50471	32625	32634
11232	5643	14745	32680	32681
11296	11345	13520	32661	32737
11360	12725	15593	32671	32694
11424	17710	17639	32668	32677
11488	23674	21282	32725	32671
11552	32261	25568	32752	32702
11616	38682	31241	32682	32627
11680	48412	35511	32718	32749
11744	51883	39198	32707	32697
11808	51887	65508	32704	32692
11840	13320	16187	32672	32651
11872	51888	46318	32685	32666
11904	10625	16073	32716	32679
11936	51889	48753	32657	32675
11968	6561	16165	32658	32642
12000	51890	65507	32643	32701
12032	6710	9715	32701	32698
12096	7043	13146	32658	32622
12160	11145	15518	32652	32700
12192	45113	48307	32601	32649
12256	43149	41531	32763	32663
12288	22816	21651	32651	32727
12320	38474	39916	32756	32641
12384	33831	36555	32692	32675
12448	28798	31477	32668	32706
12480	45941	34026	32691	32709
12544	51883	39308	32691	32696
12608	51902	42865	32692	32692
12672	51882	45940	32654	32711
12704	7463	16374	32681	32665
12736	51893	48180	32640	32648
12768	6158	14067	32708	32673
12800	51894	50189	32656	32661
12832	6898	15088	32677	32680
12864	51893	65503	32644	32636
12928	49655	48741	32622	32667
12992	48127	47693	32618	32628
13024	15597	18056	32636	32723
13056	43297	46390	32747	32662
13088	22150	19370	32667	32639
13152	29533	24620	32761	32681
13216	36509	29024	32749	32662
13248	29434	32577	32684	32662
13280	44720	33494	32706	32716
13344	51884	38089	32760	32613
13408	51885	41205	32695	32689
13472	51880	45318	32702	32683
13504	9303	18444	32692	32672
13536	51893	48140	32656	32655
13568	8351	14533	32662	32656
13632	6700	13501	32681	32716
13664	51892	52948	32608	32675
13696	7610	14323	32678	32671
13728	51784	51482	32613	32606
13792	48133	48303	32615	32695
13824	13697	16641	32661	32687
13856	43167	45727	32616	32695
13888	20211	20481	32670	32698
13920	40746	42551	32730	32621
13952	27709	25057	32745	32690
13984	34293	40795	32672	32626
14016	34619	32290	32708	32669
14048	28055	31421	32679	32627
14080	42954	34616	32697	32642
14112	25574	31635	32720	32636
14144	51876	46182	32703	32703
14176	19050	22829	32690	32640
14208	51888	41795	32734	32662
14272	51883	44883	32644	32663
14336	51897	47162	32663	32635
14400	51885	50748	32655	32679
14464	51894	65504	32638	32681
14496	7794	10356	32675	32641
14560	9531	10486	32674	32660
14624	13043	16437	32660	32678
14688	20145	17968	32669	32696
14752	27120	22210	32753	32694
14816	35463	27631	32686	32685
14880	41971	31958	32715	32676
14912	27780	30836	32691	32677
14976	18923	27348	32695	32680
15040	10030	20307	32699	32678
15104	12170	19744	32686	32666
15168	9338	15417	32695	32671
15200	51900	49894	32649	32668
15232	7577	15144	32702	32673
15264	51894	65503	32639	32662
15328	51896	49081	32627	32629
15392	49344	48504	32645	32634
15456	46135	45293	32612	32616
15520	37780	43963	32742	32666
15584	31855	38277	32685	32630
15648	32505	33157	32687	32639
15680	40475	35800	32700	32702
15712	24191	26441	32674	32696
15776	21678	26510	32685	32688
15840	15480	20829	32697	32667
15904	13631	17856	32703	32653
15968	9594	17103	32651	32629
16032	7663	14355	32678	32684
16096	7221	8939	32696	32676
16160	9416	13165	32668	32708
16192	50074	48389	32615	32677
16256	45280	46426	32621	32658
16288	18036	18407	32658	32681
16320	42722	44147	32755	32654
16384	35816	41212	32703	32633
16448	31154	32335	32694	32612
16480	39186	30421	32686	32647
16512	26524	30249	32698	32655
16576	22426	26430	32699	32663
16640	16983	23688	32681	32643
16704	6829	19276	32673	32639
16768	10323	15622	32676	32645
16800	51897	48490	32663	32654
16832	7369	15763	32678	32654
16896	5505	8328	32679	32673
16928	51896	50010	32627	32674
16960	8527	15492	32657	32694
16992	50060	50361	32630	32647
17024	11994	15421	32676	32660
17056	47183	47899	32622	32667
17120	43489	45436	32732	32675
17184	38914	42443	32708	32607
17216	30456	26613	32750	32669
17248	32972	33569	32685	32659
17312	25080	32183	32664	32688
17376	23686	27433	32701	32650
17440	17764	23619	32699	32647
17472	51882	43131	32660	32663
17536	51885	47027	32685	32732
17600	51884	49944	32662	32696
17664	51892	65505	32618	32686
17728	51141	52158	32617	32654
17792	50163	48432	32617	32661
17824	12226	14403	32682	32699
17856	47269	46750	32611	32683
17888	17619	16252	32674	32672
17920	44345	44030	32755	32646
17952	22408	20403	32660	32651
17984	40360	40618	32714	32643
18016	29035	23639	32737	32646
18048	34013	37688	32684	32649
18080	36949	29578	32697	32665
18112	28170	33397	32696	32684
18144	45052	33817	32695	32720
18176	23289	31087	32694	32672
18208	51887	38410	32702	32674
18240	19043	24400	32688	32675
18272	51882	42197	32672	32663
18304	10287	23220	32690	32667
18336	51889	65504	32668	32695
18368	5579	14407	32675	32687
18400	51892	65496	32642	32692
18432	5224	11759	32692	32663
18496	6664	12748	32687	32705
18560	7713	13775	32675	32651
18592	50917	50231	32604	32621
18624	11668	14675	32684	32652
18688	15642	14375	32670	32695
18752	21280	19331	32667	32697
18816	27340	25260	32740	32637
18880	36964	28172	32770	32691
18944	43635	31130	32693	32692
19008	51881	35359	32695	32692
19040	19112	22940	32684	32638
19072	51886	40911	32679	32656
19104	14143	19977	32701	32638
19136	51886	43397	32686	32652
19168	12178	15299	32711	32643
19200	51887	46169	32658	32656
19232	7973	14170	32708	32699
19264	51889	49594	32639	32616
19296	6383	13720	32683	32632
19328	51894	51121	32623	32682
19360	7722	13472	32671	32672
19392	51875	51724	32613	32644
19424	9960	15225	32672	32694
19456	49236	49283	32628	32681
19488	13971	16771	32650	32736
19520	45133	46835	32618	32626
19552	19705	20198	32643	32672
19584	39868	45050	32764	32670
19616	26213	23774	32769	32642
19648	35268	37493	32691	32647
19680	34028	31580	32736	32706
19712	29316	32212	32680	32663
19744	41814	33394	32679	32626
19776	23814	30778	32685	32651
19808	51881	36013	32712	32706
19840	18446	26871	32684	32612
19872	51881	65504	32671	32654
19904	14741	18434	32705	32675
19936	51892	44641	32679	32676
19968	11056	18950	32699	32689
20000	51888	47649	32662	32660
20032	9088	15799	32680	32674
20064	51897	49022	32625	32679
20096	4949	12756	32692	32703
20128	51891	50260	32650	32659
20160	7587	13048	32700	32674
20192	51893	50035	32624	32655
20224	8529	13683	32670	32655
20256	48147	48838	32617	32614
20288	13810	15005	32669	32702
20320	46101	45608	32611	32666
20352	18459	19062	32647	32687
20384	41342	43530	32727	32652
20416	25252	22756	32746	32672
20448	35310	40735	32685	32650
20480	33634	29254	32746	32667
20512	30712	32705	32681	32655
20544	41299	32086	32719	32659
20576	25634	30127	32680	32662
20608	48573	36283	32684	32701
20640	20541	27010	32681	32674
20672	51875	40683	32684	32650
20704	14736	23940	32675	32678
20736	51883	65505	32657	32692
20768	9728	16346	32693	32696
20800	51886	65505	32662	32688
20832	8302	12522	32684	32673
20864	51895	49286	32671	32657
20896	7564	13440	32715	32677
20928	51887	49376	32626	32625
20960	7024	11891	32637	32720
20992	51906	49863	32634	32703
21024	8975	13703	32678	32690
21056	49644	48836	32609	32681
21088	12131	14736	32678	32697
21120	44999	46164	32624	32659
21152	18292	17969	32659	32680
21184	42123	43152	32734	32628
21216	25040	21855	32661	32691
21248	37525	39427	32738	32617
21280	32292	26407	32732	32654
21312	31441	37799	32708	32618
21344	39640	35095	32717	32694
21376	27050	29559	32701	32645
21408	46998	36644	32705	32681
21440	19799	26998	32677	32639
21472	51886	39620	32689	32690
21504	14328	23693	32681	32686
21536	51889	44469	32662	32641
21568	9125	21423	32729	32652
21600	51893	47343	32664	32687
21632	9088	17957	32682	32626
21664	51890	65505	32665	32707
21696	7964	11168	32680	32642
21728	51891	54691	32656	32694
21760	6667	14850	32692	32682
21792	51894	52107	32621	32684
21824	8435	13714	32678	32719
21856	50240	49724	32632	32642
21888	12067	12046	32682	32644
21920	47090	45573	32623	32626
21952	16967	18497	32665	32650
21984	42908	43530	32755	32613
22016	22626	20447	32668	32663
22048	37785	39746	32753	32641
22080	30720	24791	32715	32685
22112	33014	34346	32685	32633
22144	39102	29350	32697	32622
22176	27673	32439	32687	32601
22208	46141	35652	32694	32684
22272	51891	65505	32651	32707
22336	51889	43278	32673	32646
22400	51900	45704	32670	32668
22464	51892	48475	32657	32696
22528	51887	50178	32635	32694
22592	51885	65504	32629	32644
22656	51606	48902	32626	32665
22720	48026	46879	32618	32660
22784	43982	45321	32748	32687
22816	22529	20611	32663	32686
22880	29305	25411	32732	32682
22944	37278	29036	32700	32655
23008	44552	35025	32706	32642
23072	51886	38665	32703	32695
23136	51881	42040	32689	32675
23200	51890	45782	32692	32672
23264	51883	49162	32637	32685
23328	51891	65507	32644	32685
23360	6459	10179	32687	32637
23424	7956	10946	32698	32695
23488	10407	12107	32660	32694
23552	15253	17549	32648	32646
23584	43048	45533	32623	32647
23648	38766	39271	32733	32640
23680	28003	23646	32734	32683
23712	34361	36084	32680	32667
23776	29617	33178	32671	32623
23808	42867	32789	32696	32674
23840	23316	30283	32687	32677
23904	16772	21383	32698	32605
23968	14057	19499	32708	32674
24032	7079	16061	32673	32658
24064	51899	46984	32648	32659
24096	7160	14422	32691	32660
24128	51888	48362	32642	32688
24160	6038	13212	32693	32649
24224	8324	12627	32678	32639
24288	9977	13658	32647	32699
24352	15033	15624	32675	32707
24416	19792	19917	32753	32666
24480	28763	23677	32757	32665
24512	31536	38899	32682	32665
24544	37326	28402	32702	32691
24576	31413	33634	32698	32671
24608	43289	32453	32714	32682
24640	26082	30334	32685	32630
24672	51888	38808	32725	32703
24704	18495	27360	32690	32667
24736	51884	42388	32689	32713
24768	15547	22963	32684	32679
24800	51896	46172	32687	32664
24832	9401	20872	32687	32706
24864	51902	48588	32661	32697
24896	8649	18027	32695	32643
24928	51897	65503	32680	32669
24992	51894	50128	32618	32699
25056	51889	51442	32629	32681
25088	9668	14582	32664	32646
25120	49486	50001	32637	32645
25152	13634	16825	32692	32688
25184	46052	46464	32639	32688
25248	40977	43208	32741	32674
25312	34785	39704	32681	32589
25376	30534	36025	32651	32663
25440	24220	30696	32700	32649
25504	19434	27663	32716	32644
25568	13651	24966	32693	32619
25600	51889	65506	32665	32693
25664	51884	49146	32702	32628
25728	51898	49529	32661	32666
25792	51896	49949	32644	32649
25824	7179	13758	32659	32619
25856	51889	52785	32642	32660
25888	9121	13567	32643	32696
25920	49838	48736	32619	32638
25952	12614	15500	32658	32718
25984	45389	46836	32626	32684
26016	18087	19435	32710	32696
26048	41114	44921	32746	32647
26080	24925	22599	32654	32683
26112	37947	38487	32713	32611
26144	32790	30251	32730	32688
26176	31160	34563	32660	32658
26208	39691	35921	32716	32693
26240	26304	27161	32701	32667
26272	47722	34765	32701	32645
26304	21317	26247	32704	32641
26336	51882	38775	32709	32683
26368	15504	22976	32691	32669
26400	51888	42158	32715	32685
26432	12757	17332	32714	32669
26464	51885	45535	32704	32723
26496	9361	16153	32705	32699
26528	51891	48411	32643	32648
26560	5928	15312	32681	32661
26592	51898	65502	32614	32639
26624	7392	9922	32677	32651
26656	51888	50735	32617	32646
26688	7988	9322	32677	32660
26720	49578	46990	32629	32639
26752	11921	14721	32691	32688
26784	45907	45922	32601	32651
26816	17162	17130	32683	32696
26848	42499	42918	32752	32633
26880	23123	21022	32656	32706
26912	37945	40172	32687	32614
26944	30283	25559	32727	32683
26976	31472	36433	32669	32645
27008	39108	33626	32688	32684
27040	27078	28757	32683	32609
27072	46867	34689	32681	32658
27104	22034	27912	32680	32630
27136	51878	38954	32706	32722
27168	14479	22243	32700	32612
27200	51889	41408	32719	32690
27232	12973	17729	32684	32688
27264	51889	44597	32710	32676
27328	51894	48060	32666	32671
27392	51896	50549	32638	32642
27456	51900	65504	32639	32664
27520	50207	49033	32626	32672
27584	47118	47341	32614	32678
27616	15984	16437	32652	32687
27680	22566	21065	32643	32676
27744	30305	25266	32760	32676
27808	37193	30267	32685	32719
27872	44711	39434	32669	32643
27936	51887	38130	32699	32688
28000	51892	41728	32669	32686
28064	51903	44852	32682	32671
28128	51898	48580	32645	32655
28160	6937	15561	32693	32699
28224	6751	13121	32684	32709
28288	6103	13705	32673	32683
28352	10516	16036	32666	32676
28416	17119	14657	32648	32723
28480	24384	20735	32707	32660
28512	38405	41164	32729	32661
28576	30793	39809	32678	32683
28640	25804	31866	32660	32615
28704	20585	29493	32685	32656
28768	21048	25701	32673	32667
28832	15718	20688	32696	32676
28896	5736	18976	32695	32637
28960	6163	13830	32687	32619
29024	8485	15508	32645	32634
29088	9536	9340	32661	32677
29120	51774	49616	32629	32630
29152	10924	15468	32657	32660
29184	49130	48667	32638	32656
29216	16151	13968	32660	32615
29248	45931	43898	32617	32644
29280	21125	19440	32647	32685
29312	40240	43090	32762	32696
29344	28442	22772	32766	32678
29376	35577	36237	32677	32662
29408	35226	31402	32665	32677
29440	30198	30598	32647	32623
29472	42714	32499	32693	32709
29504	21799	29918	32690	32665
29536	51882	44130	32702	32699
29568	21222	21124	32705	32629
29600	51889	40531	32708	32608
29632	15040	20195	32679	32646
29664	51880	42930	32658	32688
29696	10937	16466	32676	32700
29728	51885	46438	32660	32757
29760	7598	14989	32691	32726
29792	51895	48837	32664	32629
29824	6957	13253	32676	32685
29856	51890	51158	32645	32686
29888	4883	13174	32690	32688
29952	9686	14128	32645	32703
29984	46956	48881	32620	32640
30016	15529	15434	32690	32691
30048	44586	45674	32604	32671
30080	20917	19265	32663	32654
30112	41120	43666	32738	32625
30144	26859	23028	32663	32675
30176	37373	40013	32678	32667
30208	34213	27675	32717	32728
30240	31839	34497	32695	32661
30304	20191	31612	32698	32688
30336	51887	37292	32699	32673
30368	15600	27607	32695	32629
30400	51895	41513	32687	32648
30432	13294	22709	32708	32644
30464	51898	45054	32712	32682
30496	12312	20646	32692	32677
30528	51891	47603	32679	32642
30560	9672	15734	32676	32658
30624	6138	15529	32686	32681
30656	51891	52699	32625	32636
30720	51892	51685	32626	32655
30784	48832	49619	32621	32668
30848	46352	46600	32610	32662
30912	41252	44215	32754	32662
30944	25360	22656	32730	32729
31008	32592	27966	32757	32703
31072	41380	32396	32695	32657
31136	49023	36868	32697	32695
31200	51886	64424	32685	32680
31264	51890	45292	32679	32650
31328	51891	46499	32690	32659
31360	6930	15618	32667	32623
31424	8378	14090	32693	32646
31488	5605	13914	32665	32644
31552	8265	15044	32687	32675
31584	47546	50291	32638	32624
31648	44018	47690	32615	32720
31712	41029	43720	32731	32672
31744	26307	21609	32647	32651
31776	39422	40273	32743	32688
31840	29562	36985	32681	32606
31904	29806	30569	32703	32608
31936	48575	34515	32710	32663
32000	51891	40724	32669	32673
32064	51899	44302	32686	32673
32096	11994	19847	32691	32653
32128	51902	46481	32686	32696
32192	51890	49844	32644	32647
32224	7827	15022	32699	32631
32256	51892	51316	32645	32655
32288	7589	14290	32674	32707
32320	51887	64996	32608	32689
32352	7216	14547	32676	32710
32384	49023	50791	32599	32656
32416	11702	16322	32678	32682
32480	18263	18505	32684	32700
32512	39241	45346	32702	32661
32544	25738	21969	32671	32663
32608	31145	26900	32768	32683
32672	39562	30267	32718	32650
32704	29857	33528	32682	32625
32736	46875	34884	32688	32697
32800	51886	39173	32715	32703
32832	18914	23129	32678	32617
32864	51888	42818	32722	32633
32928	51887	65504	32672	32675
32960	8760	14667	32703	32672
33024	7741	15028	32693	32671
33088	7003	13781	32709	32721
33152	7980	13831	32648	32731
33184	50882	49956	32622	32672
33216	10814	15301	32654	32660
33248	47361	48467	32604	32634
33280	16044	15691	32680	32709
33312	44141	43835	32711	32620
33344	21750	20840	32666	32708
33376	38796	39493	32775	32646
33440	34477	33834	32697	32633
33472	36875	29178	32698	32645
33504	27624	33282	32681	32627
33536	44374	38313	32698	32641
33568	23916	24455	32685	32620
33600	51869	37250	32718	32685
33632	16779	24502	32691	32647
33664	51884	40550	32679	32646
33696	13587	20268	32680	32671
33728	51882	44061	32682	32643
33760	10075	15890	32697	32675
33792	51892	46870	32643	32679
33824	6572	13494	32703	32708
33856	51887	48713	32637	32684
33888	6408	11733	32705	32650
33920	51897	49121	32624	32636
33952	7503	12521	32648	32697
33984	51060	49928	32624	32707
34016	10268	11232	32702	32682
34080	14366	15782	32683	32678
34112	43100	43373	32644	32630
34144	21534	18939	32659	32661
34208	28546	23393	32765	32663
34272	35743	30633	32729	32658
34336	43274	33486	32688	32691
34368	23119	30543	32678	32660
34400	51886	36350	32711	32704
34464	51876	65506	32689	32685
34528	51888	45364	32690	32647
34560	10402	19644	32673	32667
34592	51894	65504	32676	32673
34624	5434	12129	32657	32653
34656	51892	65505	32620	32628
34688	3781	8217	32710	32679
34720	51893	48506	32617	32649
34752	9920	10970	32677	32716
34816	10763	11816	32645	32662
34848	49128	47700	32596	32673
34880	14077	15425	32665	32696
34912	44727	45276	32630	32716
34944	19676	18878	32670	32688
34976	39902	42416	32738	32602
35008	26152	24011	32759	32705
35040	33515	39126	32682	32666
35072	35614	27192	32716	32689
35104	29488	33611	32696	32638
35136	42283	32841	32694	32683
35168	21454	31459	32698	32686
35200	51896	37815	32664	32681
35232	12853	28539	32689	32634
35264	51899	65506	32710	32698
35296	16623	18928	32679	32650
35328	51894	44989	32674	32716
35360	12774	20838	32689	32700
35392	51899	65505	32649	32675
35424	8281	12166	32733	32674
35456	51896	65504	32644	32657
35488	5568	10914	32701	32662
35552	8087	8500	32676	32643
35584	51898	47824	32641	32627
35648	50177	46615	32615	32650
35712	45343	45615	32629	32656
35776	38671	43044	32735	32649
35808	26659	22464	32730	32677
35840	32632	38402	32668	32632
35872	33976	27371	32730	32685
35904	30421	34983	32687	32671
35968	25554	32502	32686	32673
36000	51887	43849	32686	32681
36064	51888	41186	32678	32655
36096	12751	23118	32719	32710
36160	11714	20381	32688	32678
36192	51893	65503	32666	32695
36256	51895	49543	32640	32667
36320	51894	51075	32639	32653
36384	51477	50070	32630	32658
36416	9690	13613	32660	32652
36480	13540	15595	32683	32708
36512	47024	47193	32611	32642
36544	18373	18679	32650	32667
36576	42328	43566	32732	32649
36608	24738	22150	32717	32701
36640	36896	39655	32720	32659
36672	32978	25482	32745	32654
36704	32084	34975	32701	32656
36736	39984	31433	32665	32732
36768	25128	31232	32671	32684
36832	19959	28205	32679	32626
36864	51884	41346	32689	32664
36896	16992	24914	32692	32677
36960	11469	21273	32716	32648
36992	51884	65503	32655	32685
37024	8620	13447	32701	32636
37056	51888	50364	32630	32651
37088	6046	15936	32681	32668
37120	51896	65449	32630	32659
37152	5818	13740	32678	32684
37184	51860	51301	32621	32661
37216	7843	14047	32668	32630
37248	48301	49991	32616	32674
37312	44168	47915	32622	32635
37376	43823	44442	32753	32637
37408	24074	21571	32638	32667
37440	38620	40350	32704	32643
37504	26716	37190	32683	32608
37568	27756	32460	32675	32685
37600	47305	35795	32691	32694
37664	51894	48751	32668	32640
37728	51891	43743	32678	32690
37792	51892	45683	32656	32654
37824	9803	15657	32703	32638
37856	51892	48970	32640	32650
37888	5536	16075	32679	32679
37920	51893	65505	32636	32626
37952	6928	10344	32720	32620
37984	51900	51673	32632	32637
38048	50824	47855	32637	32663
38080	11705	14403	32650	32667
38112	47338	45949	32617	32617
38144	16896	16344	32653	32683
38176	43567	43930	32738	32628
38208	22721	20494	32655	32678
38272	30033	26317	32743	32657
38304	33413	32642	32656	32644
38336	38413	29433	32715	32708
38368	28568	31470	32683	32670
38400	46175	33388	32707	32656
38464	51882	47112	32687	32645
38528	51895	43557	32700	32669
38560	12746	22025	32684	32668
38592	51885	45693	32680	32701
38624	9955	16294	32680	32642
38656	51887	47155	32658	32694
38688	3515	15132	32691	32676
38720	51902	65506	32668	32645
38752	5898	9056	32683	32676
38784	51721	50473	32613	32649
38816	9155	14555	32674	32661
38848	51305	49861	32605	32662
38880	12192	13364	32628	32661
38912	48442	46754	32627	32682
38976	43308	46097	32714	32647
39008	22378	18024	32666	32638
39040	38878	37754	32736	32620
39072	29938	23827	32779	32706
39104	33910	37159	32676	32645
39168	28489	34228	32694	32669
39232	22380	29327	32685	32652
39296	18643	24430	32697	32636
39360	13688	21335	32718	32677
39392	51882	45767	32699	32664
39424	10656	17944	32673	32676
39456	51889	48219	32657	32674
39520	51895	51066	32648	32659
39584	51897	65491	32631	32700
39648	50973	48942	32632	32654
39712	47391	48352	32621	32688
39744	14745	16932	32661	32674
39776	44453	45103	32666	32671
39808	21256	19872	32657	32661
39840	38861	42360	32741	32689
39872	27689	24635	32729	32685
39936	35329	29041	32680	32688
39968	22645	35279	32672	32593
40000	45560	32982	32687	32700
40064	51896	38201	32694	32654
40128	51892	41810	32736	32684
40160	15163	22801	32694	32700
40192	51891	45449	32660	32696
40256	51891	47793	32677	32639
40288	7677	15454	32669	32665
40352	6289	15764	32681	32668
40384	51889	65502	32619	32661
40416	7969	8519	32688	32657
40480	10255	13660	32683	32636
40544	14275	16423	32655	32664
40576	45022	46115	32638	32629
40640	40870	42762	32714	32634
40704	33475	40089	32681	32614
40736	34929	27768	32702	32685
40768	28483	34711	32690	32658
40832	24409	30870	32681	32676
40864	51884	36965	32725	32695
40896	19061	28611	32696	32656
40928	51897	65505	32692	32667
40992	51892	43992	32682	32693
41056	51891	47300	32646	32675
41120	51895	49824	32641	32656
41184	51900	51399	32615	32647
41216	7693	13974	32724	32680
41248	51896	51529	32616	32676
41280	9632	13957	32689	32666
41312	48935	49088	32619	32668
41344	13600	16387	32649	32641
41376	44579	46731	32599	32693
41408	19924	19503	32660	32701
41440	40624	43877	32719	32641
41472	26741	23821	32788	32691
41536	35454	31868	32712	32681
41568	29796	30482	32687	32670
41600	43748	33986	32705	32717
41632	23836	31331	32680	32681
41664	51880	35883	32698	32666
41696	15181	28037	32703	32610
41728	51887	38850	32702	32708
41760	8163	24481	32708	32636
41792	51894	40297	32682	32659
41824	4794	21252	32703	32674
41856	51897	43611	32673	32652
41888	4044	16855	32674	32693
41920	50357	45754	32642	32651
41952	9344	14331	32646	32644
41984	45990	48578	32623	32666
42016	17220	14618	32683	32652
42048	41608	50283	32609	32634
42080	23197	12904	32757	32666
42112	33865	50946	32718	32674
42144	29875	13414	32770	32680
42176	26691	50231	32738	32619
42208	36600	14904	32764	32698
42240	29477	47820	32718	32665
42272	40469	18122	32760	32702
42304	26577	44957	32781	32655
42336	51903	21261	32775	32689
42368	10160	40993	32752	32622
42400	50967	25752	32704	32717
42432	14460	37200	32675	32611
42464	51688	30357	32686	32655
42496	12805	32480	32698	32636
42528	51891	34595	32642	32693
42560	9657	28512	32683	32696
42592	51831	38852	32640	32648
42624	12903	24397	32655	32705
42656	50777	42689	32630	32618
42688	17248	20358	32773	32629
42720	46154	46561	32643	32695
42752	22161	17635	32793	32684
42784	39198	50878	32699	32701
42816	32048	13702	32828	32686
42880	38938	13896	32765	32644
42944	41114	15129	32742	32666
43008	46903	18856	32767	32691
43072	51170	21343	32790	32653
43136	51812	25783	32791	32658
43200	51895	29073	32658	32659
43264	51879	34778	32676	32673
43328	51620	38920	32651	32680
43392	48130	44313	32648	32667
43456	43871	46849	32651	32708
43520	39024	49989	32744	32644
43552	34697	17150	32791	32648
43584	34500	65501	32701	32682
43648	27475	65504	32712	32657
43680	41001	10540	32743	32731
43712	22663	50820	32752	32660
43776	19571	49362	32713	32606
43808	50042	17254	32757	32662
43840	15431	46192	32712	32641
43872	51887	19546	32715	32678
43936	51897	23113	32759	32643
44000	51826	26582	32740	32702
44064	51899	28516	32668	32629
44128	51893	32187	32653	32681
44192	51115	36767	32659	32670
44256	45904	41270	32631	32673
44320	40248	44876	32624	32687
44384	33344	47496	32655	32662
44448	24393	49840	32734	32644
44512	16957	52102	32706	32668
44576	11085	51064	32738	32623
44608	47871	16621	32783	32692
44640	13192	44384	32729	32658
44672	51833	19888	32785	32649
44704	14034	42182	32737	32642
44736	51910	23386	32740	32683
44800	51887	28480	32668	32700
44832	14647	35730	32664	32612
44864	51817	32144	32687	32709
44896	19148	31685	32645	32650
44928	49130	44330	32688	32651
44960	19696	22601	32766	32619
44992	46421	65506	32668	32692
45024	24722	17242	32753	32682
45056	41854	43924	32610	32615
45088	28996	16884	32776	32701
45120	35159	46437	32703	32656
45152	38454	12874	32767	32609
45184	31174	50017	32733	32678
45216	39481	14211	32720	32618
45248	24665	51696	32699	32623
45280	40266	14008	32768	32665
45312	20221	50347	32764	32639
45344	43612	13505	32784	32650
45408	46037	16030	32776	32665
45440	14254	45604	32758	32652
45472	49041	18999	32763	32614
45504	11099	41715	32736	32680
45536	51770	23969	32748	32709
45568	11503	38932	32657	32641
45632	13437	34526	32679	32685
45664	51672	32829	32687	32702
45696	17341	31843	32660	32637
45728	50277	43868	32677	32703
45760	18263	22868	32733	32695
45824	23944	20612	32762	32669
45856	41377	43346	32645	32693
45920	35950	48335	32732	32686
45984	28481	51073	32731	32652
46048	22811	51367	32736	32730
46112	18785	50703	32727	32663
46176	17485	49248	32731	32696
46240	12337	46123	32741	32682
46304	11558	42754	32744	32631
46368	12662	35842	32682	32715
46432	12795	31807	32679	32677
46496	14008	31869	32653	32666
46528	50017	41223	32669	32749
46592	46193	39593	32643	32624
46656	40986	42631	32628	32701
46720	34706	65507	32687	32695
46784	30825	65505	32640	32627
46848	25581	48585	32735	32626
46880	42644	13137	32737	32672
46912	21424	49165	32768	32707
46944	45756	12855	32777	32694
46976	16998	48045	32729	32704
47008	45490	13773	32768	32676
47040	14411	46086	32743	32652
47072	48536	16935	32775	32640
47104	11622	43345	32729	32669
47136	51616	24187	32772	32715
47168	11929	35680	32656	32656
47200	50917	33587	32671	32662
47232	11081	29628	32665	32731
47296	16990	31297	32654	32677
47360	17242	24703	32737	32615
47392	48214	38461	32635	32629
47424	20896	22835	32747	32651
47456	44033	42656	32634	32682
47488	24157	17106	32808	32615
47520	38565	46300	32627	32650
47552	28328	15413	32800	32701
47584	36146	65506	32599	32677
47616	30351	9254	32742	32672
47648	30654	46907	32706	32707
47680	34472	13904	32700	32647
47712	25953	65499	32685	32685
47744	38277	9637	32771	32705
47776	19306	48258	32723	32650
47840	14707	46468	32733	32659
47904	12982	43828	32723	32680
47968	12206	39054	32714	32610
48032	12229	36162	32686	32632
48064	51766	31783	32692	32652
48096	14640	34150	32647	32690
48128	51846	41066	32625	32648
48160	18678	24960	32643	32673
48192	50272	40719	32652	32711
48256	45422	41966	32634	32699
48288	24006	18440	32793	32655
48320	39862	46513	32622	32695
48352	29748	14904	32760	32689
48384	33493	48699	32722	32603
48416	35538	14804	32758	32609
48448	28350	65365	32711	32638
48480	40637	13913	32767	32735
48512	23010	51845	32718	32652
48544	44603	14492	32804	32707
48576	19610	50309	32744	32693
48608	47030	16419	32787	32658
48672	47269	17835	32744	32648
48736	50108	22605	32762	32685
48768	11348	42193	32731	32627
48800	51776	26802	32755	32638
48832	12727	38315	32673	32622
48896	13247	34800	32677	32699
48928	51735	32058	32679	32701
48960	14526	32472	32679	32686
48992	51320	35069	32670	32649
49024	17353	29231	32738	32659
49056	48394	39104	32647	32665
49088	20215	24077	32766	32665
49152	24612	20730	32777	32689
49184	39349	46547	32642	32669
49216	30120	17384	32710	32620
49280	34985	14523	32772	32727
49344	39557	13610	32789	32630
49376	17182	65503	32727	32676
49440	15369	47621	32729	32695
49504	13016	45708	32735	32661
49568	13961	42541	32693	32675
49600	51383	21820	32781	32662
49632	12175	41221	32759	32619
49664	51728	24921	32789	32648
49696	12522	37605	32691	32619
49728	51764	28826	32657	32713
49760	14947	32906	32701	32670
49792	50785	33469	32651	32686
49824	17699	28073	32761	32640
49856	48732	37592	32670	32714
49920	44421	42615	32658	32718
49984	39942	46506	32641	32651
50016	30479	17822	32778	32700
50048	34686	49589	32728	32670
50080	32918	15932	32770	32666
50112	31280	65480	32776	32690
50144	36750	14080	32759	32681
50176	26711	54614	32708	32592
50208	41176	14559	32738	32713
50272	45179	16013	32756	32696
51072	19973	17506	32668	32628
51904	37556	46327	32626	32671
52672	17686	15624	32669	32639
53312	51888	51634	32639	32644
53952	10499	18124	32718	32626
54592	51872	37205	32701	32719
55200	27852	22451	32762	32690
55840	49542	48204	32605	32670
56512	51903	51331	32626	32681
57120	51886	42818	32685	32701
57696	31107	37306	32692	32628
58304	46057	46903	32605	32649
58912	51902	49272	32643	32696
59520	51891	42551	32704	32694
60096	32868	39293	32669	32617
60672	11605	11995	32675	32694
61248	51901	45625	32644	32649
61824	23460	31824	32670	32654
62432	40236	45532	32760	32661
63008	7762	14008	32658	32682
63616	11664	19320	32700	32632
64192	42759	37095	32674	32702
64800	18783	16837	32743	32678
65376	51895	65504	32635	32660
65952	12259	24742	32667	32627
66560	31099	38659	32702	32618
67168	43963	49135	32624	32635
67776	51900	49697	32631	32639
68352	13668	25699	32680	32624
68928	31113	23060	32727	32689
69536	12459	12955	32683	32691
70144	7353	11460	32686	32626
70752	18329	25726	32689	32672
71392	37475	27052	32691	32700
72032	43575	45803	32636	32646
72704	49293	50830	32624	32667
73312	51892	46719	32660	32667
73888	18101	32457	32696	32631
74496	41069	42445	32752	32707
75104	50714	50705	32644	32656
75680	11240	14947	32680	32664
76256	41180	29540	32714	32683
76864	20123	17773	32647	32707
77472	7288	9900	32685	32655
78048	51891	42564	32705	32681
78624	31132	39277	32673	32702
79232	46484	47851	32629	32641
79840	51892	51599	32666	32646
80384	51890	38190	32713	32681
80928	24117	19573	32660	32689
81472	5912	14435	32692	32662
82016	17316	24686	32690	32673
82528	24118	19846	32664	32722
83072	5185	14422	32718	32659
83584	51901	37366	32702	32654
84096	43166	45048	32725	32683
84608	6789	17481	32691	32667
85120	45274	32339	32677	32671
85632	47102	48678	32601	32650
86144	9050	18738	32716	32617
86624	34289	39304	32672	32695
87200	10006	13271	32686	32672
87744	11432	18250	32672	32645
88256	36605	27047	32715	32647
88768	51644	58279	32638	32654
89248	51884	41837	32686	32683
89760	39741	45433	32746	32627
90272	4644	15529	32680	32656
90816	19755	27590	32694	32627
91296	40610	47563	32636	32646
91776	51895	65504	32662	32661
92256	35547	26200	32751	32675
92736	7155	11884	32692	32717
93216	18806	28556	32694	32666
93696	45242	48233	32618	32664
94176	51890	46876	32660	32638
94656	33042	25997	32719	32663
95136	7239	12714	32685	32679
95648	51899	39193	32667	32653
96128	19771	17606	32679	32737
96608	8105	16978	32671	32617
97088	24882	35595	32676	32624
97600	9621	14493	32663	32678
98080	16000	24114	32693	32619
98656	33607	26516	32739	32704
99104	51890	51981	32638	32700
99552	25565	32863	32690	32670
100032	49487	53148	32637	32667
100544	14289	20675	32694	32674
101056	34987	25511	32741	32682
101536	7279	13890	32673	32693
101984	50648	33578	32717	32656
102464	14625	15163	32665	32700
102944	12717	19940	32701	32672
103424	31670	42189	32746	32630
104000	9327	9356	32678	32682
104480	16009	24294	32690	32702
104960	38777	46746	32727	32598
105440	51890	47654	32669	32667
105920	39804	29321	32698	32694
106400	6950	14232	32677	32700
106848	51889	38213	32685	32687
107328	17453	17456	32654	32693
107808	3380	18193	32685	32634
108320	39347	29928	32725	32597
108832	50912	52632	32603	32629
109312	51892	65505	32716	32691
109824	35981	34536	32684	32731
110336	3927	8995	32692	32684
110848	51890	39323	32702	32651
111392	24648	24011	32667	32681
111904	51887	50374	32643	32670
112416	13934	23036	32703	32620
112928	19679	17185	32652	32687
113440	51899	65504	32648	32666
113984	51884	37323	32698	32669
114560	42752	39866	32727	32672
115072	6825	13421	32691	32734
115616	20066	26000	32660	32641
116128	18830	17333	32681	32686
116640	51877	65503	32669	32658
117184	51893	46237	32677	32638
117696	44983	46898	32618	32677
118208	7765	10815	32735	32658
118752	23404	30724	32674	32661
119264	13259	15478	32680	32628
119744	11774	11150	32727	32685
120224	34189	38178	32698	32623
120704	51888	59054	32657	32611
121184	51877	38010	32683	32755
121664	15403	19773	32651	32671
122144	9330	12281	32687	32633
122624	35746	37136	32685	32657
123104	51892	50564	32663	32673
123584	51884	65503	32686	32703
124064	14431	15993	32677	32717
124544	18198	15963	32650	32666
125024	33678	35588	32680	32625
125504	51892	48361	32637	32677
125984	51866	36091	32686	32673
126496	42341	43645	32672	32686
126976	51888	65505	32677	32714
127488	25272	27525	32686	32641
128032	47587	43508	32606	32652
128512	51895	46843	32688	32704
128992	28857	27021	32768	32670
129472	6193	14774	32677	32695
129952	24116	24514	32679	32668
130432	46845	43617	32615	32651
130912	51886	40598	32666	32709
131456	38831	30435	32683	32677
131936	7666	12283	32710	32680
132480	14712	18319	32702	32662
132992	31181	29883	32740	32711
133504	51891	51976	32640	32677
134048	51885	41069	32686	32660
134528	23799	22672	32674	32645
135008	5826	15122	32714	32696
135520	47171	36271	32669	32692
136000	12313	12756	32668	32687
136512	51894	65504	32660	32717
137024	31973	35258	32679	32627
137504	51864	53350	32637	32638
138016	16036	21325	32714	32633
138496	41222	42428	32747	32627
139008	6030	10394	32677	32623
139520	51867	36535	32692	32661
140032	45148	43443	32597	32649
140544	7919	15254	32694	32690
141056	40865	34442	32709	32680
141568	49060	43452	32634	32617
142080	11535	10297	32672	32672
142592	35644	33981	32741	32705
143136	9977	11210	32661	32696
143648	51876	65506	32660	32662
144160	34571	30479	32702	32658
144672	6904	10245	32690	32646
145184	51895	41136	32695	32703
145728	29000	24286	32745	32707
146240	51890	48233	32657	32618
146784	51882	43678	32724	32677
147328	28558	25334	32755	32641
147872	8550	11417	32702	32665
148416	12550	17002	32747	32644
148928	28500	30520	32759	32643
149472	6982	12848	32719	32678
149984	51893	40590	32716	32675
150528	29172	28222	32736	32705
151040	51896	53339	32639	32662
151584	51887	65504	32702	32661
152128	31138	24655	32755	32731
152672	11926	11077	32701	32622
153216	8073	17451	32682	32683
153760	35888	36738	32683	32652
154272	6343	11578	32688	32693
154848	51888	47834	32683	32673
155456	47176	34615	32691	32637
156032	41402	40697	32757	32652
156576	51890	65501	32647	32690
157152	16520	20231	32714	32622
157760	34533	30742	32685	32709
158400	15635	18120	32679	32681
158976	51903	50489	32647	32696
159552	14843	22681	32694	32684
160160	33090	34826	32674	32611
160768	43393	45446	32730	32673
161376	51625	50956	32678	32661
161952	7129	29467	32721	32638
162560	13369	44045	32780	32472
163168	20823	52841	32675	32579
163776	28179	48612	32729	32552
164384	51880	19666	32666	32806
164992	24226	9773	32729	32611
165600	44661	12879	32780	32813
166208	51818	11407	32616	32868
166816	51402	65504	32667	32621
