timestamp	ch1	ch2	ch3	ch4
0	32655	19565	32760	34886
0.016	34864	40157	32481	29635
0.048	34376	40304	32751	23554
0.08	33975	40433	32855	20465
0.104	33700	16600	32808	45998
0.128	33510	39010	32806	17485
0.152	33244	39885	32823	43801
0.176	33163	26007	32498	26521
0.2	32980	19859	32827	34690
0.224	32923	39374	32684	42162
0.256	32815	39494	32500	45647
0.288	32657	39612	32467	44451
0.312	32637	40514	32591	14126
0.336	17382	15360	32680	43656
0.36	34595	39137	32890	27508
0.384	34132	40020	32983	38357
0.408	33882	24035	32423	32993
0.44	33576	21716	32617	41772
0.464	33360	38762	32705	20556
0.496	33082	38824	32488	16815
0.536	32757	15274	32716	44682
0.576	32673	25732	32732	26789
0.616	32557	40119	32882	34894
0.656	32516	39498	32583	42165
0.696	32456	38834	32862	38956
0.736	34317	15385	32762	35529
0.776	33764	26645	32754	33244
0.816	33399	40130	32939	31844
0.856	33132	39511	32552	31000
0.888	32910	39638	32850	30318
0.912	32785	40526	32382	29962
0.944	32659	30477	32591	30035
0.976	32568	26289	32338	29695
1.016	32510	40116	32974	30224
1.064	32503	38764	32554	30642
1.096	32459	38823	32598	30514
1.128	32445	38978	32272	31017
1.16	32447	39128	32694	31064
1.192	32460	39258	32740	31647
1.232	32506	27018	32351	31849
1.264	32543	38745	32604	32371
1.304	32528	16821	32861	32448
1.336	32534	15092	32811	32585
1.368	32535	15992	32885	32704
1.4	32577	19019	32507	32654
1.432	32610	25420	32702	32818
1.464	32649	38751	32762	33248
1.504	32619	17025	32761	32885
1.536	32601	15367	32439	33198
1.568	32558	15785	32649	33029
1.6	32642	18430	32837	33107
1.64	32669	22456	32804	33337
1.672	32679	19574	32524	33348
1.712	32651	40491	32677	32906
1.744	32643	34197	32280	33122
1.784	32630	39956	32810	33047
1.824	32663	39339	32479	32982
1.864	32685	38714	32708	33130
1.912	32648	40485	32568	32738
1.952	32589	39838	32437	32868
1.992	32632	39216	32836	32705
2.04	32663	22179	32126	32732
2.096	32645	38774	32355	32690
2.136	32611	15577	32585	32588
2.176	32607	26863	32848	32431
2.216	32635	40096	32220	32453
2.256	32668	39470	32702	32772
2.296	32639	38801	32377	32746
2.336	32598	15614	32721	32473
2.384	32596	39946	32718	32731
2.424	32627	39329	32860	32815
2.464	32668	38697	32690	32846
2.504	32620	17245	32627	32526
2.544	32612	36885	32722	32761
2.592	32626	39217	32487	32338
2.648	32657	40198	32255	32629
2.688	32638	39574	32795	32746
2.736	32593	15653	32614	32411
2.784	32595	39956	32379	32555
2.84	32643	22262	32278	32560
2.88	32653	40345	32636	32865
2.928	32632	38939	32692	32440
2.968	32611	15306	32790	32746
3.016	32614	40058	32843	32775
3.056	32665	39438	32366	32594
3.104	32636	17075	32861	32757
3.16	32617	39051	32649	32491
3.208	32634	24599	32372	32382
3.264	32661	38716	32750	32888
3.312	32634	40463	32853	32649
3.36	32614	39056	32901	32519
3.408	32624	25109	32536	32405
3.448	32650	40206	32285	32469
3.496	32641	38768	32768	32805
3.544	32611	40599	32413	32603
3.592	32603	39200	32902	32686
3.64	32629	23058	32830	32838
3.696	32639	38760	32412	32709
3.752	32599	39816	32945	32394
3.808	32619	24807	32717	32697
3.872	32661	19992	32517	32875
3.944	32617	40565	32841	32605
4.008	32617	25363	32926	32764
4.064	32663	38658	32648	32846
4.128	32623	38915	32747	32434
4.184	32598	39921	32879	32516
4.248	32652	40183	33043	32793
4.304	32630	17817	32586	32520
4.368	32620	15254	32571	32643
4.424	32623	39298	32924	32688
4.488	32650	39543	32681	32773
4.56	32583	39034	32664	32660
4.624	32632	39316	32882	32681
4.688	32653	39557	32711	32830
4.744	32622	40596	32772	32601
4.8	32617	17060	32258	32406
4.856	32656	39415	32809	32832
4.912	32638	40424	32723	32538
4.968	32598	15149	32869	32698
5.024	32638	39293	32387	32380
5.08	32658	40293	32670	32866
5.144	32625	40562	32794	32763
5.208	32621	24803	32286	32461
5.272	32660	20513	32622	32859
5.336	32599	15709	32558	32711
5.4	32601	16744	32591	32642
5.464	32661	38686	32717	32882
5.52	32631	39667	32744	32754
5.576	32614	27655	33002	32574
5.632	32629	21666	32906	32772
5.696	32638	38647	32682	32741
5.744	32620	40586	32731	32456
5.8	32597	16999	32806	32703
5.856	32657	39422	32928	32806
5.912	32634	40449	32457	32693
5.968	32612	15127	32636	32750
6.024	32645	39304	32197	32445
6.08	32666	40313	32649	32848
6.136	32619	16177	32730	32503
6.184	32599	39926	32704	32414
6.24	32633	23411	32825	32834
6.296	32640	38707	32637	32787
6.36	32600	39017	32842	32720
6.416	32626	40040	32717	32488
6.48	32658	40316	32682	32849
6.544	32611	40584	32634	32509
6.6	32613	17072	32731	32644
6.656	32656	39450	32910	32746
6.712	32637	40474	32846	32772
6.768	32567	14943	32564	32566
6.824	32619	39315	33004	32767
6.88	32662	40317	32566	32852
6.936	32621	15557	32714	32724
6.992	32625	39186	32804	32730
7.048	32636	40201	32916	32813
7.104	32626	18123	32716	32475
7.16	32604	39043	32762	32759
7.224	32632	39301	32493	32445
7.28	32663	40294	32756	32905
7.336	32615	16019	32855	32487
7.4	32588	16884	32853	32698
7.456	32654	39417	32680	32771
7.52	32634	39677	32833	32672
7.576	32624	27808	32495	32562
7.632	32625	21204	32810	32646
7.688	32658	39519	32585	32863
7.744	32623	40553	32492	32686
7.8	32601	16297	32586	32744
7.856	32655	39397	32322	32669
7.912	32634	40425	32641	32739
7.96	32611	39016	32320	32382
8.016	32623	40028	32923	32605
8.072	32665	20690	32638	32863
8.136	32622	15757	32870	32675
8.192	32612	39193	32237	32336
8.256	32651	39455	32969	32835
8.32	32628	39687	32738	32505
8.384	32595	39949	32810	32243
8.44	32626	23645	32891	32783
8.504	32628	18296	32813	32528
8.568	32557	15214	32845	32628
8.624	32622	39281	32864	32830
8.68	32662	40279	32679	32920
8.736	32622	15764	32638	32718
8.784	32599	39913	32490	32618
8.84	32638	23621	32914	32692
8.896	32642	38789	32719	32685
8.96	32600	39031	32796	32752
9.016	32627	40048	32601	32597
9.064	32666	38652	32620	32709
9.12	32632	39667	32832	32736
9.176	32623	27539	32570	32701
9.232	32625	21629	32899	32729
9.288	32661	39528	32634	32871
9.344	32624	40561	32908	32707
9.4	32595	16761	32774	32494
9.464	32666	38579	32819	32702
9.52	32629	39664	32806	32625
9.576	32595	27895	32793	32388
9.624	32627	39312	33034	32760
9.68	32671	40312	32700	32891
9.744	32635	40551	32944	32717
9.808	32590	25909	32819	32744
9.872	32672	21004	32496	32870
9.928	32634	38867	32978	32681
9.984	32528	39897	32548	32521
10.048	32635	40167	32813	32808
10.112	32633	40438	32834	32581
10.176	32615	26984	32914	32662
10.24	32640	23779	32904	32804
10.296	32656	38759	32730	32766
10.352	32592	39800	32572	32489
10.408	32629	25422	32495	32608
10.464	32674	38605	32454	32502
10.52	32630	39656	32874	32557
10.576	32574	26909	32769	32600
10.632	32638	20618	32228	32421
10.688	32664	39541	32694	32872
10.752	32612	39789	32561	32512
10.808	32617	25546	32890	32804
10.872	32668	21167	32584	32794
10.928	32630	38866	33047	32718
10.984	32569	39897	32369	32553
11.04	32645	23502	32338	32403
11.096	32647	38765	32873	32801
11.152	32608	39783	32748	32416
11.208	32624	25760	32419	32536
11.264	32660	38578	32814	32830
11.32	32625	39666	32711	32488
11.376	32581	27693	32591	32426
11.44	32640	23678	32747	32588
11.504	32635	18591	32731	32499
11.552	32606	39774	32799	32752
11.608	32618	25906	32809	32688
11.664	32664	38373	32847	32867
11.72	32633	39659	32347	32668
11.768	32540	15282	32600	32476
11.832	32627	20448	32227	32593
11.888	32659	39538	32633	32818
11.944	32630	40572	32690	32802
12	32568	16313	32792	32685
12.056	32647	39387	32895	32769
12.112	32633	40402	32997	32522
12.16	32612	38993	32781	32695
12.216	32569	40013	32855	32755
12.28	32666	40283	32820	32878
12.344	32628	40553	32572	32687
12.4	32576	16501	32739	32444
12.448	32635	40134	32349	32668
12.504	32628	18633	32318	32745
12.56	32612	38984	32250	32500
12.616	32611	40006	32958	32730
12.68	32663	40265	32614	32884
12.744	32629	40542	32941	32576
12.8	32598	16398	32910	32770
12.856	32649	39395	32494	32448
12.904	32632	18193	32833	32841
12.96	32609	39001	32984	32490
13.016	32616	40040	32452	32701
13.064	32650	38342	32416	32455
13.12	32631	39647	32988	32563
13.168	32586	15357	32778	32448
13.224	32625	39260	32403	32631
13.272	32660	20937	32733	32846
13.328	32634	38840	32496	32596
13.384	32620	39888	32860	32664
13.448	32640	40161	32303	32478
13.504	32640	18693	32478	32818
13.56	32604	38981	32678	32375
13.616	32616	40008	32741	32605
13.672	32663	21651	32888	32857
13.728	32637	38850	32466	32690
13.784	32608	39890	32983	32701
13.832	32636	19328	32352	32580
13.888	32663	39498	32670	32825
13.944	32627	40541	32710	32754
14	32606	16047	32744	32472
14.064	32652	37987	32713	32528
14.112	32635	40416	33000	32522
14.168	32581	15108	32771	32681
14.224	32612	39267	32948	32781
14.288	32660	39512	32733	32840
14.344	32629	40515	32923	32592
14.4	32587	16117	32765	32659
14.448	32633	40137	32377	32645
14.504	32648	18731	32590	32768
14.56	32617	39006	32790	32533
14.616	32606	40014	32878	32517
14.672	32661	21727	32469	32713
14.728	32633	38811	32830	32753
14.784	32622	39849	32937	32769
14.84	32629	23884	32506	32705
14.904	32654	18820	32497	32821
14.96	32621	38978	32869	32763
15.016	32615	39989	32777	32395
15.072	32658	22183	32808	32572
15.12	32632	39601	32897	32497
15.176	32618	29298	32932	32562
15.232	32617	19163	32902	32748
15.288	32655	39485	32781	32872
15.352	32614	39734	32586	32722
15.416	32596	39987	32834	32739
15.464	32635	25481	32726	32503
15.52	32632	39576	32875	32680
15.576	32611	30804	32701	32675
15.632	32625	18205	32451	32553
15.704	32657	19528	32675	32737
15.76	32621	38962	32629	32440
15.816	32598	39984	32715	32466
15.864	32633	24980	32806	32800
15.92	32633	39583	32846	32610
15.976	32623	34732	32747	32640
16.032	32615	17949	32490	32378
16.08	32658	40213	32291	32521
16.136	32625	17102	32521	32643
16.192	32602	39079	32875	32504
16.248	32633	40091	32329	32428
16.304	32655	19761	32757	32846
16.36	32626	38935	32819	32720
16.424	32614	39194	32838	32667
16.48	32656	40198	32880	32817
16.536	32630	17086	32805	32738
16.592	32624	39049	32682	32726
16.648	32623	40070	32746	32588
16.704	32651	19547	32680	32848
16.76	32620	38939	32313	32671
16.816	32604	39945	32947	32491
16.872	32633	22166	32546	32726
16.928	32630	38753	32340	32710
16.984	32605	39813	32649	32552
17.048	32619	40069	32590	32557
17.112	32652	40316	32620	32830
17.168	32605	15631	32787	32432
17.224	32615	39174	32599	32611
17.288	32658	39290	32719	31189
17.44	32628	38936	32742	30748
17.488	10396	38386	32719	31824
17.552	24958	28044	32737	32642
17.616	27279	31109	32779	33195
17.68	32278	31334	32756	34278
17.744	32566	32317	32756	34643
17.808	34871	35815	32756	34578
17.872	37793	35854	32740	34658
17.936	35615	34857	32734	34292
18	36065	35749	32771	33724
18.064	37244	33127	32807	33105
18.128	35597	33855	32702	33283
18.192	32651	33568	32709	32938
18.248	32509	32077	32761	32514
18.304	35517	33401	32683	32256
18.36	34043	33679	32716	32111
18.416	33091	34467	32694	32245
18.472	32861	30643	32725	32425
18.528	33518	33610	32722	32297
18.584	31826	33357	32738	32285
18.64	32932	31481	32732	31983
18.696	31471	32057	32709	32237
18.752	31800	33954	32689	32019
18.808	31696	34127	32674	32608
18.856	31677	33532	32720	32612
18.92	32268	32145	32745	32319
18.976	31734	31843	32708	32603
19.048	31645	35102	32656	32598
19.112	31474	32285	32717	32401
19.176	30937	32167	32635	32201
19.232	30033	31370	32698	32409
19.28	32806	32024	32782	32429
19.328	32549	33178	32659	33067
19.368	32677	32869	32717	32552
19.416	32746	34547	32679	32242
19.464	32967	32712	32761	33032
19.504	34018	30678	32663	32572
19.552	33561	33259	32754	32789
19.592	32841	33161	32685	32815
19.64	32827	31759	32738	32893
19.688	31981	30235	32682	32801
19.728	32809	32200	32603	32721
19.768	32422	32880	32712	32677
19.816	30922	32925	32647	32815
19.856	32653	34052	32741	32664
19.896	32702	34315	32759	32783
19.936	33112	33965	32708	32748
19.976	31724	33626	32698	32917
20.016	32030	33376	32682	32815
20.056	32584	33360	32726	32838
20.096	32730	31067	32755	32458
20.136	32683	30597	32754	32448
20.176	32478	34340	32715	32646
20.216	32078	34478	32758	32062
20.256	32952	32023	32692	32832
20.304	33912	30514	32689	32307
20.344	34166	30832	32732	32755
20.384	31300	31909	32753	32929
20.424	32268	33477	32746	32535
20.464	32283	33034	32715	32466
20.504	32361	31598	32682	32533
20.544	33030	32052	32725	32791
20.584	32145	34445	32760	32610
20.624	31366	31724	32791	32592
20.664	32170	32559	32731	32492
20.704	34669	34507	32660	32532
20.744	34660	34429	32714	33070
20.784	32179	32520	32728	32807
20.824	31717	30484	32777	32676
20.864	32151	33609	32642	32672
20.904	32443	33072	32716	32895
20.944	34219	31218	32681	32713
20.984	32561	33992	32754	32702
21.024	31836	33145	32718	32568
21.064	31577	30602	32681	32582
21.104	33401	31127	32731	32811
21.136	33530	31356	32712	32234
21.176	33016	32528	32697	32698
21.208	32977	34220	32705	32906
21.248	32242	33526	32709	32504
21.28	32037	34115	32720	32499
21.32	33615	30867	32641	32862
21.352	32668	29807	32734	32832
21.392	32758	32237	32740	32731
21.432	31389	34900	32614	32767
21.464	33755	34981	32736	32801
21.496	33641	31804	32668	32276
21.528	33459	33223	32760	32649
21.568	31300	30796	32750	32648
21.6	32167	33577	32654	32724
21.632	30592	33026	32717	32589
21.664	32843	30919	32697	32848
21.696	32528	32219	32775	32784
21.728	32858	31665	32734	32635
21.76	32394	32320	32687	32711
21.792	31828	33688	32723	33062
21.824	31303	33976	32749	32901
21.856	32193	33458	32666	32527
21.888	32632	32552	32706	32788
21.92	33380	31116	32754	32743
21.952	34039	32830	32751	32672
21.992	32812	33023	32738	32904
22.032	31685	34465	32727	32669
22.064	33169	33459	32759	32690
22.104	33692	33786	32730	32903
22.136	32885	32373	32659	32316
22.176	32400	31041	32703	32775
22.208	32669	31688	32680	32481
22.256	32968	31810	32631	32329
22.296	33190	31083	32700	32744
22.336	33567	31674	32705	32868
22.376	33352	34325	32716	32822
22.416	32453	33838	32684	32725
22.456	32518	32929	32700	32647
22.496	32697	31845	32732	32791
22.536	32255	32688	32713	32369
22.576	32829	32446	32695	32874
22.616	31255	33564	32655	32731
22.656	32007	33452	32720	32592
22.696	32053	30392	32749	32830
22.736	33595	34132	32680	32930
22.776	32224	30131	32756	32865
22.816	33107	35362	32757	32754
22.856	31929	34544	32711	32769
22.896	32482	33939	32697	32777
22.936	32048	30397	32760	32121
22.976	32753	30483	32732	32788
23.016	30977	30333	32724	32480
23.056	30663	32320	32720	32765
23.096	31235	35060	32745	32937
23.136	33600	32729	32731	32991
23.176	33988	32830	32728	32521
23.216	33968	34148	32719	32306
23.256	32203	33258	32758	32903
23.296	33114	33802	32718	32592
23.336	34884	37412	32731	32585
23.376	34187	34513	32742	32836
23.416	31894	32696	32712	32389
23.456	31858	31765	32705	32593
23.496	31743	32048	32727	32676
23.536	33759	31627	32715	32368
23.576	33069	32183	32697	32707
23.616	31690	32035	32771	32390
23.656	31927	33678	32744	32502
23.696	31749	33620	32777	32980
23.736	33614	32827	32733	32821
23.776	32864	33165	32705	32472
23.816	32114	31171	32671	32700
23.856	30853	33948	32672	33115
23.896	31684	34574	32680	32647
23.936	33589	31752	32715	32507
23.976	32617	34412	32727	32406
24.016	30621	30374	32666	32933
24.056	31270	31765	32782	32754
24.088	31175	28905	32717	32747
24.128	33413	33206	32727	32476
24.16	33322	31870	32727	32113
24.2	33829	32748	32735	32801
24.24	31945	32760	32665	32854
24.28	29818	32106	32764	32861
24.32	33387	31658	32725	32666
24.352	32203	31668	32781	32923
24.392	32422	32750	32702	32466
24.432	32050	33575	32769	32721
24.472	32955	34835	32712	32754
24.512	33916	33955	32664	32697
24.552	35240	33569	32736	32512
24.592	33386	31457	32758	32509
24.632	32628	35249	32733	32475
24.672	32788	34309	32703	32777
24.712	32135	30932	32715	32746
24.752	33683	31985	32714	33104
24.784	32519	28720	32691	32869
24.824	31925	31816	32714	32612
24.864	30823	34589	32752	32615
24.904	30745	31959	32721	33136
24.944	33425	32260	32735	32613
24.984	34809	33383	32754	32687
25.024	33360	34737	32680	32822
25.064	33926	36114	32735	32595
25.104	32805	31438	32742	32777
25.144	33434	31591	32685	32354
25.184	33100	28904	32728	32558
25.224	32634	34759	32728	32823
25.264	33184	34418	32741	32806
25.296	32580	32339	32782	32728
25.344	33190	32606	32715	32509
25.384	33733	29436	32693	32495
25.424	33423	34096	32697	32359
25.464	32806	33051	32700	32972
25.504	31602	30130	32694	32515
25.544	32759	34335	32732	32298
25.584	34052	32417	32733	32977
25.624	32768	34593	32742	32757
25.664	32667	32484	32747	32715
25.704	31039	27900	32721	32706
25.744	32367	32805	32710	32639
25.784	33642	30535	32691	32571
25.824	32294	31699	32743	32758
25.864	33237	35085	32722	32509
25.904	32449	32885	32676	32542
25.944	33704	32918	32721	32507
25.984	33954	32133	32736	33079
26.024	32271	34176	32770	32742
26.064	32127	35131	32720	32630
26.104	32480	32798	32722	32999
26.144	33413	32343	32735	32522
26.192	33531	33444	32719	32886
26.232	31856	32369	32720	32813
26.272	31565	31816	32717	32657
26.312	29360	28473	32763	32258
26.352	33071	29962	32721	32703
26.392	32231	32241	32749	32866
26.432	32358	32939	32764	32595
26.472	32175	35427	32680	32755
26.512	32598	34124	32671	32615
26.552	34656	34324	32731	32508
26.592	33549	34000	32752	32768
26.632	33286	32917	32723	32554
26.672	32508	33520	32733	32344
26.712	32684	32452	32724	32170
26.752	33068	31752	32735	32984
26.792	33984	32267	32716	32668
26.832	31333	31101	32762	32891
26.872	33276	32364	32762	32939
26.912	31438	32996	32657	32617
26.952	33106	28396	32728	32654
26.984	33095	31101	32711	32705
27.024	32965	32191	32757	32566
27.064	31784	31273	32714	32413
27.104	31147	33559	32636	32902
27.144	33175	31342	32655	32916
27.184	33828	32189	32693	32681
27.224	31681	33265	32672	32604
27.264	30938	32670	32731	32606
27.304	32696	32233	32723	32866
27.344	32220	32572	32760	32750
27.384	32693	31332	32756	32623
27.424	33958	32927	32693	32931
27.464	32182	33353	32643	32996
27.504	30925	31955	32707	32325
27.544	31980	32587	32714	32622
27.584	33537	30621	32650	33158
27.624	32649	31873	32716	32889
27.664	33038	33598	32703	32852
27.696	31808	35782	32692	32072
27.736	33720	32433	32684	32858
27.768	33963	31322	32736	32635
27.808	31476	32392	32739	32534
27.84	32295	33056	32722	32541
27.88	33744	33247	32751	32835
27.912	33331	33875	32726	32304
27.952	33765	33125	32754	32595
27.984	32068	30931	32753	32599
28.024	32756	34829	32779	32779
28.056	30749	30327	32738	32608
28.096	31815	33316	32737	32313
28.136	33389	31553	32676	32314
28.168	32667	32042	32712	32284
28.208	31906	30284	32652	32822
28.248	31620	35823	32763	32550
28.288	31468	32829	32701	32850
28.328	33339	36064	32693	32642
28.36	32524	35600	32758	32729
28.4	32832	31215	32706	32432
28.44	32949	32624	32731	32584
28.472	32624	34019	32692	32780
28.512	32939	35653	32701	32457
28.544	32552	32915	32735	32768
28.584	32770	30322	32717	32834
28.616	33662	33187	32749	32852
28.656	33495	33907	32703	32519
28.688	31177	32675	32731	32555
28.728	32689	33586	32759	32748
28.768	33317	31546	32700	32473
28.808	32703	30611	32689	32750
28.848	32440	33890	32707	32555
28.888	31635	33736	32757	32525
28.928	31117	33900	32733	32674
28.968	31866	29467	32706	32547
29	33130	32204	32766	32891
29.04	33763	34132	32714	32649
29.072	32988	29897	32731	32664
29.112	31431	34154	32727	32794
29.144	32110	32347	32776	32640
29.184	33098	32640	32748	32793
29.216	32774	32374	32719	32904
29.256	31017	29627	32683	32500
29.296	31162	33090	32725	32848
29.336	31631	33053	32677	32455
29.376	32446	33392	32710	32478
29.416	33197	34201	32706	32513
29.456	32482	31677	32734	32448
29.496	32522	33487	32725	32611
29.536	33008	33698	32736	32741
29.576	33997	33469	32765	32860
29.616	33287	29471	32761	32386
29.648	32686	34287	32681	32889
29.688	31939	32839	32691	32644
29.72	31745	33002	32725	32994
29.76	31857	33020	32748	32676
29.8	33756	33093	32717	32658
29.84	31752	34168	32693	32998
29.88	34070	35767	32713	32735
29.92	33764	34468	32741	32847
29.952	31583	29848	32701	32584
29.992	32106	33650	32704	32579
30.032	33212	33657	32675	32484
30.072	33165	34482	32720	32502
30.104	31531	31838	32700	32773
30.144	31566	33917	32702	32896
30.184	33036	30400	32734	33014
30.224	33866	30392	32666	32784
30.264	33988	32953	32664	32592
30.304	32793	31939	32750	32729
30.344	30685	33954	32695	32653
30.384	33886	31869	32624	32676
30.424	32911	32555	32722	32717
30.464	34058	32794	32720	32530
30.504	32708	33609	32608	33018
30.544	32086	33541	32699	32484
30.584	31765	30945	32701	32562
30.624	32061	30028	32680	32845
30.664	33470	30521	32704	32429
30.704	30787	34745	32675	32592
30.744	33018	34429	32709	32507
30.784	32397	32232	32716	32580
30.824	33139	34060	32790	32907
30.864	32384	34367	32762	32703
30.904	34821	33877	32712	32421
30.944	32550	34568	32738	32595
30.984	32736	31890	32698	32920
31.024	32507	31859	32721	32640
31.064	33538	32843	32716	32959
31.104	32948	33360	32656	32362
31.144	31348	30947	32798	32988
31.184	32463	28689	32656	33080
31.224	33169	32337	32758	32792
31.264	33044	31208	32711	32171
31.304	31603	33682	32661	32502
31.344	31552	33962	32720	32891
31.384	33752	31893	32702	32325
31.424	32563	34624	32746	32957
31.464	33389	32767	32740	32723
31.504	31712	33630	32677	32174
31.544	32527	32522	32742	32603
31.584	31359	31791	32599	32646
31.624	32418	31645	32677	32930
31.664	32233	31613	32714	32380
31.704	32350	32142	32713	32924
31.744	30810	33162	32723	32752
31.784	33126	31735	32726	32742
31.824	32579	30833	32666	32217
31.864	32959	32007	32705	32646
31.904	32106	32006	32617	32720
31.944	30718	32480	32724	32446
31.984	32528	32491	32699	32687
32.024	33291	31471	32704	32738
32.064	33460	33833	32705	32962
32.104	31996	33687	32738	32602
32.144	31832	31969	32682	32430
32.184	32531	32819	32682	32831
32.232	33755	33559	32696	32559
32.288	33068	33473	32664	32287
32.328	31821	33705	32722	32497
32.376	30964	31433	32722	33098
32.416	32076	29593	32737	32269
32.456	32824	31455	32771	32813
32.496	34096	33317	32715	32494
32.536	33059	33389	32704	32490
32.576	32837	34550	32730	32468
32.624	32860	32604	32739	32530
32.664	34131	31955	32724	32744
32.704	31991	30732	32720	32971
32.744	31827	33699	32766	32800
32.784	32002	31336	32721	32575
32.824	34125	35116	32789	32692
32.864	33412	32593	32706	32936
32.904	31038	31671	32728	32885
32.944	30055	31563	32717	32665
32.984	33075	33136	32627	32378
33.024	32281	31406	32686	32420
33.064	32043	31033	32728	32627
33.104	32912	30728	32687	32922
33.144	32377	34014	32735	32573
33.184	33165	33636	32738	32780
33.224	33337	31055	32775	32803
33.264	33555	33337	32695	32549
33.304	32508	31837	32752	32668
33.344	30791	31471	32735	32492
33.384	32894	34224	32750	32691
33.424	32650	33084	32709	33289
33.464	32545	32259	32717	32706
33.504	34104	33482	32702	32553
33.544	31725	33340	32712	32381
33.584	32775	32075	32711	32826
33.624	32596	33796	32654	32433
33.664	34029	29837	32734	32650
33.704	33275	32698	32741	32646
33.744	30696	32314	32748	32622
33.784	32365	31516	32733	32834
33.824	32226	33340	32792	32664
33.864	33797	32968	32646	32686
33.904	33207	31878	32752	32387
33.944	31703	34040	32763	32985
33.984	31959	31092	32692	32717
34.024	32011	32130	32685	32524
34.064	34192	31152	32718	32648
34.104	35084	35327	32639	32464
34.144	32666	36058	32718	32461
34.184	33132	32040	32708	32744
34.224	34445	34614	32722	32574
34.264	34024	33279	32751	32573
34.304	33251	32700	32685	32835
34.344	32086	31833	32712	32983
34.384	32860	31980	32745	32805
34.424	32995	33736	32765	32634
34.464	32883	30545	32676	32607
34.504	33142	32638	32713	32405
34.544	31819	34800	32704	32767
34.584	33551	33702	32722	32784
34.624	32462	31734	32752	32657
34.664	33575	32050	32746	32609
34.704	31917	31111	32701	32665
34.744	31628	33119	32683	32590
34.784	31780	33246	32785	32647
34.824	31283	31805	32754	32637
34.864	32063	31844	32702	32641
34.904	31933	32425	32704	32998
34.944	31390	32185	32658	32897
34.984	31353	30564	32727	32560
35.024	31088	33029	32749	32459
35.064	32118	33467	32701	32483
35.104	33008	30733	32705	32755
35.144	31847	34215	32732	32689
35.184	31881	33197	32662	32338
35.224	34482	32645	32640	32620
35.264	33403	31481	32698	32547
35.304	33296	33839	32702	32835
35.344	32426	34441	32724	32684
35.384	32510	31708	32742	32694
35.424	32937	31505	32704	32492
35.464	33617	33285	32742	32799
35.504	34870	32911	32673	32747
35.544	32390	32880	32711	32519
35.584	33264	32608	32722	32639
35.624	34346	29842	32686	32774
35.664	34887	31744	32676	32529
35.704	33940	33875	32692	32873
35.744	32545	31170	32756	32487
35.784	33711	32889	32772	32763
35.824	33435	33958	32738	32913
35.864	33199	30815	32731	32784
35.904	34788	34000	32734	32585
35.944	32105	33026	32740	32640
35.984	31934	33789	32723	32602
36.032	33086	33793	32759	32584
36.072	32796	30619	32758	32730
36.112	32241	32426	32631	32829
36.152	31894	33897	32716	32555
36.192	31874	33893	32704	32684
36.232	32664	31835	32653	32729
36.272	33777	31827	32756	32603
36.312	33547	35731	32722	33000
36.352	32693	32166	32715	32744
36.392	30773	32036	32710	32678
36.432	33640	32911	32720	32475
36.472	32451	31835	32710	32755
36.512	31854	31242	32710	32657
36.552	32896	33241	32731	32731
36.592	31891	34307	32692	32680
36.64	33353	30252	32767	32660
36.68	32278	30933	32749	32838
36.728	32473	34220	32701	32775
36.768	32261	35303	32715	32617
36.808	32204	31595	32689	32601
36.848	34072	31953	32767	33026
36.888	32688	30666	32672	32443
36.928	32753	32567	32741	32559
36.976	32671	35054	32630	32388
37.016	32561	32198	32714	32873
37.056	32521	32486	32750	32718
37.096	32267	33128	32744	32767
37.136	33425	32827	32738	32520
37.176	30871	33240	32678	32465
37.216	31864	32781	32685	32767
37.264	32623	30405	32703	32619
37.304	33738	34362	32704	32472
37.352	31535	32146	32699	32611
37.392	31513	33364	32679	32410
37.44	33877	30871	32735	32941
37.48	32782	31453	32703	32635
37.52	33334	33573	32718	32674
37.56	32162	33980	32711	32717
37.6	32985	30546	32714	32676
37.64	32811	33591	32669	32427
37.68	32726	31783	32718	32576
37.72	33217	34166	32728	32882
37.768	30961	32980	32777	32802
37.816	32985	36619	32759	32649
37.856	32865	33419	32738	32423
37.896	32555	29916	32744	32528
37.936	31575	32918	32780	32676
37.976	32738	32917	32727	32583
38.016	31794	32041	32738	32874
38.056	34329	32249	32694	32838
38.096	33055	32195	32685	32433
38.136	32446	34805	32787	32628
38.176	31714	30538	32687	32430
38.216	32886	31649	32702	32753
38.248	34770	35317	32734	32778
38.288	32760	30068	32657	32459
38.328	32658	33536	32704	32735
38.368	33011	35272	32707	32628
38.4	32263	31703	32735	32580
38.44	33447	33631	32734	32366
38.48	33816	32751	32661	32661
38.512	32928	32489	32727	32719
38.552	31924	32502	32781	32890
38.584	30859	29625	32764	32477
38.624	33510	30840	32767	32781
38.656	30268	28648	32668	32941
38.696	32212	31536	32710	32972
38.736	31060	31227	32746	32466
38.776	32475	35103	32703	32871
38.816	33635	33736	32722	32537
38.856	33859	35439	32756	32669
38.896	34079	33179	32728	32748
38.936	34028	37023	32741	32740
38.976	33431	34225	32739	32583
39.016	33622	33798	32638	32593
39.048	34506	31846	32696	32912
39.088	34310	31720	32725	32949
39.128	32769	33630	32689	32774
39.168	31803	31578	32764	32923
39.208	30987	30225	32693	32315
39.248	32120	33233	32763	32554
39.288	34537	32302	32729	32880
39.328	31697	32209	32767	32611
39.368	30594	31707	32725	32751
39.408	32100	34962	32657	32901
39.448	32827	32654	32736	32621
39.488	32949	32300	32705	32932
39.528	33512	34120	32738	32680
39.568	33390	31950	32736	32630
39.608	32312	32878	32703	32818
39.648	32415	30890	32697	32597
39.688	33600	33174	32741	32459
39.728	31793	31118	32676	32828
39.768	30768	31487	32744	32896
39.808	31595	33987	32639	32468
39.84	32526	33183	32651	32357
39.88	33415	30026	32682	32760
39.92	32879	33638	32667	32626
39.96	30572	33836	32763	32426
40	32957	33942	32738	32604
40.04	31687	30233	32734	32833
40.072	32238	31657	32766	32771
40.112	32599	32175	32709	32788
40.144	32581	33780	32695	32511
40.184	33112	35582	32628	32775
40.224	31915	34090	32653	32479
40.256	31818	33439	32691	32948
40.296	32604	30539	32692	32804
40.336	32736	32946	32754	32558
40.376	31269	34277	32684	32614
40.416	33019	30521	32678	32703
40.456	31889	32203	32718	32745
40.496	32814	28580	32742	32895
40.536	32181	32172	32686	32461
40.576	31853	33062	32660	32880
40.616	32612	32634	32676	32342
40.656	33527	32991	32722	32874
40.696	33150	34361	32705	32762
40.736	33258	34657	32694	32833
40.776	32633	32493	32724	32725
40.816	32399	32778	32742	32524
40.856	32927	31447	32663	32531
40.896	32896	32361	32771	32711
40.936	32463	34414	32631	32563
40.976	31055	31924	32693	32276
41.016	32694	31295	32698	32794
41.056	32530	30983	32725	32801
41.096	33813	33394	32765	32665
41.136	32600	32233	32700	32686
41.176	31232	33125	32657	32568
41.216	31637	32993	32711	32763
41.256	32712	32280	32713	32742
41.296	33849	32274	32711	32781
41.336	31666	32913	32724	32462
41.376	32145	33595	32761	32588
41.416	33107	31598	32651	32625
41.456	30779	33315	32700	32802
41.496	32493	32769	32682	32471
41.536	32479	32594	32632	32778
41.576	31884	32198	32693	32633
41.616	33302	31115	32732	32498
41.656	31715	33283	32773	32436
41.696	34027	32549	32738	32634
41.736	33053	34484	32633	32561
41.776	30144	33533	32631	32694
41.816	32568	34197	32756	32488
41.856	33561	33411	32763	32484
41.896	32464	30283	32720	32961
41.936	32366	32446	32741	32639
41.968	32276	33735	32693	32455
42.008	32160	35385	32735	32861
42.04	34175	30575	32735	32441
42.08	33134	31649	32731	32415
42.12	33477	34234	32760	32779
42.152	31721	31370	32709	32674
42.192	32512	32447	32716	32695
42.224	32399	34322	32689	32204
42.264	33885	31779	32770	33030
42.304	33134	31866	32722	32865
42.344	32469	33657	32716	32848
42.384	31008	32598	32740	32741
42.424	32198	32577	32633	32662
42.464	32779	32144	32641	32702
42.496	31856	33028	32682	32604
42.536	31715	31588	32719	32662
42.576	32299	34716	32720	32601
42.616	32583	34358	32681	32667
42.656	34532	32666	32686	33007
42.696	32550	32121	32714	32904
42.736	31857	30972	32680	33012
42.776	32770	32353	32714	32775
42.824	31961	33279	32707	32757
42.864	34360	31826	32660	32289
42.904	32588	32021	32745	32232
42.944	32480	32889	32762	32302
42.984	33967	32792	32704	32564
43.024	31895	31939	32738	32802
43.064	32591	29011	32613	32827
43.104	33918	33041	32749	32685
43.144	31185	33126	32742	32863
43.184	32124	31254	32667	32709
43.224	33153	34120	32728	32594
43.264	34185	33172	32662	32646
43.304	32196	33791	32745	32828
43.344	31337	33226	32641	32636
43.384	33135	34429	32770	32695
43.424	32403	33099	32740	32422
43.464	34340	33909	32708	32499
43.504	34618	32082	32642	32607
43.544	31474	31927	32685	32717
43.584	30904	27984	32750	32916
43.624	31407	32880	32750	32666
43.664	33118	28857	32669	33063
43.704	32289	31482	32683	32541
43.744	31810	34294	32669	32396
43.792	31269	33962	32662	32810
43.832	34512	33683	32771	32874
43.872	32558	33455	32749	32550
43.912	33045	34023	32778	32663
43.96	30028	29903	32664	32591
44	32311	30760	32756	32184
44.04	33398	33039	32716	32522
44.08	34755	34099	32596	32350
44.12	32462	32919	32690	32662
44.168	32967	34257	32652	32500
44.208	34020	31942	32738	32911
44.248	32521	30559	32752	32798
44.288	32948	30969	32735	32616
44.328	32502	33215	32713	32969
44.368	32645	32753	32684	32682
44.408	34516	34363	32711	32500
44.448	33071	33396	32703	32441
44.488	33193	33145	32674	32482
44.536	31297	34068	32709	32690
44.576	31973	33593	32734	32410
44.616	32465	31706	32688	32579
44.656	31746	29323	32721	32765
44.696	32759	31425	32709	32964
44.736	32199	33408	32717	32565
44.776	31695	34581	32706	32504
44.816	32956	33966	32664	32770
44.856	32571	33181	32720	32617
44.896	33245	31498	32731	32878
44.936	30995	30877	32709	32499
44.976	30454	34419	32733	32140
45.016	32297	34842	32738	32675
45.056	27893	23191	32678	33182
45.104	29254	27107	32740	32750
45.144	33550	32617	32712	32904
45.184	34592	35453	32621	32881
45.224	34479	33393	32788	32580
45.264	37188	36254	32731	32591
45.304	34719	31833	32715	32619
45.344	32800	34708	32682	32725
45.384	33809	35705	32680	32447
45.424	33007	34433	32680	32537
45.464	32335	34367	32678	32913
45.504	33553	33003	32720	32563
45.544	31780	34032	32702	32596
45.584	32478	33429	32719	32690
45.624	32650	31359	32591	32685
45.672	33026	31697	32676	32481
45.712	32709	31394	32760	32853
45.752	31375	32790	32766	32528
45.792	31891	33450	32743	32536
45.832	33487	31353	32657	32683
45.872	34423	35534	32687	32905
45.912	32077	28700	32716	32736
45.952	32809	32391	32651	32448
45.992	30863	30517	32728	32466
46.032	34839	32060	32738	32753
46.072	32316	34336	32646	32663
46.112	32149	29141	32700	32689
46.152	31825	32431	32700	32479
46.184	30169	30774	32733	32477
46.224	32232	32181	32682	32847
46.264	32881	31505	32698	32637
46.304	31668	32396	32747	32496
46.344	32403	36363	32775	32783
46.384	32083	35559	32742	32452
46.424	30540	33089	32729	32867
46.464	32308	29866	32754	32529
46.496	34302	28137	32663	32689
46.536	33357	31986	32704	32472
46.584	34694	34999	32681	32793
46.624	34304	32834	32687	32763
46.664	34545	33021	32754	32705
46.704	32613	31158	32706	32686
46.744	30708	31318	32750	32953
46.792	32185	33079	32648	32537
46.832	32344	32185	32708	32796
46.872	32925	32496	32684	32626
46.912	32083	33626	32675	32874
46.952	32317	35180	32817	32387
46.992	32218	34902	32663	32355
47.04	32854	32226	32699	33049
47.08	32227	32973	32738	32843
47.12	31645	31626	32693	32570
47.16	32551	33983	32716	32412
47.2	33385	31794	32782	32473
47.24	32932	32965	32729	32550
47.28	32957	32993	32678	32948
47.32	32651	35207	32730	32791
47.36	32518	36607	32745	32606
47.4	32372	32815	32785	32269
47.44	32790	29490	32709	32726
47.48	33332	33308	32768	32697
47.52	32679	33974	32740	32750
47.56	33296	35656	32680	32643
47.6	32552	32899	32756	32517
47.64	33031	31931	32747	32401
47.68	33447	31337	32786	32592
47.728	31374	33994	32738	32814
47.768	31496	33787	32713	32773
47.816	31284	31680	32771	32789
47.856	33852	32932	32689	32435
47.896	33191	32540	32725	32894
47.936	30970	31923	32740	32862
47.976	30716	29387	32696	32553
48.016	34137	33005	32712	32398
48.056	33028	32290	32658	32763
48.096	35520	30112	32691	32651
48.136	34545	33941	32677	32641
48.176	31743	34135	32759	32711
48.216	34228	34987	32726	32636
48.256	33898	37555	32707	32664
48.296	36530	42442	32708	32688
48.336	32752	38403	32703	32553
48.376	29763	21450	32717	32739
48.416	31352	27085	32696	32257
48.456	33713	28900	32699	32664
48.496	32984	30426	32773	32482
48.536	31642	32990	32741	32837
48.576	32184	41320	32641	32483
48.616	30142	31190	32721	32827
48.656	33918	33348	32748	32777
48.696	35211	35204	32741	32667
48.736	33047	33974	32740	32875
48.776	32108	33476	32714	32640
48.816	31842	34518	32702	32655
48.856	34206	37528	32744	32610
48.896	33698	43603	32734	32734
48.936	36122	31072	32691	32630
48.976	31964	27926	32693	32870
49.016	26263	11611	32803	32572
49.056	30140	19985	32718	32497
49.096	29791	26887	32772	32850
49.136	31191	30790	32737	32602
49.176	29161	31712	32701	32321
49.216	33973	42302	32784	32518
49.256	37317	44657	32719	32533
49.296	37060	26002	32721	32679
49.336	31053	22082	32746	32614
49.376	25997	14572	32749	32782
49.416	29724	20517	32741	32594
49.456	31062	27389	32712	32720
49.496	33183	33131	32751	32889
49.536	30384	33597	32737	32323
49.576	35659	44014	32721	32542
49.616	37600	49022	32731	32430
49.648	38073	65502	32701	32727
49.688	37185	34536	32676	32691
49.72	33824	28134	32739	32525
49.76	29257	21209	32749	32517
49.792	23681	12473	32805	32538
49.832	28099	21483	32725	32592
49.864	29630	23128	32667	32727
49.904	31038	30932	32770	32735
49.936	33816	39227	32783	32482
49.976	32708	36245	32707	32574
50.008	35089	33825	32694	32532
50.048	36237	36558	32789	32600
50.08	37002	37836	32765	32767
50.12	34952	39201	32686	32585
50.152	34527	38666	32703	32855
50.192	32151	34489	32740	32476
50.232	31929	33685	32673	32765
50.264	32262	31328	32622	32657
50.304	31291	34575	32682	32480
50.344	31147	34830	32750	32769
50.384	33326	33532	32782	32550
50.424	30807	26976	32734	32332
50.464	31389	29623	32698	32734
50.504	33003	28697	32744	32595
50.544	31529	30069	32692	32743
50.584	29999	30331	32750	32690
50.624	32484	36304	32765	33091
50.664	32713	29864	32725	32908
50.704	33778	29732	32703	32683
50.744	31775	28585	32743	32618
50.784	31871	34322	32668	32731
50.824	32079	31388	32680	32552
50.864	32826	34395	32741	32715
50.904	34196	32859	32680	32539
50.944	29882	30701	32665	32782
50.984	31767	32967	32709	32748
51.024	34628	33858	32652	32589
51.064	34542	31786	32705	32823
51.104	32951	33900	32689	32635
51.144	32876	34757	32608	32574
51.184	32109	31886	32769	32615
51.224	32673	33096	32760	32925
51.264	30367	29381	32676	32524
51.304	35392	33061	32744	32510
51.344	34532	32978	32681	32469
51.384	33245	32386	32700	32713
51.424	32483	32523	32681	32654
51.464	33459	32259	32678	32604
51.504	33693	31741	32691	32721
51.544	32089	31550	32732	32566
51.584	30271	33879	32727	32844
51.624	31412	32981	32743	32655
51.664	33083	30677	32649	32774
51.696	31715	31334	32733	32793
51.736	32127	33140	32730	32684
51.776	30857	33297	32724	32472
51.816	32485	33804	32703	32836
51.848	34314	33565	32671	32833
51.888	34018	32360	32716	32605
51.92	32977	32015	32669	32840
51.96	33410	35484	32724	32621
52	32799	32930	32752	32631
52.032	32678	30886	32586	32430
52.072	32937	32228	32752	32844
52.112	33824	32024	32735	32748
52.144	33333	34344	32746	32458
52.184	32538	33131	32746	32458
52.224	31205	31128	32703	32828
52.264	32638	27791	32780	32602
52.296	33743	36679	32677	32585
52.336	34491	33926	32729	32539
52.376	24376	28384	32715	32704
52.416	23255	38756	32735	32343
52.448	27758	33449	32747	32554
52.488	35153	32842	32744	32951
52.536	31903	32930	32738	32615
52.576	35901	29524	32761	32715
52.616	37398	22850	32688	32465
52.656	38211	25850	32727	32492
52.696	35752	24201	32613	32487
52.736	35324	35946	32694	32428
52.776	33591	35921	32726	32534
52.816	34991	33682	32737	32674
52.856	34175	34270	32696	32788
52.896	35415	35978	32712	32351
52.936	32996	33383	32689	32701
52.976	31199	35572	32739	32518
53.016	31683	34302	32726	32761
53.056	31583	33586	32665	32912
53.096	34210	34048	32673	32576
53.128	31097	33624	32724	32651
53.168	31935	33439	32673	32549
53.208	30162	35795	32685	32610
53.248	31488	30508	32756	32556
53.288	30548	30958	32730	32753
53.328	32464	32593	32694	32780
53.368	30336	31712	32765	32780
53.408	30309	30045	32591	32621
53.448	31889	32224	32781	32528
53.488	32575	31895	32739	32445
53.528	34117	33381	32753	32605
53.568	31733	32366	32737	32861
53.608	31908	33186	32703	32607
53.648	33465	34774	32687	32468
53.688	34572	33931	32706	32824
53.728	33589	31113	32755	32453
53.768	32184	32764	32729	32683
53.808	33728	36676	32701	32703
53.848	32720	33467	32679	32561
53.888	32270	31027	32724	32479
53.928	33507	27818	32702	32612
53.968	30705	29850	32653	32572
54.008	32427	32837	32716	32754
54.048	32045	34166	32678	32408
54.08	32165	29589	32749	32558
54.12	30392	31475	32685	32766
54.152	33176	32373	32693	32631
54.192	32197	33962	32684	32722
54.232	31663	32115	32736	32535
54.272	33724	33273	32673	32521
54.312	34043	31383	32776	32655
54.352	32351	32634	32678	32826
54.392	32285	35172	32756	32482
54.424	30981	33671	32646	32240
54.464	34816	34163	32762	32625
54.504	34454	32781	32729	32488
54.544	31736	33826	32712	32756
54.576	33478	32892	32741	32659
54.608	33786	35582	32789	32584
54.64	33222	33215	32737	32537
54.68	32899	30752	32729	32641
54.712	31816	30705	32731	32625
54.744	32673	31893	32683	32410
54.784	31014	32479	32710	32645
54.816	31435	31954	32728	32766
54.856	31114	29537	32745	32678
54.888	33725	30220	32712	32630
54.928	32594	31976	32754	32715
54.968	33698	32058	32746	32552
55.008	32717	33023	32676	32662
55.048	34036	31223	32660	32578
55.088	32240	31960	32757	32699
55.12	31553	31489	32742	32905
55.16	31402	31743	32713	32642
55.192	30800	33952	32722	32778
55.232	32231	32388	32749	32743
55.264	31122	31143	32723	32684
55.304	34528	32384	32792	32621
55.344	33662	33181	32744	32477
55.384	32420	32939	32671	32719
55.424	31163	33327	32700	32622
55.456	32510	32735	32750	32869
55.496	33973	30944	32769	32637
55.536	32120	32958	32754	32703
55.568	31953	33727	32689	32522
55.608	32117	35615	32629	32782
55.648	33116	30713	32645	32606
55.688	34207	32742	32694	32392
55.728	32672	32498	32735	32759
55.768	33827	33604	32733	32371
55.808	30618	32902	32717	32530
55.84	32990	34580	32650	32464
55.88	34002	31318	32693	32768
55.92	33478	33157	32755	32586
55.952	31702	35298	32711	32552
55.992	32437	32693	32702	32429
56.024	32768	33988	32725	32585
56.064	34217	33723	32712	32747
56.104	33349	30458	32657	32540
56.144	33321	33379	32684	32854
56.176	32643	31326	32660	32761
56.216	31616	31359	32708	32695
56.256	33426	34080	32777	32682
56.296	32619	34404	32732	32860
56.328	33602	32169	32722	32537
56.368	30859	31902	32659	32755
56.408	30997	33829	32728	32804
56.44	31869	32437	32739	32690
56.48	31959	32131	32780	32710
56.52	33775	31728	32813	32536
56.56	32265	32772	32764	32854
56.592	31730	34232	32726	32706
56.632	31261	31822	32740	32680
56.664	34415	33128	32622	32722
56.696	34771	31368	32699	32902
56.736	32958	32810	32661	32487
56.768	33544	32339	32702	32683
56.808	32624	31884	32752	32651
56.84	33242	33086	32680	32697
56.88	33385	33200	32729	32771
56.912	33232	28253	32748	32601
56.952	32532	33021	32681	32680
56.984	33148	31748	32728	32522
57.024	32992	32231	32671	32651
57.064	31735	30555	32750	32594
57.096	33921	33295	32702	32734
57.136	33254	32545	32683	32695
57.176	31216	35219	32717	32669
57.216	31921	35267	32750	32643
57.256	32190	31966	32731	32905
57.296	33998	32100	32753	32467
57.336	33396	33984	32713	32847
57.376	31198	31891	32673	32942
57.416	30877	32209	32709	32445
57.456	32093	33416	32750	32617
57.496	33746	32538	32752	32779
57.536	32158	32369	32747	32651
57.576	33136	34302	32668	32701
57.616	32867	31378	32728	32686
57.648	32473	29648	32744	32544
57.688	34132	32466	32644	32837
57.728	32712	31709	32658	32773
57.768	30335	32046	32723	32709
57.808	31404	33594	32682	32737
57.848	32671	33943	32674	32787
57.896	33933	31483	32776	32869
57.936	33435	31933	32706	32572
57.976	31051	35928	32719	32707
58.016	30788	36589	32723	32584
58.056	30664	33723	32662	32644
58.096	34206	31939	32722	32659
58.136	32888	30304	32776	32670
58.176	34111	33726	32620	32771
58.208	32809	34986	32694	32762
58.248	32042	35891	32766	32376
58.288	30928	33199	32698	32546
58.328	33142	32232	32757	32926
58.368	30652	32756	32745	32519
58.408	33257	33443	32723	32680
58.456	30829	31743	32656	32830
58.504	32738	32195	32740	32769
58.544	35551	31430	32777	32694
58.808	31278	32866	32743	32510
58.848	29877	32431	32777	32506
58.888	32455	31990	32731	32451
58.928	32896	33444	32753	32593
58.968	32704	32776	32739	32626
59.008	32956	30781	32701	32505
59.048	33228	30770	32655	32674
59.088	34492	32432	32709	32814
59.128	34461	32958	32755	32459
59.168	33070	35219	32683	32526
59.208	31888	30989	32733	32657
59.248	34341	32684	32720	32601
59.288	34460	29974	32671	32765
59.328	33715	30839	32696	32728
59.368	33176	31373	32795	32736
59.408	32531	35706	32737	32594
59.448	32512	33154	32731	32496
59.488	31837	34822	32755	32642
59.528	30652	32229	32752	32782
59.568	31973	36000	32715	32905
59.608	34249	29942	32744	32945
59.648	31520	33024	32696	32628
59.688	32528	33198	32701	32798
59.728	34086	30412	32657	32943
59.768	34598	29842	32783	32838
59.944	31936	33291	32722	32541
59.984	32196	32469	32725	32598
60.024	33676	34090	32739	32537
60.064	32959	30324	32690	32691
60.104	34316	31050	32693	32782
60.144	33821	32564	32699	32601
60.184	31582	31464	32677	32858
60.224	33110	33544	32671	32603
60.264	33723	32274	32666	32455
60.304	33420	31171	32753	32637
60.344	33280	30615	32663	32848
60.384	32523	31380	32708	32574
60.424	31602	33680	32685	32928
60.464	33918	33176	32735	32747
60.504	32644	32484	32670	32930
60.544	32896	33595	32743	32759
60.592	32600	35042	32674	32364
60.632	31664	32581	32694	32680
60.672	32635	32455	32757	32574
60.712	33265	30463	32706	32501
60.752	31995	32100	32693	32686
60.792	33207	31781	32741	32852
60.832	31501	31077	32747	32466
60.872	32417	32044	32727	32705
60.912	35062	33230	32765	32535
60.96	32465	33723	32686	32595
61	32071	33207	32742	32552
61.04	32990	30768	32736	32478
61.08	31459	32804	32781	32633
61.12	32160	32937	32703	32661
61.16	32376	34094	32688	32783
61.2	31925	32004	32712	32821
61.24	32489	31337	32723	32632
61.28	32938	33030	32672	32933
61.312	34065	32908	32756	32907
61.352	33405	31593	32721	32813
61.392	32224	33461	32695	32509
61.432	31657	33408	32805	32737
61.472	33409	33400	32646	32564
61.504	33571	33434	32744	32494
61.544	33261	33607	32794	32592
61.584	32122	32116	32655	32631
61.624	32228	33468	32592	32716
61.656	31849	34090	32729	32436
61.696	33907	33194	32689	32757
61.736	30864	30261	32681	32597
61.776	32504	33229	32757	32847
61.816	33324	34820	32675	32563
61.856	33954	33707	32733	32608
61.896	35303	31245	32741	32802
61.936	33878	31644	32767	32711
61.976	31971	32921	32667	32604
62.008	31309	29118	32748	32661
62.048	31966	32925	32746	32930
62.088	32931	33458	32671	32550
62.128	32488	32410	32666	32763
62.168	32735	33259	32681	32716
62.208	31082	34195	32718	32729
62.248	32233	32313	32695	32474
62.288	32678	31110	32701	32554
62.328	32501	30327	32716	32466
62.368	32601	32454	32722	32603
62.408	32562	35259	32770	32584
62.44	34046	32686	32736	32735
62.48	33966	33669	32717	32777
62.512	32013	31615	32717	32758
62.552	32683	31791	32693	32630
62.592	31329	32016	32682	32618
62.624	31593	34919	32733	32571
62.664	34923	32232	32705	32633
62.696	32797	31322	32742	32661
62.736	32728	32739	32723	32603
62.776	31873	31880	32699	32489
62.816	32497	30419	32702	32589
62.856	32336	34616	32729	32290
62.888	32759	31306	32702	32774
62.928	32804	31679	32700	32526
62.968	33026	33073	32692	32581
63.008	31849	33973	32671	32849
63.048	30099	33028	32671	32383
63.088	34277	29994	32680	32813
63.128	36223	33298	32716	32824
63.168	35202	35334	32720	32509
63.2	32947	32133	32797	32908
63.24	33737	33591	32712	32819
63.272	33314	32915	32781	32717
63.312	33592	31802	32719	32524
63.344	33962	31875	32713	32730
63.384	32248	31194	32734	32724
63.416	32721	32259	32663	32610
63.456	31876	32478	32719	32674
63.488	31733	31170	32726	32628
63.528	32095	32338	32766	32770
63.56	31355	32719	32737	32474
63.6	31366	32834	32688	32697
63.64	31574	32961	32702	32498
63.68	35168	32973	32703	32719
63.712	33009	31629	32737	32631
63.752	32939	34282	32716	32771
63.784	32021	33575	32606	33091
63.824	31844	33623	32635	32646
63.864	32225	32358	32752	32539
63.904	29194	27726	32682	32709
63.944	30390	29947	32740	32721
63.984	33747	32103	32674	32766
64.024	32797	34144	32710	32805
64.064	35420	34703	32797	32488
64.112	36801	32590	32719	32596
64.152	35014	33028	32768	32644
64.192	34530	34711	32704	32650
64.232	33429	32462	32760	32787
64.272	33116	34581	32702	32556
64.312	34562	33713	32717	32858
64.352	32466	32972	32654	32507
64.392	30949	32304	32754	32754
64.432	30985	32550	32732	32802
64.472	31632	33074	32646	32680
64.512	32280	32944	32739	32777
64.552	31249	33071	32657	32569
64.592	29933	33325	32773	32438
64.632	32014	32753	32713	32848
64.68	33664	32367	32763	32749
64.72	32416	31749	32661	32439
64.76	32351	32444	32771	32645
64.8	32855	33450	32667	32789
64.84	32620	33942	32691	32853
64.88	33657	32281	32728	32613
64.92	34300	33859	32729	32806
64.96	33150	32682	32716	32669
65	34097	33959	32709	32743
65.04	33201	33685	32667	32688
65.088	33731	33414	32732	32925
65.128	32775	31080	32735	32668
65.168	34166	32291	32790	32702
65.208	31735	33128	32709	32485
65.248	32780	31566	32681	32734
65.288	32969	32098	32717	32516
65.328	32679	30788	32731	32500
65.368	28853	28573	32688	32865
65.416	31450	31242	32643	32717
65.456	34025	35392	32727	32691
65.504	34850	34901	32726	32898
65.544	35632	33648	32754	32561
65.584	32788	32826	32723	32812
65.624	32958	33197	32759	32826
65.664	31881	31198	32681	32822
65.704	32526	30816	32673	32523
65.744	31851	31959	32694	32642
65.784	31661	31971	32684	32666
65.816	31141	32857	32774	32469
65.856	30931	34955	32694	32650
65.896	32879	31062	32704	32535
65.936	31356	30569	32687	32759
65.976	31686	33364	32754	32668
66.016	31869	33277	32706	32507
66.048	32762	33727	32686	32720
66.088	32545	32836	32766	32731
66.128	32854	32591	32761	32525
66.168	34180	33179	32749	32617
66.208	33392	33876	32655	32689
66.248	34638	34053	32768	32675
66.288	32865	33664	32659	32853
66.328	34350	33189	32706	32608
66.368	33128	33905	32767	32682
66.408	31300	30544	32692	32673
66.448	32059	35011	32718	32706
66.488	31129	30069	32683	32916
66.528	33106	30016	32714	32719
66.568	33254	32956	32704	32598
66.608	31288	32413	32726	32795
66.648	32275	32910	32711	32918
66.688	31378	34882	32761	32696
66.72	32719	31313	32749	32604
66.76	34490	32185	32644	32778
66.8	31678	32563	32667	32616
66.84	31800	32980	32718	32704
66.88	33207	32597	32773	32755
66.92	34006	33938	32710	32660
66.952	32225	32676	32730	32576
66.992	31563	35294	32721	32559
67.024	32490	34594	32696	32804
67.064	32456	31511	32623	32623
67.096	31549	31974	32680	32791
67.136	31989	32851	32719	32418
67.176	32630	33294	32640	32727
67.216	32397	31906	32719	32831
67.256	33312	32274	32676	32600
67.288	33087	33058	32737	32616
67.328	32173	32623	32717	32761
67.376	31891	32136	32686	32657
67.416	31965	32810	32705	32552
67.448	32126	32361	32644	32766
67.488	33134	32401	32658	32942
67.528	34691	33589	32754	32649
67.568	33258	32809	32741	32710
67.608	31446	32069	32727	32489
67.64	32098	33616	32693	32678
67.688	33567	33127	32808	32581
67.728	32453	30968	32722	32642
67.768	31813	31079	32686	32620
67.808	31558	33999	32760	32639
67.84	31476	30983	32739	32474
67.88	32192	30799	32730	32383
67.92	33529	32780	32753	32618
67.952	33279	33616	32659	32606
67.992	31890	34821	32759	32838
68.032	31109	33109	32740	32661
68.072	31228	34252	32768	32601
68.104	32877	32723	32777	32669
68.144	33107	32482	32739	32682
68.184	32941	34321	32743	32617
68.224	32408	34273	32737	32649
68.264	33327	32434	32724	32795
68.304	34356	31782	32697	32491
68.344	31893	31125	32729	32481
68.384	33012	32245	32792	32487
68.424	31534	34242	32770	32771
68.464	31195	31974	32783	32475
68.496	33243	31268	32776	32607
68.536	33762	34238	32700	32770
68.576	33176	34522	32655	32672
68.608	31440	32870	32713	32980
68.656	31776	31103	32672	32527
68.688	31365	30923	32654	32582
68.728	33696	32735	32667	32677
68.768	32764	33562	32682	32784
68.808	31098	32999	32719	32529
68.848	31318	33104	32756	32847
68.888	33567	32033	32737	32849
68.928	32753	32679	32701	32652
68.968	32729	33510	32702	32537
69.008	31715	32868	32704	32584
69.048	33029	31987	32684	32705
69.088	32212	34276	32727	32908
69.128	32265	32863	32727	32803
69.168	34020	32021	32704	32529
69.208	30997	34617	32716	32561
69.248	32701	34005	32543	32783
69.288	33146	30731	32645	32581
69.328	32488	28241	32763	32777
69.368	31882	33042	32725	32467
69.408	31017	33327	32775	32843
69.448	32975	31161	32700	32917
69.488	33107	33478	32697	32825
69.528	33683	31845	32712	32833
69.56	33749	31077	32705	32569
69.6	31847	31696	32720	32556
69.64	32666	33878	32728	32410
69.68	34198	33936	32782	32528
69.72	34518	32545	32689	32671
69.76	32710	32018	32708	32754
69.8	31353	33981	32747	32747
69.84	31740	35010	32718	32772
69.88	32231	34072	32665	32838
69.92	33376	32299	32745	32811
69.96	33954	32404	32635	32798
70	32594	32815	32648	32600
70.04	32402	33277	32737	32587
70.08	32739	33043	32754	32679
70.12	34149	32179	32737	32519
70.16	32212	31810	32729	32551
70.2	32524	34086	32625	32666
70.232	31614	32859	32752	32634
70.272	33030	33801	32716	32389
70.312	33763	31305	32767	32713
70.352	31892	30612	32682	32565
70.392	32266	33634	32657	32695
70.424	32640	34165	32616	32690
70.472	31812	32775	32739	32491
70.52	33112	34269	32726	32601
70.56	33305	32883	32733	32907
70.6	32580	34531	32727	32636
70.64	32494	35298	32711	32819
70.68	31993	31236	32750	32468
70.72	32567	30835	32712	32532
70.76	32150	32523	32715	32873
70.8	31850	34345	32710	32608
70.84	32188	32562	32742	32681
70.88	32065	33365	32758	32858
70.92	32862	32814	32738	32632
70.96	32938	33245	32733	32875
71	31582	32828	32775	32744
71.04	31345	33895	32741	32596
71.08	33119	32515	32724	32775
71.12	33247	30701	32741	32730
71.16	32246	32846	32680	32671
71.2	32208	34043	32735	32688
71.24	32231	34198	32680	32563
71.28	32184	31138	32762	32740
71.32	33009	30133	32729	32647
71.36	31350	32609	32675	32838
71.4	31083	32477	32712	32884
71.44	32244	35069	32692	32721
71.48	33756	31755	32697	32728
71.52	33966	33926	32680	32702
71.56	33785	31240	32658	32586
71.6	31294	33382	32664	32632
71.64	31459	33145	32700	32695
71.672	31896	32664	32764	32567
71.712	33653	32122	32730	32787
71.752	32681	30315	32642	32781
71.792	31942	33315	32746	32634
71.832	31350	33023	32745	32327
71.872	32491	31497	32703	32918
71.912	33700	30255	32744	32701
71.952	33680	30479	32699	32461
71.992	32215	32399	32735	32687
72.032	32313	33275	32772	32761
72.072	32981	34214	32748	32662
72.112	33297	32037	32724	32402
72.144	32516	31986	32741	32652
72.184	31435	31356	32761	32474
72.224	31572	33375	32745	32658
72.264	32531	33219	32738	32609
72.304	32541	33641	32706	32670
72.344	32174	31184	32745	32739
72.384	31859	31851	32695	32731
72.424	32630	34281	32710	32344
72.464	32692	32075	32730	32750
72.504	32265	32802	32732	32645
72.544	32726	31219	32714	32843
72.584	32005	34490	32729	32619
72.624	32498	32418	32657	32510
72.664	33507	32866	32681	32715
72.704	33135	29499	32736	32527
72.744	33101	33683	32728	32663
72.784	32181	35304	32740	32727
72.824	31345	34168	32699	32684
72.872	32470	33573	32707	32845
72.912	34071	32321	32663	32628
72.952	32417	32159	32701	32815
72.992	29910	32402	32681	32601
73.032	30691	30327	32751	32624
73.072	32305	32093	32638	32689
73.112	32434	31437	32726	32638
73.144	32247	32528	32736	32633
73.184	31670	32706	32752	32659
73.224	31589	34734	32683	32739
73.264	33437	32197	32774	32826
73.304	33602	31599	32765	32695
73.344	34370	33491	32708	32551
73.384	32559	31682	32695	32676
73.424	31184	33425	32678	32878
73.464	32715	33461	32728	32712
73.504	33573	31764	32731	32430
73.544	34449	33511	32702	32595
73.584	32115	32142	32719	32614
73.624	31318	33226	32708	32737
73.664	32349	32375	32699	32755
73.704	33014	30878	32643	32835
73.752	32294	32156	32732	32650
73.792	32046	33836	32714	32696
73.832	32774	34022	32706	32458
73.872	33217	32896	32727	32813
73.912	33025	28747	32684	32677
73.952	32413	33315	32743	32571
73.992	32012	34227	32711	32610
74.032	31458	31759	32681	32548
74.072	31559	33831	32711	32819
74.12	33255	32769	32736	32764
74.16	33198	31815	32754	32744
74.2	31110	32003	32701	32616
74.24	31848	33869	32658	32818
74.28	34459	33397	32774	32456
74.32	33530	31440	32705	32643
74.36	33356	33022	32756	32595
74.4	30710	33534	32707	32415
74.44	31966	32122	32671	32658
74.48	34187	33719	32718	32982
74.52	31831	30940	32724	32534
74.56	33522	32262	32716	32794
74.6	31996	32468	32671	32847
74.64	32449	33481	32725	32790
74.68	34407	31573	32677	32746
74.72	32279	30210	32781	32590
74.76	32684	31570	32690	32738
74.8	32744	32071	32706	32739
74.84	31568	33350	32718	32623
74.88	31304	30765	32758	32400
74.92	33795	31605	32686	32553
74.96	33031	33791	32630	32546
75	31449	32244	32757	32510
75.04	31342	32251	32689	32551
75.08	31573	28827	32734	32733
75.12	32913	31200	32799	32786
75.16	32483	32468	32711	32754
75.2	32148	33223	32755	32685
75.24	31649	30558	32601	32699
75.28	34245	32498	32744	32727
75.32	33240	29583	32645	32639
75.36	32338	32445	32669	32566
75.4	32465	32758	32741	32629
75.44	33338	34235	32694	32627
75.48	33897	31853	32690	32766
75.52	33879	31581	32725	32423
75.56	33025	31450	32758	32510
75.6	29782	29629	32739	32465
75.64	30926	35628	32681	32550
75.68	32451	24638	32782	32751
75.72	33141	28814	32713	32531
75.752	29926	33169	32682	32757
75.792	29585	32445	32706	32656
75.824	33913	32803	32715	32645
75.864	34693	32076	32679	32881
75.904	31586	25306	32765	32669
75.944	30192	23543	32754	32744
75.984	34329	33890	32700	32678
76.024	35934	36938	32786	32540
76.064	31006	31786	32678	32415
76.104	28374	32832	32726	32784
76.144	31502	26786	32724	33022
76.184	33708	34291	32620	32627
76.224	33800	34597	32716	32547
76.264	36778	34177	32695	32757
76.304	37804	34775	32700	32793
76.344	37066	33952	32743	32550
76.384	35831	36934	32738	32342
76.424	33712	31895	32740	32694
76.464	32548	27692	32755	32779
76.496	33001	27687	32680	32680
76.536	28779	24741	32700	32689
76.568	26836	31127	32681	32764
76.6	30927	32327	32700	32760
76.64	26924	30603	32731	32617
76.672	30860	33668	32759	33031
76.704	32261	34424	32652	32588
76.744	31851	31318	32751	32362
76.776	34025	34395	32758	32698
76.808	35319	36968	32660	32486
76.84	34546	27331	32682	32745
76.88	34433	33761	32733	32725
76.912	31582	29089	32701	32706
76.944	31626	29438	32689	32712
76.976	29809	27753	32681	32649
77.008	30054	32684	32647	32495
77.048	31636	36597	32788	32485
77.08	30659	29257	32759	32798
77.112	30134	28260	32752	32604
77.144	30535	31319	32683	32422
77.176	30230	32559	32774	32519
77.208	29891	33056	32713	32761
77.24	31046	33160	32746	32775
77.272	34059	32835	32743	32438
77.312	33101	32220	32714	32485
77.344	32323	32993	32640	32695
77.376	31443	32231	32721	32901
77.408	31709	33648	32684	32797
77.44	32756	33966	32659	32742
77.472	32582	31711	32661	32649
77.504	34134	30504	32711	32862
77.536	32405	33305	32711	32416
77.576	31948	32927	32716	32544
77.608	32044	34952	32767	32619
77.64	32347	34171	32692	32497
77.68	35011	32890	32758	32723
77.712	33368	31499	32699	32464
77.744	33629	32055	32762	32856
77.784	33425	30699	32724	32790
77.816	34540	33285	32609	32618
77.848	34018	31646	32732	32639
77.888	32229	32026	32733	32603
77.92	34055	30244	32707	32730
77.952	33067	34145	32711	32691
77.984	33408	33572	32775	32504
78.016	31346	33166	32623	32640
78.048	31436	27479	32729	32501
78.08	33426	34445	32652	32668
78.12	33649	32077	32734	32499
78.152	32767	30101	32689	32712
78.184	31260	32869	32736	32627
78.216	32448	34462	32699	32816
78.248	32536	33492	32715	32295
78.28	33868	30373	32729	32598
78.32	33467	33834	32690	32649
78.352	34166	32906	32654	32410
78.384	32615	34191	32756	32731
78.416	31582	32808	32626	32654
78.456	31503	30893	32739	32482
78.488	32879	33560	32746	32762
78.52	31810	31236	32768	32638
78.56	31979	32674	32727	32611
78.592	32535	33107	32724	32723
78.624	32472	36033	32717	32464
78.664	32398	31202	32683	32741
78.696	33575	28523	32702	32672
78.736	32539	34877	32706	32557
78.776	33133	34763	32698	32634
78.816	27856	27230	32679	32751
78.856	27275	26643	32679	32797
78.896	36407	37670	32670	32717
78.928	34824	34589	32775	32879
78.96	33941	34598	32737	32401
78.992	34974	36560	32733	32774
79.024	29768	31519	32762	32980
79.056	29044	26917	32732	32726
79.088	30068	27032	32709	32914
79.12	32065	29940	32697	32684
79.152	35098	29830	32742	32743
79.184	28951	30724	32709	32663
79.216	35703	33058	32719	32803
79.256	38715	39236	32713	32924
79.296	36434	35490	32712	32604
79.336	34044	37445	32766	32583
79.376	31618	35733	32726	32563
79.416	32623	37471	32561	32622
79.448	32118	36596	32701	32790
79.48	32598	35053	32668	32782
79.512	32691	32163	32686	32771
79.544	34537	40311	32763	32735
79.576	36488	65504	32707	32526
79.608	35928	31523	32745	32641
79.64	32694	58818	32716	32612
79.672	31456	48084	32736	32534
79.704	30569	17078	32754	32853
79.744	27945	18559	32651	32626
79.776	26122	21144	32761	32250
79.808	26286	21876	32696	32299
79.848	31032	21434	32721	32577
79.88	31349	20070	32699	32844
79.912	32593	21531	32733	32821
79.952	32344	27314	32704	32442
79.992	31031	29383	32667	32851
80.032	33330	30357	32687	32783
80.072	33120	30273	32698	32618
80.112	34053	29317	32716	32804
80.152	32320	32149	32687	32598
80.184	31718	33232	32724	32545
80.216	31992	35126	32695	32575
80.256	32410	34804	32726	32762
80.288	33280	34623	32710	32568
80.32	33112	32126	32698	32571
80.352	33009	34101	32738	32681
80.392	31187	35470	32734	32855
80.424	32719	35436	32756	32746
80.456	33947	34842	32619	32485
80.496	33704	32155	32706	32727
80.528	32568	32147	32653	32858
80.568	32108	34207	32661	32423
80.6	32926	33275	32728	32621
80.632	33235	34920	32725	32688
80.672	33122	32905	32689	32773
80.712	34163	31513	32671	32729
80.752	33405	32722	32703	32539
80.784	33689	34095	32723	32345
80.816	32233	32810	32743	32789
80.856	33707	32085	32744	32697
80.888	34039	32504	32691	32668
80.928	32161	33051	32728	32801
80.96	32576	32035	32695	32601
80.992	31245	33560	32740	32569
81.032	32825	31941	32722	32471
81.064	32828	33202	32713	33145
81.104	32303	28929	32762	32795
81.144	33600	33354	32753	32550
81.184	31922	32844	32675	32346
81.224	31315	32100	32686	32661
81.264	34097	32042	32720	32502
81.304	33394	32382	32680	32992
81.344	33120	31051	32680	32771
81.376	31505	30811	32703	32736
81.416	30506	33193	32769	32726
81.456	33665	32681	32700	32782
81.488	32433	32613	32776	32956
81.528	32775	33776	32695	32565
81.568	31781	32501	32674	32564
81.608	30298	31648	32720	32650
81.648	32353	30539	32679	32716
81.68	33443	30003	32752	32484
81.72	32896	32385	32757	32615
81.76	31752	34225	32718	32745
81.8	31294	34320	32683	32661
81.84	32511	34687	32681	32487
81.88	33467	32066	32743	33018
81.92	33455	31909	32698	32508
81.96	33637	34051	32735	32555
82	32495	34011	32764	32765
82.04	32211	33413	32697	32699
82.08	34352	31480	32728	32977
82.12	32828	29672	32718	32719
82.16	33373	34412	32721	32686
82.2	32641	33669	32689	32865
82.232	32830	32896	32687	32518
82.272	32991	34268	32760	32646
82.312	33697	30694	32713	32594
82.352	32177	33187	32739	32783
82.392	30873	32897	32736	32516
82.424	32136	31967	32776	32677
82.456	31946	33389	32672	32795
82.496	32522	30714	32695	32747
82.536	30532	32315	32744	32650
82.568	31444	35577	32678	32331
82.608	33263	37791	32751	32427
82.648	35781	38022	32744	32424
82.688	34912	36635	32729	32827
82.728	34346	33159	32730	32727
82.768	31866	30079	32710	32683
82.808	30889	27771	32714	32658
82.84	30887	26902	32710	32839
82.88	31328	24411	32754	32957
82.92	29021	23323	32707	32857
82.952	30029	27061	32760	32597
82.992	30202	31957	32676	32758
83.032	32331	32772	32745	32389
83.064	32201	29706	32763	32353
83.104	33687	32433	32709	32474
83.136	33696	35390	32764	32595
83.176	32636	34853	32701	32727
83.208	32938	35977	32784	32352
83.248	35171	35925	32739	32541
83.28	35123	35028	32742	32801
83.32	34731	36253	32738	32479
83.352	34226	35187	32743	32729
83.384	33570	34540	32706	32611
83.424	32194	33994	32722	32667
83.456	33250	34285	32710	32829
83.496	31982	32999	32707	32713
83.528	34168	31762	32743	32574
83.56	31958	31881	32716	32736
83.6	31605	31199	32719	32768
83.632	31958	32272	32809	32651
83.664	33452	32026	32733	32845
83.704	33371	32788	32729	32841
83.736	32963	33532	32735	32913
83.776	31263	33828	32752	32653
83.816	31863	31068	32694	32756
83.856	30781	31058	32725	32406
83.888	31701	31935	32770	32381
83.928	32544	33321	32655	32658
83.96	31626	32843	32706	32551
84	31549	32915	32699	32766
84.04	33228	34045	32632	32605
84.08	34656	31994	32691	33007
84.12	33036	33141	32672	32338
84.152	31931	31083	32722	32692
84.192	32481	33104	32717	32588
84.224	33049	35295	32701	32662
84.256	33270	34153	32682	32837
84.296	32622	30787	32675	32569
84.328	32299	32006	32683	32437
84.368	30953	31086	32754	32944
84.4	31080	31366	32716	32563
84.44	32336	33691	32720	32830
84.472	32608	33331	32708	32721
84.512	31021	30370	32772	32603
84.544	31901	31639	32778	32960
84.576	32046	32844	32705	32278
84.616	32914	32379	32693	32663
84.648	33581	30970	32721	32681
84.68	33616	29467	32732	32672
84.72	33048	32499	32721	32540
84.752	32115	31393	32658	32976
84.784	30812	31926	32720	32659
84.824	32093	35459	32742	32757
84.856	32314	33233	32737	32688
84.896	34902	31909	32731	32606
84.928	32784	33142	32780	32396
84.968	32400	33032	32674	32648
85	32653	32041	32677	32370
85.04	32288	33161	32717	32676
85.072	32809	31369	32675	32891
85.104	30463	30954	32737	32671
85.144	31432	31918	32701	32798
85.184	32015	35011	32763	32476
85.216	31185	32676	32727	32993
85.256	32130	32274	32763	32656
85.288	34013	32313	32757	32776
85.328	33558	31531	32730	32659
85.36	31559	30107	32705	32668
85.392	32862	34936	32750	32597
85.424	33484	35552	32707	32645
85.464	33521	32525	32687	32871
85.504	32635	31234	32736	32560
85.544	31776	32318	32723	32827
85.584	31721	34100	32751	32838
85.624	33056	33199	32733	32628
85.656	32671	32417	32697	32660
85.696	33280	32953	32735	32656
85.736	33657	33211	32744	32760
85.776	32819	34267	32707	32729
85.816	32913	34751	32614	32836
85.856	33317	30849	32692	32969
85.896	32471	30949	32695	32628
85.936	33970	35111	32695	32828
85.968	31802	34643	32723	32997
86	32084	31815	32709	32623
86.032	32033	29660	32764	32965
86.072	33372	34348	32746	32485
86.104	33299	32626	32727	32759
86.136	34419	31605	32709	32534
86.176	31067	33329	32740	32632
86.208	31724	32974	32761	32480
86.248	31921	33408	32745	32631
86.288	31667	29988	32700	32550
86.32	32024	32816	32750	32470
86.352	32100	32289	32676	32677
86.392	30917	33296	32645	32721
86.432	31711	32429	32715	32645
86.464	33167	30438	32759	32972
86.504	32879	31467	32677	32850
86.536	32863	34018	32719	32554
86.576	32341	32423	32746	32808
86.616	31474	34884	32734	32698
86.648	32230	29917	32703	32803
86.688	33133	29340	32758	32903
86.728	32948	34934	32722	32457
86.768	31213	33675	32668	32573
86.808	32828	34042	32743	32671
86.848	32986	34367	32763	32804
86.888	32658	32110	32712	32596
86.928	32263	31102	32727	32653
86.96	32214	34803	32738	32811
87	31916	34252	32679	32776
87.04	32160	33876	32752	32636
87.08	32842	31724	32760	32655
87.112	30662	29027	32696	32366
87.152	32281	30441	32708	32818
87.184	32517	35554	32666	32517
87.216	33192	33463	32677	32613
87.256	33573	32345	32704	32619
87.296	33584	34169	32694	32663
87.336	33353	35548	32721	33108
87.376	30574	33898	32728	32664
87.416	30676	31783	32643	32833
87.448	32364	31058	32702	32638
87.488	33136	32106	32698	32741
87.528	31765	33136	32711	32616
87.568	31681	33627	32707	32491
87.6	32068	33993	32780	32668
87.64	32500	30656	32672	32697
87.68	33650	33814	32709	32279
87.72	32171	29911	32674	32775
87.76	31789	32334	32757	32827
87.8	32738	33991	32739	32614
87.832	32749	32595	32668	32529
87.872	32978	31724	32706	32566
87.912	32611	31846	32740	32599
87.944	32802	34664	32747	32626
87.984	31338	31714	32695	32691
88.024	32678	32307	32690	32651
88.064	33190	30274	32762	32820
88.096	33605	30112	32736	32863
88.136	32677	33173	32745	32705
88.176	31313	32325	32714	32456
88.208	31565	35696	32719	32678
88.248	33221	31916	32691	32761
88.28	33260	30832	32689	32870
88.32	33175	31659	32695	32546
88.36	32338	35390	32716	32573
88.392	32118	34462	32688	32759
88.432	32551	30653	32673	32757
88.464	34023	33886	32685	32710
88.504	33479	32781	32756	32554
88.544	32974	33870	32737	33010
88.584	32208	33228	32735	32703
88.616	31842	33934	32715	32411
88.656	32654	32991	32687	32700
88.688	33597	32418	32673	32505
88.728	32944	31574	32754	32827
88.76	31215	33294	32734	32986
88.8	32708	32426	32735	32754
88.832	33422	33937	32702	32578
88.872	31477	31735	32725	32471
88.904	32683	30847	32694	32401
88.944	33827	33960	32707	32780
88.984	32502	32620	32719	32595
89.024	32091	35396	32738	32662
89.064	32662	30449	32750	32626
89.104	34045	32011	32715	32649
89.144	30877	31495	32769	32899
89.184	30823	31194	32719	32479
89.224	32264	33558	32741	32954
89.264	33134	31904	32718	32574
89.304	34216	30593	32700	32703
89.344	33025	32878	32702	32412
89.384	32158	33662	32673	32581
89.424	33381	33723	32682	32916
89.464	33792	32021	32724	32420
89.504	32203	31543	32739	32655
89.544	32848	35578	32703	32412
89.584	31278	32651	32781	32828
89.624	33335	35851	32759	32634
89.664	34809	29142	32687	32884
89.704	33338	30650	32687	32474
89.744	31103	31755	32704	32592
89.784	33081	33454	32681	32465
89.824	32411	32917	32684	32793
89.864	33641	29127	32701	32449
89.92	32252	29993	32733	32482
89.968	31475	33277	32756	32852
90.016	32172	32887	32712	32449
90.064	34881	33301	32738	32965
90.104	33611	31405	32741	32696
90.144	32220	33000	32729	32713
90.184	32258	33296	32726	32617
90.224	31445	36255	32713	32564
90.264	33425	32657	32714	32606
90.304	33354	30864	32710	32632
90.344	31429	32541	32738	32732
90.384	31695	33517	32753	32626
90.424	31512	31351	32792	32615
90.464	34549	29817	32708	32701
90.504	34318	32699	32699	32664
90.544	31270	32144	32736	32883
90.584	32210	35070	32754	32642
90.624	30923	32971	32712	32692
90.664	35307	35786	32735	32863
90.704	34690	32782	32712	32731
90.744	32677	34810	32692	32876
90.784	33207	32473	32661	32511
90.824	32420	32982	32750	32769
90.864	33657	31300	32784	32648
90.904	33677	31632	32687	32533
90.944	33256	32472	32740	32496
90.984	31815	32834	32640	32605
91.024	30061	32238	32700	32659
91.064	33260	32069	32677	32711
91.104	34129	32420	32719	32714
91.144	32477	32710	32672	32681
91.184	32632	32493	32724	32943
91.224	32049	31499	32667	32593
91.264	32422	32439	32665	32179
91.304	33298	31882	32710	32388
91.336	33212	33980	32752	32539
91.376	32428	34264	32684	32567
91.416	31871	31268	32673	32852
91.448	32793	31595	32778	32816
91.488	32393	33271	32732	32513
91.528	34064	32193	32690	32864
91.568	33192	33161	32715	33114
91.608	32203	33789	32707	32571
91.648	32549	33403	32716	32647
91.688	33154	30258	32707	32736
91.728	31889	32238	32725	32443
91.768	32404	33824	32739	32579
91.816	32917	32647	32750	32530
91.864	34665	32204	32745	32550
91.912	33766	31532	32668	32501
91.952	32763	33937	32726	32676
92	32009	32998	32703	32813
92.04	32846	32813	32753	32735
92.08	32826	33206	32714	32965
92.12	31189	30379	32681	32606
92.16	31680	33642	32748	32704
92.2	30837	30731	32715	33013
92.24	33120	32038	32752	32606
92.28	34956	33354	32727	32665
92.32	32813	35270	32723	32715
92.36	31827	32329	32764	32624
92.4	33184	33546	32758	32506
92.448	33235	33247	32690	32848
92.496	34202	32638	32735	32702
92.536	31159	30429	32736	32557
92.576	32134	34660	32694	32414
92.624	32384	31381	32690	32783
92.664	33568	30321	32732	32605
92.712	32171	30719	32728	32627
92.752	33362	33336	32708	32506
92.8	31657	31563	32739	32830
92.84	31809	34400	32715	32685
92.888	34054	33103	32769	32721
92.928	32605	31499	32718	32612
92.976	32332	34461	32694	32548
93.016	31560	32115	32702	32745
93.064	32595	31504	32708	32822
93.104	33571	32164	32711	32553
93.144	33310	35756	32716	32245
93.184	32539	32995	32709	32636
93.224	31963	33138	32715	33027
93.28	33714	30012	32708	32976
93.328	32197	30392	32669	32655
93.368	30834	33305	32735	32820
93.408	30293	31584	32770	32593
93.456	33099	34939	32742	32601
93.496	33421	30598	32748	32521
93.536	32781	34013	32724	32680
93.576	31778	32932	32727	32569
93.616	33551	31073	32786	32768
93.664	33363	32959	32751	32960
93.704	33054	32973	32739	32708
93.744	32585	32227	32723	32782
93.784	31864	32532	32750	32695
93.824	32141	31270	32697	32688
93.864	33185	31552	32739	32541
93.904	32768	32960	32714	32457
93.944	33254	33087	32678	32563
93.984	32113	32753	32692	32551
94.032	31888	31793	32663	32831
94.072	32395	31539	32752	32780
94.112	33675	32280	32682	33015
94.152	32956	33060	32736	32728
94.192	33320	35953	32731	32465
94.24	34096	32923	32707	32642
94.28	33673	32244	32708	32647
94.32	33655	32512	32753	32365
94.36	32144	33730	32674	32380
94.4	33073	34905	32720	32849
94.44	34074	32292	32718	32736
94.48	34765	30898	32693	32324
94.52	32957	34565	32726	32676
94.568	31497	33259	32694	32426
94.608	30503	32311	32715	32696
94.656	32943	32876	32679	32655
94.696	32796	29167	32743	32749
94.744	32346	33045	32688	32853
94.784	29908	30996	32749	32460
94.824	31406	34228	32668	32445
94.864	33118	31135	32714	32701
94.904	33426	32911	32661	32815
94.944	33290	35727	32710	32832
94.984	33055	34387	32698	32481
95.024	32103	33681	32734	32614
95.072	29938	34020	32682	32715
95.112	31475	20844	32730	32647
95.152	33792	31802	32711	32710
95.192	34399	32904	32758	32633
95.232	34464	32735	32735	32821
95.272	34510	33861	32744	32733
95.312	33880	34391	32757	32963
95.36	33417	33888	32731	32706
95.4	32549	35787	32675	32650
95.448	31994	31453	32739	32763
95.488	32409	34112	32750	32526
95.528	31970	31825	32730	32504
95.568	31013	33358	32633	32924
95.608	32026	34442	32677	32440
95.656	33831	33605	32701	32647
95.696	32502	33040	32768	32797
95.736	33889	33421	32772	32554
95.784	32638	33338	32747	32485
95.824	31416	31758	32748	32798
95.864	33658	30718	32755	32907
95.904	32327	30009	32693	32674
95.952	31656	33397	32750	32527
95.992	31218	31583	32669	32753
96.032	33587	30921	32742	32889
96.072	32279	32828	32740	32948
96.112	32576	31820	32707	32767
96.152	32399	32910	32736	32473
96.192	32416	34380	32780	32848
96.232	32901	33774	32689	32731
96.272	32539	30145	32671	32398
96.312	32895	32490	32735	32700
96.344	33093	35429	32757	32818
96.384	30336	33579	32761	32496
96.424	32881	33076	32671	32760
96.456	32711	33994	32741	32690
96.496	32387	31941	32714	32706
96.536	33115	33141	32686	32720
96.576	32135	32900	32715	32897
96.608	31910	33824	32722	32653
96.648	33593	33550	32724	32815
96.688	32398	31028	32655	32447
96.72	31666	30945	32688	32830
96.76	31571	31829	32728	32797
96.792	29883	32824	32763	32712
96.832	33165	33379	32652	32755
96.864	36001	30891	32755	32706
96.904	35486	30274	32761	32559
96.944	32247	35418	32748	32583
96.976	32334	34794	32779	32443
97.016	32081	33884	32715	32730
97.048	34041	32315	32663	32730
97.088	35297	32439	32688	32676
97.12	32187	31140	32727	32880
97.16	30855	34276	32710	32601
97.2	33926	37387	32734	32386
97.24	35342	35199	32744	32617
97.28	33362	30052	32718	32395
97.32	30827	32343	32729	32812
97.36	32538	33852	32737	32647
97.408	29963	28111	32764	32496
97.448	31931	28478	32760	32707
97.48	32806	30963	32681	32713
97.52	32590	33154	32730	32409
97.56	33709	30960	32780	32645
97.6	32299	33864	32701	32573
97.632	34055	34645	32743	32840
97.672	33117	31842	32750	32679
97.704	35228	33391	32733	32685
97.744	32798	33356	32671	32463
97.776	31656	35441	32717	32910
97.816	32830	33351	32773	32787
97.856	31372	36287	32785	32625
97.896	33981	35261	32637	32625
97.936	33621	35400	32742	32552
97.984	29576	30100	32722	32738
98.024	32337	28340	32724	32665
98.064	35967	27521	32676	32765
98.104	34635	30451	32727	32747
98.144	33214	31983	32686	32733
98.184	32355	32473	32749	32639
98.224	31624	35264	32721	32481
98.264	33988	32928	32738	32368
98.304	33652	33305	32741	32664
98.344	33177	33470	32754	32386
98.384	31754	34145	32696	32701
98.424	33873	33814	32622	32590
98.456	31748	33583	32718	32673
98.496	33407	32146	32712	32469
98.536	32936	33655	32741	32730
98.568	33817	34785	32692	32784
98.608	31722	34728	32706	32482
98.648	31989	30485	32729	32747
98.68	32812	31873	32777	32789
98.72	33337	34345	32697	32666
98.752	33871	32805	32674	32737
98.792	30807	32664	32723	32644
98.832	32258	31472	32716	32682
98.872	32313	30938	32654	32674
98.912	32769	32542	32618	32531
98.952	33093	34110	32726	32769
98.984	32390	33281	32699	32503
99.024	32433	33803	32575	32749
99.064	34854	30674	32704	32330
99.104	33600	33448	32705	32712
99.144	32024	33407	32709	32537
99.184	33016	32648	32737	32531
99.216	33079	32705	32718	32807
99.256	31694	31555	32770	32814
99.296	32626	30936	32707	32620
99.336	31943	33637	32685	32724
99.368	31001	34667	32747	32197
99.408	31323	33161	32749	32641
99.448	32581	32183	32707	33089
99.488	32593	33561	32695	32637
99.528	33401	30864	32751	32529
99.568	32483	32225	32654	32609
99.608	30157	28832	32711	32799
99.648	32746	31349	32699	32830
99.688	31564	31319	32692	32778
99.728	33162	33916	32706	32552
99.768	31939	34667	32763	32684
99.808	32708	33304	32687	32421
99.848	34448	32741	32636	32846
99.888	33531	32201	32707	32601
99.928	33553	32714	32740	32402
99.968	30898	32383	32715	32807
100.008	32310	33793	32729	32703
100.048	34260	32961	32615	32667
100.088	33584	34897	32717	32768
100.12	32002	30325	32730	32672
100.16	28312	23195	32709	32472
100.2	30479	30274	32735	32723
100.24	33783	31531	32753	32662
100.28	35777	34929	32695	32514
100.32	31279	28380	32693	32637
100.352	31586	31615	32752	32535
100.392	33241	36410	32800	32820
100.432	35704	35491	32719	32488
100.472	34366	35300	32686	32754
100.512	35712	34860	32728	32688
100.552	32063	35130	32746	32724
100.592	32557	35019	32745	32703
100.632	32383	32771	32681	32709
100.672	33522	33829	32659	32374
100.712	37798	44534	32705	32691
100.752	35427	37030	32738	32633
100.792	32319	32572	32706	32773
100.832	31029	26866	32737	32615
100.872	32224	26609	32707	32632
100.912	31478	26248	32723	32713
100.952	31555	30557	32730	32792
100.992	30535	28879	32732	32684
101.032	31418	28080	32687	32531
101.072	31025	28694	32732	32898
101.104	30649	28066	32719	32694
101.144	30518	29425	32733	32470
101.184	29762	31521	32747	32108
101.224	31341	29695	32725	32881
101.264	33665	31295	32714	32592
101.296	33392	29838	32695	32550
101.336	32062	30784	32743	32743
101.376	31637	33785	32758	32920
101.416	31940	33806	32735	32610
101.456	33952	33236	32679	32956
101.488	33272	33549	32790	32561
101.528	33500	35193	32725	32588
101.568	33941	33808	32647	32441
101.6	32942	35533	32730	32616
101.64	33727	35035	32727	32532
101.68	33868	32844	32755	32753
101.72	34364	34988	32684	32660
101.76	32459	35047	32604	32745
101.8	30862	32877	32717	32834
101.84	32533	34297	32693	32773
101.872	33064	33740	32726	32506
101.912	33907	30885	32727	32317
101.952	32680	34981	32726	32346
101.992	29943	34792	32703	32543
102.032	33897	32189	32733	32857
102.072	34412	33329	32711	32827
102.104	33305	31662	32747	32585
102.144	32717	32985	32735	32725
102.184	32314	34405	32744	32715
102.224	32966	31319	32768	32492
102.264	33370	30639	32758	32717
102.296	32685	30913	32718	32843
102.336	32244	33942	32684	32423
102.368	32132	33303	32678	32624
102.408	32240	32559	32672	32920
102.448	33358	32699	32769	32747
102.488	32606	32138	32761	32584
102.528	34128	34329	32720	32500
102.568	32457	31324	32752	32447
102.6	31077	31846	32712	32532
102.64	31957	33281	32740	32667
102.68	32797	30770	32725	32707
102.712	33296	31247	32740	32701
102.752	32624	34246	32737	32716
102.792	34235	39583	32691	32133
102.832	36350	65504	32744	32693
102.872	34104	28589	32768	32645
102.912	33147	27222	32734	33092
102.952	30111	25872	32736	32669
102.984	29634	25705	32723	32856
103.016	30226	23535	32722	33028
103.056	31270	26193	32706	32301
103.088	31304	28360	32719	32406
103.128	32170	30010	32746	32640
103.168	30495	31179	32693	32672
103.208	24938	19007	32743	33076
103.248	27655	19603	32704	32605
103.288	32386	29399	32720	32581
103.328	34468	35085	32772	32658
103.368	33367	34568	32726	32645
103.408	33501	38180	32683	32527
103.448	35180	37464	32716	32815
103.48	37901	37433	32723	32612
103.52	38111	41645	32698	32578
103.552	40928	48972	32704	32398
103.592	36983	41237	32722	32498
103.624	34939	38834	32677	32317
103.664	35578	34330	32742	32597
103.696	32875	30152	32652	32389
103.736	30302	29568	32732	32591
103.776	30277	30566	32734	32679
103.808	31290	29671	32688	33054
103.848	29682	27537	32799	32777
103.88	30801	27263	32717	32653
103.92	31539	29763	32720	32591
103.952	31771	30894	32721	32806
103.992	30174	32935	32763	32677
104.024	32109	34735	32725	32649
104.064	34600	29665	32724	32741
104.104	34886	32003	32739	32235
104.136	34010	34926	32733	32416
104.168	33060	34908	32687	32636
104.208	31621	34575	32710	32759
104.24	32319	33610	32727	33047
104.272	34113	30946	32717	32406
104.312	34518	35673	32707	32508
104.344	33232	34669	32698	32852
104.376	30376	31738	32756	33012
104.416	31135	32174	32677	32842
104.456	31867	31860	32689	32523
104.496	32626	31923	32718	32576
104.536	32038	28684	32721	32748
104.576	33653	36805	32742	32377
104.616	32694	35304	32650	32401
104.648	33589	32454	32703	32877
104.688	34048	31459	32765	32610
104.728	34554	34654	32699	32682
104.768	31799	32372	32723	32991
104.808	30785	32860	32705	32381
104.84	32949	35128	32705	33226
104.88	32080	30720	32663	32754
104.912	32596	32848	32719	32450
104.952	31549	30985	32652	32498
104.992	30737	30722	32708	32782
105.024	31571	32664	32714	32774
105.064	34697	34198	32749	32494
105.104	34511	29991	32693	32605
105.144	33615	33352	32702	32640
105.176	31206	32175	32785	32583
105.216	31940	32644	32763	32792
105.248	32057	32520	32718	32006
105.288	32267	32607	32690	32755
105.32	31349	34711	32721	33057
105.36	32667	34137	32736	32022
105.392	34299	35123	32717	32542
105.432	33060	32855	32684	32771
105.464	35316	32098	32707	32540
105.504	32972	31434	32689	32449
105.536	32490	29882	32737	32770
105.576	32041	33258	32728	32724
105.608	31703	34539	32699	32570
105.648	31305	31787	32658	32705
105.68	33252	34481	32691	32826
105.72	32733	34817	32705	32837
105.76	33805	37456	32747	32749
105.808	31702	35677	32768	32632
105.848	32104	30084	32753	32781
105.888	32890	28829	32728	32980
105.928	31729	24710	32697	32698
105.96	32051	27101	32719	33020
106	31334	31967	32699	32629
106.04	31663	31543	32703	33109
106.072	32718	32420	32744	32376
106.112	33540	35739	32712	32513
106.144	33819	35961	32741	32626
106.184	32540	36340	32664	32333
106.216	32170	34353	32677	32811
106.256	33687	35445	32718	32653
106.288	33467	33436	32695	32923
106.328	32820	34246	32722	32601
106.36	32049	33334	32747	32520
106.4	32732	34733	32606	32454
106.432	33607	34275	32738	32391
106.472	33307	33683	32697	32662
106.504	31453	31666	32648	32600
106.544	32247	31500	32708	32435
106.576	31991	32432	32785	32878
106.608	29801	29674	32721	32545
106.648	32178	33042	32737	32471
106.68	34240	29948	32594	32835
106.72	33550	32722	32756	32514
106.76	31907	32392	32696	31864
106.8	32185	34980	32743	32585
106.832	33446	32147	32719	32415
106.872	32988	34008	32737	32966
106.912	33655	32310	32720	32335
106.952	32768	33113	32727	32643
106.984	31820	33372	32774	32775
107.024	32461	35379	32730	32550
107.064	33672	33572	32733	32511
107.104	33787	30800	32748	32664
107.136	32730	31721	32739	32448
107.176	32567	33048	32630	32355
107.216	31250	32579	32721	32592
107.256	32104	31815	32771	32885
107.296	33928	31668	32720	32849
107.336	33079	32947	32746	33219
107.368	31793	32472	32736	32364
107.408	30348	32155	32731	32408
107.448	33831	31878	32703	33069
107.48	32515	33338	32748	32527
107.52	34726	33146	32642	32623
107.56	33154	33417	32706	32433
107.592	32945	34881	32691	32549
107.632	37711	44674	32670	32976
107.672	35959	30342	32722	32536
107.704	33994	21879	32685	32627
107.744	32885	27847	32767	32728
107.776	31228	25772	32789	33027
107.816	30811	28661	32650	33166
107.856	29053	24359	32712	32558
107.896	30454	24565	32714	33104
107.936	25283	18125	32717	32497
107.976	26647	22020	32705	32627
108.016	30222	28819	32727	32778
108.056	32282	31859	32748	32088
108.096	35080	32933	32732	32803
108.136	35639	36911	32718	33202
108.176	35156	39779	32644	32764
108.216	34186	37908	32683	32516
108.256	31976	32012	32726	32674
108.296	33439	29508	32701	33110
108.336	32674	34042	32720	32590
108.376	33331	34959	32682	32637
108.416	33301	34375	32711	32551
108.456	33152	36505	32757	32616
108.496	34185	33449	32691	33069
108.536	28369	27763	32745	32697
108.576	31402	33475	32739	32429
108.616	32282	33746	32618	32569
108.656	34435	34983	32750	32655
108.696	33770	35091	32689	32903
108.728	35338	34415	32734	32787
108.768	34084	35683	32711	32702
108.8	34345	36976	32734	32511
108.84	33064	36774	32725	32802
108.872	33821	32980	32694	32478
108.912	34102	31932	32679	32799
108.944	33592	32043	32714	32587
108.984	31899	32715	32685	32617
109.024	31592	32874	32729	32673
109.064	32031	30893	32727	32631
109.104	32445	29409	32765	32348
109.136	31553	30204	32718	32790
109.176	30469	31424	32732	32762
109.216	31798	31996	32735	32615
109.248	31170	31059	32680	32517
109.288	31185	30971	32706	32809
109.328	33784	36646	32701	32954
109.368	36378	43130	32723	32518
109.408	32518	34353	32677	32518
109.448	31654	30253	32702	32756
109.48	32230	30457	32743	32802
109.52	30856	28524	32707	32869
109.552	31796	30513	32738	32641
109.592	31147	31041	32692	32759
109.624	30697	31674	32735	32670
109.664	30993	29085	32692	32486
109.696	33034	29301	32758	32465
109.736	30751	28292	32729	32331
109.768	30691	30863	32738	32984
109.808	31676	33409	32723	32784
109.848	32395	33279	32726	32500
109.888	34683	33484	32759	32468
109.928	33875	31454	32724	32881
109.968	32804	33964	32682	32507
110.008	33430	34889	32751	32477
110.048	32395	32910	32711	32534
110.088	33940	36217	32709	32415
110.128	34666	34422	32777	32832
110.168	32163	32742	32735	32707
110.208	31124	32879	32741	32947
110.248	33011	31650	32727	32885
110.288	36323	38610	32690	32656
110.328	34570	34587	32732	32643
110.36	34580	31926	32702	32914
110.4	31665	33147	32745	32943
110.44	30824	30452	32738	32754
110.48	31033	28781	32755	32688
110.52	31607	30059	32672	32595
110.56	31219	28570	32715	32569
110.6	28997	28164	32717	32694
110.64	32235	30512	32738	32875
110.68	33788	30687	32701	32719
110.72	34182	31738	32751	32938
110.76	32598	32917	32757	32651
110.8	33431	36095	32676	32709
110.832	32238	30572	32731	32799
110.872	32102	30319	32637	32801
110.912	34688	31735	32647	32727
110.944	34412	34625	32758	32907
110.984	34509	35729	32700	32867
111.024	33648	37296	32683	32753
111.064	32646	30850	32700	32728
111.104	33663	33731	32711	32236
111.144	34633	34261	32716	32552
111.184	34477	34988	32735	32556
111.224	33074	33864	32663	32778
111.264	33278	32959	32708	32199
111.296	32491	32429	32745	32556
111.336	33523	33588	32701	32750
111.376	31751	33192	32742	32705
111.416	31753	31238	32752	32801
111.448	31783	31998	32741	32661
111.488	32727	31574	32767	32649
111.52	32221	31128	32675	32875
111.552	32821	31553	32715	32545
111.592	31301	33007	32714	32702
111.632	32160	31115	32744	32492
111.664	32601	32670	32735	32603
111.704	33700	33707	32738	32843
111.744	32835	32132	32747	32857
111.784	34195	35275	32709	32724
111.824	31780	33561	32723	32606
111.864	34565	32180	32728	32622
111.896	32445	30025	32699	32348
111.928	32372	31421	32705	32524
111.968	32667	32953	32755	32221
112.008	31390	32424	32701	32837
112.048	32054	30051	32720	32577
112.08	31415	29712	32701	32532
112.112	34132	30352	32740	33022
112.152	32430	32573	32706	32577
112.184	33992	34316	32700	32650
112.224	32259	34244	32715	32730
112.256	32100	32939	32725	32701
112.296	32344	31831	32734	32804
112.328	32822	31274	32680	32411
112.36	31807	31738	32714	32665
112.392	31872	34629	32735	32579
112.432	31624	31835	32686	32629
112.464	34068	32164	32707	32548
112.504	32857	28430	32741	32695
112.536	31678	28948	32707	33073
112.568	32330	32493	32733	32703
112.608	31772	33074	32708	32340
112.64	32502	34913	32664	32920
112.68	34478	32489	32732	32846
112.72	32739	33354	32712	32541
112.76	33240	35635	32673	32805
112.792	32324	34560	32713	32349
112.832	33949	33490	32755	32953
112.864	33825	35070	32730	32366
112.904	34161	33170	32687	32864
112.936	33745	32322	32756	32711
112.976	33325	33574	32706	32562
113.008	31948	32845	32768	32560
113.048	32347	33669	32777	32596
113.08	32072	31461	32710	32933
113.12	32636	31130	32718	32528
113.152	32041	32596	32673	32577
113.192	32981	33428	32650	32451
113.224	30926	33111	32690	32848
113.264	33510	30824	32663	32883
113.296	32078	30992	32722	32633
113.336	32779	30748	32694	32811
113.376	32096	33346	32738	32411
113.408	32006	34616	32715	32621
113.456	33398	31930	32658	32646
113.496	33055	31417	32731	32578
113.536	32326	31675	32701	32516
113.568	31717	30139	32701	32797
113.616	31997	31376	32701	32517
113.656	32779	32526	32774	32646
113.696	33155	30680	32733	32700
113.736	31977	31068	32766	32903
113.776	32848	33640	32694	32878
113.816	31600	34463	32699	32532
113.856	32598	32106	32708	33150
113.896	33475	31319	32724	32646
113.936	32857	33037	32748	32373
113.976	32257	33579	32732	32416
114.016	32043	32610	32658	32545
114.056	32344	31767	32624	32808
114.096	32995	32752	32715	32744
114.128	32976	31761	32696	32745
114.168	32836	31781	32692	32435
114.208	33005	32498	32664	32767
114.24	33250	31735	32774	32771
114.28	32803	31142	32694	32666
114.32	33567	31847	32713	32580
114.352	33144	31427	32746	32683
114.392	33401	33562	32715	32872
114.432	32677	31991	32735	32867
114.48	32205	32969	32723	32723
114.52	31925	32791	32720	32464
114.56	32568	33592	32717	32558
114.6	32290	31783	32720	32653
114.64	32265	32308	32717	32399
114.68	33371	33909	32721	32293
114.72	33221	33315	32659	32860
114.76	32275	32685	32750	32440
114.8	32614	32388	32754	32732
114.84	31925	32921	32701	32657
114.88	32766	33253	32759	32818
114.92	32188	34361	32754	32414
114.96	32549	32564	32728	32633
115	31956	32227	32710	32414
115.04	32487	31827	32655	32465
115.088	32603	32232	32770	32769
115.128	32692	33361	32717	32948
115.168	32869	31306	32721	32733
115.208	33099	32621	32702	32381
115.248	32641	32755	32718	32808
115.288	32464	31406	32726	32755
115.328	32567	32743	32670	33028
115.368	32780	31636	32700	32730
115.408	32140	32851	32705	32561
115.448	33567	33179	32754	32723
115.488	31246	32352	32712	32645
115.528	32596	32782	32712	32730
115.568	33487	33426	32733	32817
115.608	33304	33848	32725	32570
115.656	33381	33813	32766	32671
115.696	33599	33846	32703	32623
115.736	32812	32958	32748	32581
115.776	31977	32333	32681	32620
115.816	32118	31985	32718	32713
115.856	33762	34666	32685	32414
115.896	32309	31783	32701	32960
115.936	32372	33936	32723	32644
115.976	32065	33079	32755	32418
116.016	32164	31435	32673	32755
116.064	31500	31158	32749	32777
116.104	31707	29849	32732	32659
116.144	32186	31622	32727	32506
116.184	32736	32304	32709	32584
116.224	32926	32221	32733	32535
116.264	33020	33356	32706	32256
116.304	32810	32540	32674	32526
116.352	32441	33451	32742	32630
116.392	33047	33767	32697	32628
116.44	33649	34307	32770	32685
116.48	33622	33749	32704	32672
116.52	32787	32792	32728	32950
116.568	34023	34803	32693	32568
116.608	32781	32550	32713	32751
116.648	32866	32313	32714	32477
116.688	32990	32975	32697	32705
116.728	33281	32767	32724	32549
116.776	33308	33046	32701	33030
116.816	32777	32239	32695	32610
116.856	33385	34909	32750	32789
116.904	32840	31634	32715	33044
116.944	31741	31366	32744	32908
116.984	32135	33293	32771	32758
117.024	32012	32074	32735	32757
117.072	32208	33716	32707	32515
117.112	32507	32401	32714	32260
117.152	32187	32452	32704	32678
117.192	32836	33412	32716	32756
117.232	32273	32237	32705	32369
117.28	32714	33817	32706	32463
117.32	32408	31435	32766	33080
117.36	32948	33088	32713	32747
117.4	32746	32215	32710	32796
117.44	33243	32821	32719	32654
117.48	33163	32596	32700	32708
117.52	32726	33717	32716	32549
117.56	32498	33464	32699	32615
117.6	32415	32464	32672	32801
117.64	32431	31961	32733	32624
117.68	31115	30542	32712	32645
117.72	32585	32304	32744	32513
117.76	33024	33697	32737	32717
117.8	32143	32114	32717	33047
117.84	32030	32428	32713	32689
117.888	32453	32490	32687	32494
117.928	32859	32859	32697	32601
117.968	34085	33839	32703	32679
118.016	32794	33671	32711	32836
118.056	33126	33823	32719	32547
118.096	33402	33467	32691	32574
118.136	33620	33287	32731	32594
118.184	32396	32078	32715	32818
118.224	32570	31832	32719	32809
118.264	33212	32410	32700	32843
118.304	32664	33085	32715	32904
118.352	32855	32420	32750	32588
118.392	32804	32543	32735	32710
118.432	32600	32234	32711	32580
118.472	33061	31617	32635	32812
118.52	32315	32732	32724	32623
118.56	32774	31830	32693	32664
118.6	32753	33273	32689	32581
118.648	32221	32326	32725	32671
118.688	33123	32771	32713	32732
118.728	33093	32302	32716	32624
118.776	32672	32766	32701	32847
118.816	31584	31135	32709	32839
118.856	31976	31763	32674	32664
118.904	33165	34818	32727	32463
118.944	32636	34880	32680	32365
118.984	32839	33204	32669	32550
119.024	32722	32626	32737	32792
119.064	33410	33395	32701	32774
119.104	32233	32989	32714	32910
119.144	32216	31945	32690	32811
119.184	33063	33323	32710	32609
119.232	32617	32949	32714	32584
119.272	32891	32947	32704	32482
119.312	32224	31850	32737	32912
119.352	33690	33901	32718	32850
119.392	32647	32598	32712	32826
119.44	32652	33945	32712	32570
119.48	32695	33006	32728	33100
119.52	31821	31913	32734	32784
119.56	32233	33734	32675	32726
119.6	32554	32589	32740	32491
119.64	31898	30730	32753	32526
119.688	32412	33236	32700	32752
119.728	32795	33185	32734	32471
119.768	33137	33654	32694	32618
119.816	32396	31711	32715	32453
119.856	32991	33480	32699	32681
119.896	32283	32656	32686	32799
119.936	32681	31525	32710	32389
119.976	32786	33544	32721	33058
120.024	32680	33535	32725	32434
120.064	32403	31758	32673	32512
120.104	32957	33517	32711	32532
120.144	33124	32930	32682	32685
120.184	31819	32093	32750	32705
120.232	32134	32406	32733	32492
120.272	33020	32871	32756	32638
120.312	32910	32222	32716	32712
120.352	31839	30597	32723	32775
120.392	31524	30958	32725	33106
120.432	32617	32312	32718	32606
120.472	33645	34324	32713	32741
120.512	32728	34181	32751	32729
120.552	33062	32387	32724	32714
120.592	32969	33377	32749	32787
120.632	31788	31151	32730	32813
120.672	31731	32071	32669	32401
120.72	33463	33927	32749	32771
120.76	32647	34006	32702	32733
120.8	31710	32083	32734	32648
120.84	32092	31526	32780	32624
120.88	32323	32944	32718	32741
120.92	33086	33363	32743	32852
120.96	32112	32237	32741	32728
121	32639	32714	32688	32463
121.04	32747	32921	32691	32547
121.08	32282	31841	32671	32579
121.12	32252	32761	32681	32835
121.16	33072	34444	32743	32404
121.2	33313	34091	32709	32728
121.24	32299	33514	32731	33008
121.28	32738	31812	32741	32661
121.32	33379	32242	32697	32867
121.36	33204	32556	32690	32912
121.4	32661	32929	32701	32596
121.44	32681	31722	32724	32863
121.48	32566	31149	32674	32861
121.52	32051	31569	32722	32647
121.56	33135	32751	32707	32657
121.6	33707	33425	32691	32453
121.648	32547	33623	32722	32779
121.688	32286	33468	32691	32498
121.728	32053	32780	32698	32552
121.768	32152	32412	32721	33082
121.808	32414	32482	32730	32778
121.848	32308	32915	32726	32826
121.896	32475	32726	32704	32683
121.936	32695	32868	32697	32525
121.976	32964	33942	32744	32291
122.016	32546	32517	32682	32570
122.064	32673	32350	32711	32648
122.104	32997	32265	32694	32805
122.144	32328	31240	32665	32823
122.184	32232	31523	32709	32737
122.224	32366	32348	32680	32656
122.264	32938	32117	32691	32393
122.304	32491	33504	32701	32701
122.344	33019	31937	32697	32475
122.384	32545	33961	32724	32794
122.424	32628	32770	32702	32641
122.464	32202	32463	32668	32494
122.504	32740	34332	32722	32725
122.544	32797	32193	32721	32494
122.584	33264	34632	32671	32536
122.624	33293	32923	32738	32815
122.664	32471	31134	32702	32964
122.704	33257	33762	32670	32805
122.744	31674	32506	32686	32683
122.784	32753	33025	32733	32908
122.824	32865	33309	32715	32853
122.864	32733	32882	32719	33177
122.904	32977	34118	32685	32823
122.944	32479	30830	32745	33013
122.984	32594	31884	32718	33002
123.024	32141	31439	32738	32504
123.064	31413	29571	32742	32761
123.104	31584	30928	32685	32593
123.152	33771	34112	32692	32726
123.192	32442	33420	32726	32674
123.232	32853	33141	32748	32338
123.272	32888	33984	32700	32305
123.312	32326	33181	32748	32521
123.352	32585	33231	32693	32905
123.392	32511	32931	32729	32508
123.432	33197	32812	32738	32426
123.472	32946	33125	32760	32651
123.512	33169	32508	32719	32329
123.552	33382	32826	32659	32272
123.592	32437	32885	32656	32305
123.632	32548	33161	32733	32302
123.672	32363	33945	32721	32329
123.712	33501	33180	32737	32868
123.752	32667	34525	32726	32785
123.792	32021	30958	32701	33055
123.832	32436	32791	32724	32785
123.872	32577	33797	32721	32821
123.912	33144	32690	32699	32121
123.952	31891	31838	32704	33557
123.992	32818	32761	32697	32746
124.032	31783	31816	32729	32837
124.072	32454	33493	32673	32476
124.112	32592	34096	32710	33090
124.16	32511	32659	32663	32724
124.2	31698	30589	32637	32673
124.24	33347	34502	32731	32421
124.28	31798	30274	32737	32967
124.32	33835	34128	32731	31870
124.36	32980	32970	32741	32457
124.4	32114	34023	32656	32476
124.44	32695	34432	32706	31927
124.48	32789	32350	32690	32365
124.52	32288	31636	32722	32588
124.56	33091	33142	32716	32677
124.6	32845	32976	32678	32586
124.64	32220	30628	32675	33775
124.68	32760	33224	32727	33278
124.72	33359	34131	32764	32059
124.76	32709	31157	32709	33613
124.8	32216	32891	32701	32602
124.84	32525	32990	32700	33355
124.88	32416	31691	32720	32784
124.92	32575	32526	32677	32408
124.96	32359	32090	32713	32462
125	31981	32341	32693	33147
125.032	33326	34136	32724	32566
125.072	33106	33657	32683	31805
125.104	31822	32792	32735	33070
125.144	34126	33148	32717	33189
125.184	33697	33106	32715	33241
125.224	32860	33198	32732	32950
125.264	32751	32378	32716	33008
125.304	32486	31286	32746	32802
125.344	32138	31356	32699	33809
125.384	32392	31597	32716	30987
125.424	31912	32877	32713	31812
125.456	33022	33685	32717	32763
125.496	31621	32288	32744	32548
125.528	32618	32227	32719	33591
125.568	32087	32050	32726	32436
125.6	32480	32550	32675	32600
125.64	32396	34292	32711	32021
125.672	32051	33160	32677	31654
125.712	32815	33812	32689	31535
125.752	32798	32937	32738	33823
125.792	33155	32877	32662	33709
125.832	32100	31724	32713	32939
125.872	31815	33200	32717	32919
125.912	32226	31924	32785	32851
125.952	31334	30092	32699	32346
125.992	30109	29968	32718	32778
126.032	33266	33385	32657	31641
126.072	32946	33715	32714	33228
126.104	34290	33013	32720	32642
126.144	35599	33243	32758	32417
126.184	34292	34345	32678	32739
126.224	33362	32361	32738	31956
126.264	33320	34300	32698	32793
126.304	32177	30278	32737	33266
126.344	32088	32292	32710	32367
126.384	31704	31493	32674	32495
126.424	31246	31629	32695	32643
126.464	32236	33330	32736	32714
126.504	31826	32468	32719	32610
126.544	32722	31010	32717	32997
126.584	32076	32506	32712	32574
126.624	33364	32655	32743	31731
126.664	32177	32557	32708	33058
126.704	31503	30609	32762	32837
126.736	33198	33791	32734	32462
126.776	33151	32696	32739	33136
126.808	32711	30750	32698	32295
126.848	32261	32720	32707	32513
126.888	32546	34159	32717	32378
126.928	32085	31811	32738	32698
126.968	30006	30418	32717	33039
127.008	32303	32346	32707	33129
127.048	34224	35742	32680	32782
127.088	34987	35614	32686	32629
127.128	35764	35267	32739	32738
127.168	31454	30057	32685	32527
127.208	28913	29320	32759	32533
127.248	32475	32907	32669	32729
127.288	33867	34378	32645	32167
127.328	35843	34414	32733	32258
127.368	37148	36236	32708	32664
127.408	35348	33605	32691	32841
127.448	34176	35318	32718	31925
127.488	32621	33338	32716	32818
127.528	31229	30679	32715	32731
127.56	31613	29113	32714	32427
127.6	30595	30506	32731	32966
127.64	30598	32475	32725	32842
127.688	30279	32423	32694	32412
127.728	31640	31464	32729	32837
127.768	32562	30454	32729	32812
127.8	33754	32872	32710	32454
127.84	32068	32579	32732	32848
127.88	31041	32705	32673	32359
127.92	31459	32321	32727	32090
127.96	33293	30795	32742	32670
128	34064	32938	32738	32924
128.04	32493	32258	32725	32627
128.08	32233	33338	32699	32693
128.12	33797	30666	32754	32639
128.16	31172	34509	32703	32900
128.2	32673	33223	32689	33380
128.24	33802	33615	32717	32307
128.28	32611	31419	32726	32743
128.312	32229	31041	32724	32714
128.352	34310	32649	32720	33051
128.384	33866	31191	32707	33036
128.424	33982	32592	32690	33328
128.456	33087	33384	32636	32794
128.496	33296	33325	32709	32776
128.528	31700	31519	32686	32920
128.568	32575	32501	32706	32454
128.608	33744	33945	32713	32755
128.648	32460	32963	32717	32709
128.688	31489	31186	32716	33439
128.72	32273	33630	32723	32413
128.76	33180	34481	32680	32182
128.8	31436	33298	32703	32394
128.832	29260	36418	32750	32796
128.872	31913	37009	32726	32786
128.904	30690	30106	32713	32090
128.936	32139	29670	32732	32240
128.968	33429	30398	32675	32520
129	33326	29808	32732	32459
129.032	32216	32313	32700	32333
129.064	33011	31945	32719	32479
129.096	32687	32744	32706	32554
129.128	34859	32992	32752	32478
129.16	33476	30419	32741	32995
129.2	33808	31686	32684	33048
129.232	33992	32700	32662	32692
129.264	34877	35158	32751	32388
129.296	33957	30640	32649	32938
129.328	32812	34251	32673	32711
129.376	32241	32536	32700	32870
129.408	31610	31724	32669	32556
129.44	32238	34437	32727	32768
129.48	31821	35303	32717	32697
129.512	31869	35318	32720	32415
