timestamp	ch1	ch2	ch3	ch4
265310	38974	31985	32710	32390
265317	29568	29737	32690	32646
265324	30276	28579	32716	32455
265331	31246	30738	32687	32861
265338	25730	30130	32696	32730
265345	20563	28613	32708	33082
265352	35377	32331	32686	32681
265359	33517	30389	32681	32672
265366	28853	25011	32750	33490
265373	46490	28929	32706	33346
265380	38358	26114	32697	33001
265387	46875	27128	32697	33405
265394	35856	29191	32719	32873
265401	33928	32154	32709	32780
265408	35191	31063	32708	32739
265415	19641	33607	32709	32705
265422	9494	36824	32688	33084
265429	24675	38973	32716	32138
265436	51362	65505	32664	32092
265443	50100	25850	32725	32465
265450	30589	30278	32676	32627
265457	35888	33341	32672	32192
265464	31638	29667	32687	32448
265471	30400	32310	32719	32557
265478	25971	32441	32681	32513
265485	30523	34413	32724	32273
265492	21122	28225	32696	32722
265499	27754	24698	32680	32695
265506	29250	23154	32702	32485
265513	27272	23753	32686	32263
265520	26982	23297	32736	32181
265527	24493	25898	32702	32627
265534	29829	29692	32701	32402
265541	25702	29521	32688	32717
265548	26290	32287	32697	32702
265555	26477	33508	32685	32356
265562	24614	34601	32732	32753
265569	33537	36393	32695	32145
265576	32641	36008	32707	32964
265583	30355	33092	32709	32686
265590	32738	37412	32696	32198
265597	32693	34222	32696	32856
265604	37037	38633	32725	32379
265611	28239	37512	32715	32425
265618	39703	38570	32700	32522
265625	38645	37574	32731	32712
265632	35565	36634	32699	32658
265639	42760	39679	32731	32494
265646	41263	38305	32720	32244
265653	35743	34855	32715	32520
265660	34128	35048	32702	33039
265667	33051	36489	32708	32759
265674	31915	34235	32700	32730
265681	38381	40477	32701	32539
265688	35148	39307	32720	32512
265695	25606	38739	32696	32515
265702	39252	41139	32682	32417
265709	31050	38855	32703	32400
265716	35106	38059	32712	32542
265723	34513	37946	32692	32616
265730	28595	38610	32717	32721
265737	35689	36157	32704	32651
265744	35200	35313	32705	32943
265751	23101	32705	32685	32957
265758	36639	34525	32717	32651
265765	38363	32252	32709	33014
265772	31248	32034	32689	32833
265779	34130	31417	32715	32886
265786	28342	31182	32742	32341
265793	35733	31443	32688	32543
265800	36337	30025	32714	32869
265807	32204	28708	32710	33395
265814	35471	29015	32711	32740
265821	33349	29776	32699	32292
265828	23339	28805	32713	32947
265835	24594	28539	32727	32949
265842	29637	28453	32717	32564
265849	29627	24838	32726	33189
265856	38113	25661	32735	33106
265863	38910	28874	32707	33121
265870	37218	27333	32709	33271
265877	44013	29586	32675	33221
265884	38742	25046	32692	33390
265891	40803	27679	32701	32983
265898	31090	27526	32716	33084
265905	39762	32892	32709	32861
265912	40865	34719	32728	33108
265919	14832	29421	32710	33188
265926	3586	30423	32729	32811
265933	45999	43138	32721	32476
265940	51245	65506	32693	32464
265947	49876	24011	32726	32633
265954	39614	31225	32702	32489
265961	33530	26002	32721	32640
265968	32598	30364	32689	32639
265975	31157	32871	32694	32211
265982	27972	29681	32696	32372
265989	20196	33955	32706	32205
265996	28310	35155	32682	31813
266003	21273	36709	32716	32140
266010	28249	38792	32700	32234
266017	29479	37639	32724	31708
266024	19099	35530	32720	32659
266031	23813	33781	32687	31982
266038	29549	33456	32712	32460
266045	21832	31755	32668	32333
266052	30926	32908	32688	32235
266059	21369	30670	32725	32595
266066	25993	30845	32714	32636
266073	29131	32304	32722	32433
266080	32799	30999	32695	33081
266087	30908	30294	32694	32827
266094	31185	30775	32712	32244
266101	23470	27750	32717	32839
266108	41424	32991	32717	32296
266115	44179	31303	32713	32070
266122	41049	29272	32715	32530
266129	39828	29472	32704	32612
266136	35102	30316	32688	32410
266143	37985	31441	32705	32740
266150	33068	29057	32695	32783
266157	34842	31918	32669	32700
266164	42833	32011	32714	32795
266171	38898	31597	32716	32765
266178	40659	29106	32725	33047
266185	32087	30546	32733	32832
266199	31442	28905	32693	33061
266206	31934	31857	32701	32760
266213	34434	30618	32717	32996
266220	37291	29869	32716	32906
266227	36279	30098	32691	33317
266234	31652	31399	32707	32835
266241	36714	31563	32710	33109
266248	35484	30512	32697	32811
266255	28885	31759	32696	32754
266262	32170	31281	32702	32400
266269	37555	32601	32704	32746
266276	33424	31018	32747	32739
266283	36947	33897	32691	32631
266290	35489	32183	32715	32669
266297	23538	31974	32719	32846
266304	29231	32270	32743	32660
266318	26262	30670	32709	32761
266325	29506	37078	32683	32525
266339	27291	65504	32702	32685
266346	37668	65505	32708	32771
266353	30872	65503	32702	32271
266360	40741	34050	32725	32560
266367	39342	65505	32721	32825
266374	39866	44939	32691	32864
266381	35892	18012	32711	32868
266388	35139	28191	32733	32902
266395	7598	28571	32685	33385
266402	16527	26454	32703	33040
266409	21441	29588	32724	32560
266416	51843	41905	32715	32474
266423	51708	40206	32686	32452
266430	32133	17344	32692	32631
266437	33060	20991	32726	32172
266444	31927	22746	32684	32431
266451	29541	22125	32704	32378
266458	29168	23359	32700	32505
266465	36822	26167	32718	32337
266472	28233	23577	32698	32663
266479	32200	23762	32706	32687
266486	25546	24957	32735	32556
266493	27088	27822	32714	32821
266500	22835	24680	32701	32747
266507	26925	26672	32676	32698
266514	31601	27758	32710	32456
266521	38295	27158	32702	32673
266528	26697	26516	32699	32883
266535	27289	28872	32710	33077
266542	25452	27631	32715	32716
266549	31419	27651	32707	32682
266556	38007	29732	32691	32590
266563	29048	28445	32706	32643
266570	31799	29645	32723	32524
266577	35180	31061	32723	32506
266584	29790	30650	32682	32513
266591	30008	29809	32714	32980
266598	48430	37013	32727	32498
266605	39691	38547	32720	32490
266612	40419	65502	32715	32425
266619	39858	65502	32722	32775
266626	25809	50636	32691	32667
266633	32247	31751	32718	32405
266640	39842	48628	32711	32691
266647	37650	46524	32707	32443
266654	43506	44398	32693	32798
266661	27301	29594	32711	32697
266668	34856	43664	32707	32550
266675	36143	42032	32720	32729
266682	36853	20861	32699	32599
266689	31298	27322	32715	32945
266696	38102	40749	32720	32574
266703	36133	39227	32687	32320
266710	28909	21660	32726	33170
266717	39388	40596	32711	32415
266724	29348	22556	32721	32744
266731	31188	21321	32692	33007
266738	45295	24817	32701	32741
266745	33042	22363	32721	32934
266752	37532	22619	32739	32496
266759	18757	25323	32704	33032
266766	30874	23477	32705	32753
266773	42230	28106	32703	32330
266780	34793	24103	32666	33042
266787	26274	25458	32697	32557
266794	30064	26356	32735	32124
266801	25490	28248	32728	32195
266808	37391	29574	32712	32718
266815	14972	27503	32736	32934
266822	26806	28930	32702	32872
266829	22855	29008	32732	33223
266836	31674	32387	32731	32292
266843	39526	30699	32722	32719
266850	45544	31753	32713	32788
266857	35240	28852	32705	32526
266864	28992	29106	32710	32824
266871	22409	28831	32666	32923
266878	43396	33304	32710	32454
266885	49080	32241	32707	32749
266892	3157	33012	32706	33096
266899	4362	32013	32708	32893
266906	36468	35631	32710	32586
266913	51516	39964	32712	32369
266920	50464	29941	32688	32484
266927	28330	30297	32731	32453
266934	26898	30382	32729	32436
266941	28092	31719	32724	32427
266948	37018	31559	32689	32318
266955	23063	34103	32708	32354
266962	25530	34802	32734	32586
266969	25081	34885	32724	32695
266976	20394	34823	32701	32889
266983	10576	36146	32687	32889
266990	44717	38549	32713	32467
266997	26800	33723	32708	32961
267004	27694	34190	32697	32631
267011	24688	36220	32730	32849
267018	32081	34268	32720	32514
267025	33530	34399	32716	32342
267032	32702	35104	32709	32359
267039	34154	37315	32720	32508
267046	25169	35602	32713	32845
267053	11255	36514	32716	32984
267060	44057	38632	32718	32539
267067	28721	35515	32715	32690
267074	45220	38084	32707	32464
267081	34680	34310	32679	32535
267088	36208	38361	32722	32772
267095	40540	33698	32721	33044
267102	33301	25931	32723	32623
267109	45007	23334	32689	32604
267116	34275	17857	32694	32961
267123	39904	14564	32725	32791
267130	41255	12505	32707	32481
267137	31518	15713	32698	33020
267144	29132	19655	32731	33141
267151	51809	21180	32704	32480
267158	41775	23744	32708	32230
267165	34925	26508	32707	33738
267172	23479	30886	32741	33054
267179	34538	32312	32686	32505
267186	41140	33057	32697	32686
267193	38432	35864	32708	32757
267200	34129	38003	32699	32671
267207	32440	37293	32718	32647
267214	28023	40005	32694	32505
267221	33843	40303	32700	32308
267228	31791	41037	32726	32583
267235	38616	41201	32723	32253
267242	40021	42875	32717	32173
267249	29501	42563	32716	32991
267256	38947	44485	32719	32677
267263	30936	41674	32720	32683
267270	21535	41940	32726	33068
267277	33947	44526	32720	32565
267284	31935	42361	32694	32360
267291	45829	43834	32683	32455
267298	37551	40885	32718	32730
267305	29167	39710	32726	32694
267312	23147	39441	32698	32531
267319	34713	43982	32708	32693
267326	16297	40215	32705	33018
267333	21345	41510	32730	32808
267340	36948	42428	32703	32402
267347	30376	37504	32703	32495
267354	28306	39284	32696	32501
267361	20431	37672	32698	32840
267368	46519	41822	32714	32582
267375	38495	37364	32718	33141
267382	37897	35594	32713	32808
267396	38742	36727	32701	32721
267403	44057	31384	32702	32952
267410	50185	31998	32728	32895
267417	2307	29045	32689	33706
267424	11583	27438	32717	33152
267431	51806	38039	32705	32990
267438	51368	34027	32697	32971
267445	26457	22531	32714	32932
267452	50229	28120	32721	32485
267459	21181	27971	32707	32394
267466	29378	27424	32720	32651
267473	42978	32391	32707	32701
267480	22564	25807	32649	32666
267487	29464	28395	32698	32162
267494	36237	30555	32729	32204
267501	26276	29890	32699	32976
267508	31146	29813	32706	32445
267515	25665	31107	32707	32411
267522	18987	29974	32726	32985
267529	24010	28719	32703	32367
267536	26333	35269	32694	31901
267543	25490	33963	32712	32090
267550	20895	34736	32699	32226
267557	24361	32635	32686	32210
267564	33352	34174	32694	31886
267571	32131	34129	32686	32435
267578	24818	31720	32719	32036
267585	30276	32092	32707	31971
267592	25101	32302	32702	32470
267599	34705	31393	32700	32591
267606	36259	30869	32719	32290
267613	32131	29577	32708	32485
267620	35994	31877	32710	32297
267627	40304	32961	32702	32691
267634	36190	25780	32707	32619
267641	38040	24638	32707	33159
267648	38491	26233	32699	33132
267655	35883	23059	32702	32859
267662	43875	25444	32729	32874
267669	36978	25050	32694	32315
267676	39053	24694	32670	32634
267683	39295	26323	32713	32881
267690	39099	24508	32724	33039
267697	31285	26604	32717	33093
267704	40701	30092	32701	32506
267711	37436	23884	32696	32897
267718	30804	30329	32657	33091
267725	42661	29360	32724	33009
267732	35967	28304	32715	33138
267739	35898	28471	32699	32835
267746	36680	30488	32729	32967
