timestamp	ch1	ch2	ch3	ch4
10	21459	28770	32697	32346
24	36997	23988	32727	31242
38	30146	22276	32703	32372
59	29652	21042	32696	32206
73	27281	25777	32714	31595
94	41748	33435	32712	31933
108	34709	35036	32697	32921
122	14271	37931	32709	33328
143	18481	39589	32707	32977
157	51735	45036	32688	33151
171	31837	35526	32708	33244
185	29447	35099	32716	33735
199	26564	37249	32716	32928
213	34756	39196	32725	32291
227	29003	38061	32697	33438
241	28991	36926	32707	32245
255	28750	36131	32721	33378
269	25403	34188	32705	33469
283	31613	33704	32715	32373
297	32557	31719	32729	33591
311	33115	30786	32705	33031
325	42333	35466	32717	32310
346	44314	65502	32703	33285
360	39159	23599	32719	33346
381	38765	65250	32718	33134
395	38006	50753	32692	32092
409	41036	46940	32717	32805
423	41751	46242	32733	32324
437	44823	31577	32714	33075
451	43363	31666	32727	33041
465	42304	29511	32728	33252
479	40397	30246	32715	32836
493	38722	28599	32708	32531
507	37120	29815	32731	32577
521	35359	28394	32713	32814
535	33381	29923	32738	32978
549	10514	5126	32745	31865
563	31713	30400	32740	32457
577	32532	32568	32713	32335
591	30930	7894	32717	33152
605	29759	14992	32721	33156
619	28818	20330	32732	32684
633	28096	22066	32707	31987
647	10	20681	32712	33318
661	33272	22786	32728	32355
675	32103	24697	32702	31958
689	13402	26304	32725	32505
703	32441	28271	32728	33085
724	6598	30876	32724	32562
738	20148	34347	32731	32583
752	20277	34346	32704	33078
773	23388	37045	32712	32748
787	14274	32312	32718	32995
801	20726	36099	32695	31830
822	27038	33969	32709	32208
836	35521	34083	32715	32864
857	39443	29310	32719	31806
871	42175	27049	32721	32500
892	43744	30887	32729	32835
906	35981	33777	32727	33200
927	38665	24985	32697	33271
941	32736	41909	32705	31964
962	33506	45580	32703	32461
976	34956	35000	32735	32526
997	34370	31064	32731	32362
1011	40578	40089	32734	32321
1032	33377	29459	32725	32649
1046	41514	41531	32717	32117
1067	48954	36610	32730	32703
1088	48256	35298	32721	33151
1102	45543	33863	32754	32341
1123	8688	33517	32725	33532
1144	51834	32315	32711	33172
1165	40871	33040	32690	33087
1186	36100	31489	32710	33381
1207	31705	31460	32725	33086
1228	28119	30088	32739	32987
1249	24798	30755	32717	32627
1270	24788	29266	32721	32986
1291	25746	29324	32707	33169
1312	30673	30514	32733	32351
1333	34593	30905	32722	32217
1354	36880	32896	32703	32627
1375	38867	31787	32711	32774
1396	39598	32972	32710	33001
1417	39747	32313	32718	32051
1438	38601	31764	32710	32630
1466	19774	32313	32717	32751
1487	25572	32572	32712	33173
1508	36864	34497	32731	32926
1529	38280	33504	32718	32590
1550	8441	34250	32700	33518
1571	51661	34513	32723	32346
1592	37802	33499	32705	32784
1613	30743	32798	32713	32927
1634	27890	32727	32707	32241
1655	25177	30739	32731	33216
1676	22495	32065	32698	33096
1697	22753	34590	32711	32674
1718	26264	35517	32723	33003
1739	30285	36010	32719	32551
1760	35962	26595	32715	31806
1781	38949	32229	32718	32264
1802	40195	35593	32730	32555
1823	42229	35502	32719	31743
1844	41587	28374	32716	32612
1865	40459	23630	32724	32571
1886	34153	34830	32713	32709
1907	30117	28975	32719	33218
1928	35363	32501	32711	32371
1949	34591	33602	32732	32991
1970	26250	33530	32719	33661
1991	51738	35284	32700	32843
2012	21241	33853	32713	33308
2033	27748	30769	32740	32521
2054	29864	31241	32707	32580
2075	31484	30445	32701	32647
2096	32339	32168	32721	32603
2117	32399	30154	32719	33298
2138	34197	30072	32712	32201
2159	35765	31574	32709	33030
2180	36142	34903	32706	32698
2208	37831	33173	32709	33735
2236	37210	34652	32728	32830
2264	28918	32477	32715	33227
2292	34778	32769	32700	32824
2313	30101	32039	32714	32418
2341	31604	32842	32726	33125
2369	44281	34106	32709	32282
2397	10036	33086	32710	33328
2418	35653	32148	32714	32816
2446	33066	30851	32699	32059
2467	32825	33683	32715	32823
2495	19666	32014	32737	32576
2516	21250	31980	32703	32770
2544	34722	32154	32717	32681
2572	29135	32655	32712	32611
2600	45542	34185	32721	32819
2621	45199	34290	32709	32173
2649	29608	32386	32731	32476
2677	38992	32822	32724	33026
2705	25394	34062	32721	33371
2726	26940	32840	32729	33059
2754	43465	33622	32714	32733
2775	42936	33102	32698	33308
2803	40478	34204	32732	32889
2824	24727	31658	32722	32555
2852	31839	32595	32726	31819
2880	23095	32787	32715	33375
2901	20915	33324	32704	32557
2929	31413	33121	32706	32892
2957	29937	32677	32705	32630
2978	31484	32145	32723	32756
3006	40995	32309	32723	32813
3034	36481	31255	32732	32890
3062	33964	29883	32723	31990
3090	36770	30557	32710	32500
3118	22043	31263	32744	33185
3146	44295	31427	32711	32918
3174	31177	31956	32726	32874
3202	18177	32422	32712	32126
3230	28587	30436	32743	32246
3258	28332	30765	32717	32818
3286	26893	31037	32730	32723
3314	24062	33607	32717	32671
3342	33430	33183	32706	32277
3370	29056	33435	32720	32633
3398	43962	34714	32708	32859
3426	31248	33478	32716	33348
3454	39476	34674	32705	32606
3482	31502	34091	32720	32964
3510	35234	33913	32716	33754
3538	36103	34589	32708	32385
3566	23720	35644	32725	31944
3601	34855	32828	32708	32670
3629	42131	32831	32699	32443
3657	51816	37324	32726	33289
3685	30570	33548	32693	32002
3720	22193	32843	32723	32453
3748	32949	32219	32713	32359
3776	22149	32897	32705	32643
3804	35586	31509	32697	32249
3832	32930	31652	32695	32755
3860	39695	31918	32719	33145
3888	38285	31733	32695	32937
3916	31877	30796	32714	32951
3944	39808	31416	32715	32781
3972	28729	31160	32694	32596
4007	29149	32597	32704	32597
4035	28637	31715	32704	32746
4063	29761	31853	32704	32584
4091	33897	31244	32709	32586
4119	40039	33601	32709	32991
4147	48993	34159	32737	32757
4175	35654	33670	32723	31795
4203	21800	33941	32716	31447
4238	26928	32801	32717	32639
4266	25212	31761	32725	32325
4294	35201	29768	32749	33549
4329	42589	31602	32715	32664
4357	32779	31593	32715	32548
4392	37921	32089	32709	32964
4427	40941	32430	32714	32698
4455	28965	34073	32718	32918
4483	36784	33284	32708	32822
4511	30672	31223	32724	33051
4539	27602	31504	32691	32217
4567	35236	33353	32711	31999
4595	33026	33230	32724	32658
4623	17330	33576	32719	32117
4658	38596	32133	32706	32549
4686	25924	32114	32716	32412
4714	26723	32392	32694	32773
4742	30753	33834	32711	32779
4777	36111	33415	32715	32745
4805	29683	31067	32734	33255
4833	43594	32208	32702	32945
4868	34898	31167	32736	32372
4896	41739	32212	32696	32900
4931	40433	33212	32725	33112
4959	31128	33371	32726	32461
4994	37543	33376	32738	32795
5022	26521	32856	32726	33737
5057	22420	32074	32722	32664
5085	41976	33530	32715	32152
5120	11799	33512	32730	33015
5148	49490	32827	32707	32429
5183	34569	32515	32700	32882
5211	25746	32254	32746	32726
5246	29665	33022	32714	32504
5274	20801	33220	32715	33316
5309	30874	31485	32709	32811
5344	40923	33623	32709	32149
5372	32075	33193	32728	33022
5407	30037	32470	32711	32501
5442	35055	33484	32680	32473
5477	38331	33723	32706	33152
5512	26933	32448	32706	32405
5547	34173	33260	32707	32548
5582	8	32446	32721	32957
5617	35384	33243	32701	32668
5652	34261	31242	32725	32502
5687	28937	31630	32718	32310
5722	21554	32426	32712	33021
5757	28116	31958	32728	32664
5792	42981	31908	32720	32810
5827	44076	32581	32705	32401
5862	39810	34161	32731	31959
5897	30914	33651	32709	32651
5932	24822	34782	32723	32209
5967	34145	31201	32717	31826
6002	44589	32341	32716	32566
6037	37289	33180	32719	32511
6072	26977	31980	32725	32700
6107	21460	31614	32710	32378
6142	25718	32641	32722	32797
6177	34063	33165	32696	32649
6212	40604	32852	32701	32899
6247	36730	31750	32700	32800
6282	31584	30897	32705	33144
6317	35672	32124	32728	32604
6352	39856	32533	32724	32139
6387	36109	32509	32731	32842
6422	21600	32097	32737	33048
6464	40882	33391	32721	32362
6499	7394	34207	32710	33073
6534	26880	32863	32717	32310
6576	20131	32929	32729	32510
6611	21272	31307	32718	32705
6646	30534	32532	32704	32562
6688	35236	33274	32716	32810
6723	43561	32878	32722	32720
6765	34141	31659	32713	32873
6800	40210	28599	32721	32929
6835	39332	30232	32695	32567
6877	39593	31435	32739	32604
6912	32862	32455	32709	32714
6954	42618	33455	32701	32534
6996	10791	32362	32713	33598
7031	40305	33078	32711	31834
7073	30821	34204	32710	32261
7108	31588	33004	32707	32960
7150	32924	35852	32716	32101
7185	42078	36639	32718	32043
7220	39912	32762	32719	33445
7262	41256	32716	32706	32648
7297	32499	31850	32726	32611
7339	36898	31422	32740	32554
7374	29373	31892	32719	33682
7416	33443	32042	32730	32879
7451	21768	31105	32719	32180
7493	38062	33132	32720	32563
7528	8175	34018	32730	33469
7563	26449	31343	32734	32318
7605	22266	30920	32700	32420
7640	23794	31507	32710	31779
7682	25595	33221	32727	32790
7724	36945	32786	32734	31875
7766	40463	29991	32716	32641
7801	30805	32172	32718	32594
7843	35121	32302	32709	32733
7878	27604	32647	32712	32504
7920	30339	31424	32727	32924
7955	22363	33197	32714	33432
7997	35191	33585	32693	32460
8032	32188	32075	32723	32482
8067	50604	31983	32712	32118
8109	21510	28447	32715	32766
8144	26114	31509	32722	32836
8186	23011	32522	32715	32554
8221	34979	36754	32722	32825
8263	34915	33684	32725	32747
8298	38454	31999	32702	32528
8340	30822	33798	32737	32812
8382	26827	31161	32722	33230
8417	28832	33723	32712	32353
8459	22510	31865	32712	32839
8494	27295	35207	32728	32024
8536	31337	33445	32710	32770
8571	51808	33505	32724	32939
8613	23037	31413	32720	32848
8648	28601	31390	32717	32727
8690	22927	32540	32696	32592
8732	28612	33231	32739	32021
8767	35905	33409	32723	32592
8809	30320	32617	32701	32395
8844	32547	32228	32736	32531
8886	27450	31766	32708	32590
8921	31864	34915	32708	32815
8963	25364	32502	32731	33022
8998	26651	33296	32717	32729
9040	33475	33071	32711	32666
9082	51789	35341	32733	32491
9117	26118	31906	32705	32643
9159	21026	31087	32719	32634
9201	24983	30945	32695	32605
9243	37845	33013	32692	32495
9278	35955	33558	32699	32555
9320	39353	32429	32732	32736
9355	30238	33031	32713	32368
9397	34599	32943	32732	33140
9439	37699	32785	32715	32514
9474	28148	32412	32712	32559
9516	41301	33620	32723	32593
9558	27396	32000	32699	33561
9593	33613	32015	32720	32207
9635	34166	31721	32711	32531
9677	28784	33561	32733	32500
9712	35229	33006	32718	32467
9754	40225	32574	32715	32680
9789	43812	34382	32732	32590
9831	40149	34587	32703	32647
9866	39402	33176	32710	32649
9908	38854	32396	32705	32894
9943	36658	33263	32722	32886
9985	35028	35266	32711	33065
10020	41891	33902	32698	31942
10062	44104	35101	32739	32999
10097	32407	30778	32710	32638
10139	33445	32114	32677	32694
10174	27902	29833	32717	32811
10216	37989	34084	32728	32549
10251	37333	30964	32709	32568
10293	41792	34293	32736	32324
10328	33324	32889	32752	32304
10370	37724	31064	32712	33251
10412	38585	32910	32725	32713
10454	33205	32458	32713	32481
10496	27508	33028	32737	32852
10538	31346	32634	32713	32562
10573	51543	34079	32716	32998
10622	31430	31726	32720	32723
10664	33418	32468	32718	32436
10706	31844	34732	32720	32274
10748	35429	32925	32743	32768
10783	42801	32837	32721	32841
10825	34056	34416	32726	32839
10867	28321	33124	32730	32485
10909	27676	32241	32706	32388
10951	24777	32160	32736	32943
10993	44002	33868	32697	32462
11035	15272	33772	32723	32641
11077	29836	31739	32721	32590
11119	21978	31445	32707	32781
11161	22479	31937	32722	32649
11203	32852	31693	32721	32903
11245	43554	31744	32733	32798
11280	34792	31943	32716	32459
11322	38568	32906	32739	33016
11357	30258	34413	32718	32548
11399	35071	32806	32714	33276
11441	32805	31775	32716	32402
11476	39758	33291	32712	32414
11518	20979	32823	32724	32533
11560	33494	31910	32729	32279
11595	32770	31715	32709	32279
11637	32327	36302	32712	32568
11679	33059	32818	32704	32574
11721	35390	31375	32724	32461
11756	38736	32345	32718	32525
11798	30643	31849	32740	32603
11833	36969	33752	32709	32585
11875	29452	32204	32693	32784
11910	35944	32661	32700	32413
11952	23145	32632	32727	32766
11994	31585	30300	32694	32579
12036	24738	31082	32732	33028
12078	29873	30852	32709	32398
12113	22165	30319	32712	32717
12155	27959	31715	32709	32940
12190	26915	32855	32731	32579
12232	38512	32240	32716	32671
12274	41455	33204	32701	32913
12309	31799	32788	32725	32466
12351	37009	35049	32710	32105
12393	38820	35459	32713	32626
12435	34353	33511	32688	32171
12470	34054	33267	32707	32408
12519	31433	33292	32725	32364
12554	17220	33108	32729	33313
12596	26975	31631	32737	32758
12638	23563	33017	32700	32426
12680	29280	31747	32746	32955
12722	37797	32081	32722	32315
12764	43776	33537	32725	32888
12806	35195	31591	32731	32648
12841	40272	32534	32700	32712
12883	34644	31761	32732	32615
12925	27473	32413	32709	32652
12967	26285	33836	32718	32647
13009	27233	32472	32734	33088
13051	39603	33812	32717	32596
13093	31004	34653	32697	33397
13128	39722	31948	32717	33052
13170	34590	31576	32724	32536
13205	30572	32836	32703	32655
13247	35006	31153	32739	32993
13282	36725	28400	32746	32773
13324	44877	32655	32725	32811
13359	35681	33055	32706	33274
13401	39759	33546	32733	32713
13443	38506	31766	32712	32599
13485	32491	33484	32733	32526
13527	23005	32696	32731	32481
13569	30014	32666	32709	32568
13611	37778	32524	32722	32756
13653	36862	33205	32725	32480
13695	34286	33672	32722	32476
13737	28770	33040	32719	32809
13772	34327	32632	32712	32693
13814	40318	33293	32724	32489
13849	45572	35157	32722	33008
13891	40058	34800	32730	32765
13933	32544	32030	32725	32686
13975	26228	32867	32715	32888
14017	22512	32531	32733	33036
14059	36140	32232	32711	32415
14101	43003	32571	32721	32497
14143	40557	31025	32718	32638
14185	26469	32223	32716	32684
14227	20797	33182	32708	32664
14269	25027	32795	32705	32564
14311	42739	33457	32721	32805
14353	45649	30382	32724	32717
14395	41048	33161	32737	32544
14437	33764	32020	32735	32772
14479	26532	31908	32713	32877
14521	18162	33179	32724	32735
14563	37933	35057	32702	32383
14605	11683	34267	32710	32830
14647	34949	31541	32710	32529
14689	27153	31837	32706	32964
14731	22059	32076	32702	32545
14773	27993	32986	32724	32579
14815	39699	31995	32732	32424
14857	41452	31640	32718	32568
14899	40768	32200	32732	32584
14948	28248	33451	32712	32267
14997	35807	33685	32716	32707
15039	30608	32381	32722	32825
15081	31238	32959	32733	32929
15123	45082	32606	32714	32015
15165	27525	33462	32729	32711
15207	31935	34264	32739	32685
15249	34482	34261	32731	32385
15305	46047	32511	32705	32531
15347	41391	33275	32722	32861
15389	33601	31857	32714	32665
15431	27484	31630	32715	32587
15473	27212	33956	32720	33068
15515	27905	32581	32731	32586
15557	40593	32710	32706	32696
15599	33039	33159	32721	32862
15641	33581	32372	32712	32503
15690	28385	30827	32731	32302
15732	33526	33343	32715	32448
15774	37007	33193	32723	32563
15816	38614	32585	32716	32652
15858	30684	31452	32733	32839
15900	28967	31840	32731	32850
15942	33393	33153	32713	33092
15984	37875	34164	32743	32634
16026	34168	32402	32706	32510
16068	37564	33474	32717	32771
16110	5327	32789	32728	33410
16152	27982	31707	32714	32318
16194	26377	31980	32676	32459
16236	31823	32543	32716	32878
16278	36161	32513	32763	32744
16320	41088	33354	32703	33058
16362	32225	30823	32729	32771
16404	28507	32928	32737	32650
16446	31659	32097	32705	32695
16488	31945	32798	32730	32675
16530	41196	32308	32700	32755
16572	39468	32463	32744	32643
16614	32704	31722	32744	32466
16656	21010	31887	32737	32935
16698	23192	32514	32708	32677
16740	32245	32343	32707	32409
16782	46108	34247	32694	32936
16824	42734	34883	32730	32576
16866	33456	31034	32732	32829
16908	29048	31731	32727	32457
16950	24495	31114	32700	32674
16992	40411	32236	32715	33082
17034	13647	32573	32703	33305
17076	38326	30227	32701	32268
17118	25105	32102	32730	32715
17160	20815	33043	32699	32876
17202	26819	34192	32723	33059
17244	41320	32093	32729	32479
17286	42163	34101	32710	32666
17328	39781	32115	32696	32749
17370	33583	31640	32734	32697
17412	23309	34120	32723	32793
17454	28904	32952	32725	32711
17496	36014	33677	32717	32702
17538	50360	30715	32720	32290
17580	33499	30601	32687	32637
17622	27791	31424	32709	32442
17664	24458	33098	32708	32778
17706	32838	32988	32721	32550
17748	36908	31631	32751	32994
17790	39498	31270	32709	32997
17832	40486	32348	32723	32663
17874	34431	33583	32691	32960
17916	24320	31557	32701	32821
17958	30398	32469	32711	32466
18000	13073	33926	32726	33197
18042	36393	31407	32694	32792
18077	24329	32461	32714	32773
18119	29595	33342	32694	32643
18161	37435	32580	32727	32313
18203	42602	34353	32698	32858
18245	35081	34301	32709	32610
18287	28007	32567	32723	33055
18336	39629	32905	32718	32662
18378	35781	32598	32719	32573
18420	26007	31165	32702	32563
18462	29750	32054	32746	32822
18504	29265	31204	32713	32936
18546	36504	30528	32698	32978
18588	33859	32543	32707	32169
18630	31164	32437	32695	32595
18672	30053	34769	32705	33000
18714	32933	33845	32743	32729
18756	32483	31750	32704	32716
18798	35516	32052	32714	32513
18840	39337	32614	32712	32952
18882	37541	33616	32707	32744
18924	31077	33270	32732	32916
18966	22872	32882	32724	32497
19008	31908	32595	32714	32619
19050	51773	35184	32732	32578
19092	33846	33188	32713	32556
19134	33205	32604	32715	32525
19176	29227	33101	32731	32634
19218	31576	32857	32710	32568
19260	33446	32912	32726	32882
19302	35244	31307	32735	32649
19344	39022	32467	32700	32270
19386	38831	32835	32697	32797
19428	32504	32142	32725	32662
19470	23227	31687	32735	32873
19512	28923	31728	32689	32759
19554	27022	33868	32717	33133
19596	38116	32401	32711	32238
19638	34318	32611	32696	32581
19680	30259	32739	32743	32729
19722	27749	32660	32705	32668
19764	33779	32152	32704	32774
19806	34037	32008	32711	33007
19848	37845	34126	32731	32809
19890	38745	34172	32717	33284
19932	34827	31232	32729	32948
19974	24232	31319	32727	32742
20016	30098	27584	32726	32465
20058	33297	29403	32695	32946
20100	41996	32089	32696	32505
20142	34953	34288	32713	32445
20177	29539	36187	32724	32771
20219	34071	34002	32714	32882
20254	34394	33414	32702	32620
20296	45072	33914	32689	32677
20331	35140	34126	32710	33029
20373	39656	33896	32732	32335
20408	32298	33737	32712	32635
20450	30697	32484	32723	32702
20485	32311	31643	32717	32438
20527	37047	33186	32731	33255
20562	51009	32060	32711	32029
20604	27559	29833	32696	32767
20639	20865	30971	32728	32813
20681	26893	32692	32721	32598
20716	29805	30713	32727	32969
20758	40970	31779	32724	32880
20800	41360	32796	32731	32441
20835	32294	32220	32712	32537
20877	36729	34148	32720	32930
20912	21115	34830	32716	33013
20954	40591	31785	32714	32481
20989	2858	33899	32708	33442
21031	32993	30457	32736	32353
21073	32616	30411	32706	32357
21115	30981	31587	32709	32578
21157	30387	33548	32725	32545
21199	36226	31925	32717	32647
21241	32239	31849	32711	32620
21283	34282	31434	32722	32798
21325	38780	31742	32717	32674
21367	37755	33224	32723	32647
21409	25285	32943	32710	32416
21451	32681	32088	32707	32586
21493	10749	34295	32725	33173
21535	27588	32027	32721	32556
21577	31976	31986	32712	32550
21619	33441	32646	32714	32331
21661	35724	33750	32700	32695
21703	36528	32110	32725	32845
21745	30526	33074	32714	32466
21787	32911	31615	32733	33446
21829	37488	31529	32711	32806
21871	38139	32882	32684	32413
21913	29245	32318	32732	32623
21955	33231	32979	32726	32420
21997	51681	34991	32726	32674
22039	25017	32171	32712	32414
22081	30521	30991	32710	32754
22123	34852	34471	32706	32794
22165	38633	32451	32686	32478
22207	35856	33081	32726	32473
22249	28867	31704	32724	32587
22291	29932	32720	32693	32564
22333	35935	32384	32734	32522
22375	37895	36233	32720	32574
22417	29631	32904	32706	32471
22459	35470	31076	32728	32579
22501	6150	31332	32731	32988
22543	25395	31249	32716	32713
22585	29962	31484	32698	32810
22627	34372	31629	32724	32400
22669	38276	30612	32706	32827
22711	37003	31158	32705	32710
22753	29771	33772	32723	32477
22795	29637	33783	32718	32950
22837	34879	34588	32708	32399
22879	38400	34350	32717	32457
22921	32958	33536	32719	32870
22970	31810	30780	32710	32455
23012	19099	33489	32721	33321
23054	40431	31669	32732	32463
23096	32908	31058	32729	32063
23138	26988	31110	32717	32556
23180	25515	33118	32722	32887
23222	34730	32260	32702	32726
23264	37799	33204	32703	32552
23306	40287	30829	32715	33049
23348	38045	33794	32710	32586
23397	28037	33565	32734	32904
23439	27176	31657	32713	33075
23481	43995	33140	32740	32557
23523	38152	33162	32715	32569
23565	28235	31903	32729	32598
23607	21578	33348	32729	32836
23649	22708	34180	32717	33011
23691	35234	35428	32721	32440
23733	46167	33028	32718	32476
23775	41398	31811	32710	32713
23817	33934	33295	32721	32927
23859	27813	30151	32718	32632
23901	19107	31253	32728	32543
23943	38879	32239	32732	32543
23985	13943	32175	32706	32583
24027	35624	32495	32728	32402
24069	26158	32681	32724	32526
24111	21998	32337	32726	32702
24153	27998	31012	32726	32688
24195	40853	32429	32706	32741
24244	34947	32667	32744	32722
24286	29070	31295	32718	32629
24328	27445	32034	32709	32537
24370	28033	33816	32731	32916
24412	41096	35999	32728	32377
24454	34611	32897	32709	32803
24503	26889	31735	32718	32632
24545	28491	31807	32730	32770
24587	32810	30827	32712	32773
24629	37319	32474	32721	32544
24671	39401	34344	32713	32911
24713	30644	35270	32720	32739
24755	29984	32823	32731	32805
24797	34053	31773	32717	32569
24839	38095	31983	32706	32565
24881	30029	32885	32722	32634
24923	38227	33367	32708	32788
24965	5871	30638	32711	32837
25007	24118	30689	32724	32598
25049	27539	32382	32704	32411
25091	32797	32218	32713	32355
25133	38769	34139	32705	32582
25175	40068	35373	32727	32275
25217	30122	33110	32721	32575
25259	28864	31147	32706	32838
25301	32457	33417	32702	32566
25343	37526	32133	32706	32787
25385	34164	34704	32706	32477
25427	35259	33584	32724	32504
25469	30606	32703	32709	32527
25511	30111	33864	32712	32324
25553	27216	33593	32718	32981
25595	32338	32559	32707	32468
25637	36580	34157	32725	32714
25679	40008	34566	32705	32860
25721	33119	32919	32711	32541
25763	29232	32101	32719	32563
25805	32493	30653	32724	32356
25847	37029	31646	32710	32406
25889	37671	31464	32731	32892
25931	27428	32059	32709	32745
25973	33204	33754	32729	32632
26015	6561	32583	32732	32726
26057	27672	31223	32734	32390
26099	31738	32037	32732	32541
26141	34629	32563	32712	32550
26183	36291	31378	32716	32599
26225	35161	30924	32706	32684
26267	29450	31932	32715	32778
26309	31659	31320	32714	32578
26351	36957	34429	32708	32535
26393	38439	32105	32729	32672
26435	32287	31853	32736	32580
26477	29822	33765	32718	32579
26519	29871	32170	32713	32956
26561	50856	33050	32718	32321
26617	21916	34190	32732	33050
26659	26947	34757	32721	32589
26701	36283	32864	32720	32346
26743	45025	31669	32729	32937
26785	38099	31855	32706	32878
26827	29283	32180	32714	32851
26869	27087	30365	32735	32635
26911	30074	33843	32724	32698
26953	28348	32858	32723	32733
26995	43796	34428	32728	32761
27037	8493	32942	32714	32740
27079	25911	31290	32711	32436
27121	21384	33122	32712	32749
27163	25921	33050	32722	32922
27205	37952	33586	32720	32416
27247	46126	34340	32722	32539
27289	39092	33056	32728	32592
27331	31164	33282	32727	33014
27373	27106	32109	32722	32931
27415	25429	32552	32728	33056
27457	38260	31456	32710	32629
27499	42612	31368	32720	32715
27541	44416	29495	32715	32638
27583	24366	29986	32724	32358
27625	20864	33001	32709	32419
27667	26253	31931	32724	32554
27709	40641	34690	32711	32691
27751	44164	33723	32715	32366
27793	38401	35603	32721	32405
27835	31487	32691	32714	32444
27877	26642	32473	32723	32432
27919	25669	32124	32723	32683
27961	39408	32877	32715	32633
28003	16835	31466	32709	33149
28045	37299	31020	32705	32760
28087	25397	31580	32721	32607
28129	21278	32949	32721	32693
28171	27421	31974	32730	32819
28213	41168	32073	32728	32854
28262	33241	33639	32719	32663
28304	27850	31599	32715	32934
28346	28946	29728	32733	32869
28388	34809	31557	32715	32875
28430	31418	30754	32724	32642
28472	41663	31901	32725	32715
28514	9010	33136	32732	32827
28556	22830	30774	32713	32556
28598	23058	32165	32708	32807
28640	28859	33696	32708	33032
28682	40484	33515	32739	32711
28724	43740	34449	32734	32906
28766	34371	35291	32711	33293
28808	29055	35232	32725	32268
28850	28875	34339	32698	32751
28892	33644	34960	32695	32485
28934	33474	35572	32732	32636
28976	42246	35650	32700	32611
29018	9467	33512	32729	32688
29060	26191	32708	32738	32400
29102	22091	34235	32720	32618
29144	22544	32135	32728	32901
29186	37309	31330	32706	32691
29228	46614	31162	32682	32805
29270	39987	30325	32720	32627
29312	33162	29979	32707	32780
29354	30436	30460	32708	32671
29396	32798	31041	32711	33166
29438	36925	31061	32726	32694
29480	30697	35248	32728	32595
29522	38390	30294	32711	32548
29564	26497	33207	32747	32874
29606	22303	32886	32720	32540
29648	25335	33029	32715	32896
29697	27894	32730	32741	32648
29739	29946	31403	32715	32417
29781	31561	31848	32748	32607
29823	34059	32128	32710	32617
29865	38177	33687	32715	32543
29907	38705	33014	32732	32961
29956	26450	30778	32740	32926
29998	30096	32968	32743	32320
30040	37871	34688	32725	32753
30082	42655	35059	32700	32767
30124	51098	35361	32711	32383
30166	24306	32463	32744	32604
30208	22158	31274	32735	32662
30250	28565	32756	32729	32851
30292	41594	31674	32724	32511
30334	44039	32828	32718	32901
30376	36485	34035	32724	32535
30418	30091	33377	32719	32443
30460	27004	30641	32715	32590
30502	30001	31362	32698	32733
30544	31905	31347	32714	32584
30586	43537	33071	32722	32715
30628	9342	32640	32722	33181
30684	35385	32274	32726	32498
30726	29246	31102	32703	32610
30768	22927	32609	32697	32500
30817	41094	32889	32718	32882
30859	44009	33025	32709	32850
30908	30352	31826	32718	32524
30957	37396	33853	32717	32905
30999	30882	33075	32720	32758
31041	20087	32453	32722	32633
31083	33894	31656	32712	32503
31125	5981	34659	32709	33473
31167	38549	34194	32684	32608
31216	21318	31822	32715	32546
31258	23680	32677	32681	32545
31300	35817	32942	32707	32518
31342	46501	33389	32714	32599
31384	41373	34398	32702	32684
31426	33573	33038	32726	32767
31468	27226	32052	32724	32621
31510	26878	31862	32712	32321
31552	28768	31843	32723	33091
31594	43666	32576	32704	32604
31643	51133	33380	32737	32190
31685	23959	32209	32695	32369
31727	28930	30964	32708	32778
31769	34725	32313	32691	32356
31811	42504	33397	32719	32581
31853	36566	34776	32719	32897
31895	29275	33452	32712	32405
31937	29370	32866	32706	32488
31979	32964	32944	32702	32701
32028	30469	34190	32715	32625
32070	23219	33196	32706	32663
32112	32288	31935	32713	32835
32154	51459	32408	32713	32858
32196	34319	32579	32709	32426
32238	32028	32098	32696	32424
32280	28327	32593	32722	32708
32322	31072	33165	32738	32553
32364	33121	31065	32715	32687
32406	35133	31468	32721	32443
32448	39339	32862	32702	32654
32490	38143	33078	32713	32731
32539	26710	32781	32718	32753
32581	26539	31502	32732	32861
32623	43236	32197	32695	33006
32665	15893	32737	32723	32495
32707	28310	32868	32708	32839
32749	22106	33569	32727	32754
32791	23131	32771	32722	32940
32833	34469	32173	32718	32771
32875	45242	32849	32719	32785
32917	41983	32684	32702	32894
32959	34921	33086	32729	32779
33001	28153	32923	32708	32590
33043	26572	32136	32719	32810
33092	33601	31300	32714	32425
33134	35627	32851	32723	32337
33183	9859	32941	32716	33380
33225	38010	31788	32736	32393
33267	32502	32698	32725	32758
33309	27592	33242	32708	32739
33351	27457	32195	32733	32926
33393	34223	32128	32715	32196
33435	35924	32069	32722	33128
33477	39793	31807	32700	32830
33519	39328	30296	32703	32736
33561	33087	33199	32726	32656
33603	24477	31245	32715	32676
33645	27666	34006	32740	32840
33687	35371	33368	32720	32425
33729	50860	31889	32705	32567
33771	34491	33260	32701	32693
33813	28859	34267	32721	33014
33855	25461	31329	32728	32735
33897	31400	32161	32710	32702
33939	35795	30527	32734	33013
33981	38816	32536	32717	32266
34023	39550	33744	32728	32733
34065	34977	32797	32727	32737
34107	24039	32917	32716	32702
34149	28513	34883	32712	32613
34191	28640	31657	32711	33027
34233	39982	32151	32712	32444
34275	34285	34018	32708	32461
34317	30985	33295	32713	32429
34359	27529	34068	32712	33119
34401	32799	32410	32723	32555
34443	33486	33495	32716	32426
34485	36967	34076	32720	32765
34527	39959	32920	32723	32623
34569	32114	31819	32693	32556
34611	34115	33019	32727	32894
34653	27857	30534	32730	32831
34695	23463	31218	32705	32741
34737	28616	31142	32706	32621
34779	33200	31748	32747	32642
34821	35325	34050	32724	32360
34863	39544	32973	32723	32749
34905	32345	31668	32717	32797
34940	36973	32292	32724	32780
34982	29950	32897	32719	32697
35017	33359	34115	32705	32726
35059	28550	33086	32701	32867
35094	40930	35912	32725	32766
35136	51575	35097	32727	32784
35178	20624	31153	32725	32558
35213	25283	32966	32705	32618
35255	21758	31631	32724	32762
35297	30091	31890	32693	32827
35332	35713	32077	32730	32626
35374	30433	31751	32700	32801
35416	33912	32560	32730	32654
35451	27861	30427	32709	32476
35493	29978	31880	32716	32574
35535	29413	32644	32705	32546
35577	43883	34641	32722	32657
35619	49286	34858	32715	32692
35661	24798	31630	32737	32940
35703	21183	32314	32725	32398
35745	25632	31871	32699	32910
35787	37912	32170	32720	32516
35829	44904	32774	32700	32987
35864	36970	33186	32708	32699
35906	39555	33551	32726	32469
35941	33121	32710	32713	32544
35983	37281	32693	32739	32981
36025	33515	33933	32706	32895
36060	36964	32952	32728	32583
36102	41612	32709	32712	32533
36144	51313	31962	32712	32313
36186	24314	29941	32693	32635
36228	21400	33531	32722	32497
36270	27803	31234	32701	33157
36312	41399	32516	32713	32419
36354	44913	33210	32728	32373
36396	38065	33179	32704	32681
36438	31068	33060	32722	32870
36480	26663	33792	32713	32549
36522	28193	32035	32723	32694
36564	30633	32894	32701	32644
36606	41435	33620	32725	32460
36648	35108	33169	32705	33234
36690	31569	32409	32731	32515
36732	22197	33901	32732	32549
36774	23557	32852	32714	33036
36816	32563	32053	32714	32583
36858	44773	31063	32715	32789
36900	42174	31981	32713	32613
36942	33178	31675	32723	32761
36984	28132	31005	32732	32379
37026	26990	31217	32730	32824
37068	32522	31883	32705	32645
37110	30563	33053	32718	33170
37152	43308	34181	32726	32735
37194	10118	33061	32711	32642
37236	26889	30360	32710	32192
37278	22256	32966	32732	32692
37327	33051	34231	32708	32892
37376	30439	33096	32720	33152
37418	39775	31775	32697	32469
37460	40942	31849	32707	32623
37502	40013	31697	32730	32545
37544	33464	34325	32710	32751
37579	38277	32704	32713	32755
37621	28592	30600	32712	32695
37656	41703	34466	32730	32666
37698	39238	33459	32722	32702
37740	30425	30741	32726	32420
37782	21980	32391	32700	32298
37817	25090	31209	32718	32706
37859	23860	32058	32702	32778
37901	33856	32608	32707	32780
37936	33712	33613	32709	32612
37978	29925	31467	32721	33074
38013	29170	32683	32721	32793
38055	27019	32176	32695	32837
38104	37614	32261	32710	32700
38153	20095	32538	32692	32719
38202	41385	34704	32717	32681
38244	51800	35237	32722	32852
38286	23324	32480	32711	32564
38328	22871	32878	32712	32612
38370	29999	34032	32735	32548
38412	42367	33240	32703	32531
38461	31959	32739	32733	32584
38510	40321	31507	32726	32548
38559	26483	31205	32703	32724
38601	28866	31793	32720	32721
38643	34194	33503	32719	32742
38685	34899	33553	32721	32330
38727	40443	33331	32730	32529
38769	51697	36644	32731	32850
38811	22036	30874	32745	32516
38853	24035	31269	32719	32851
38895	30388	32732	32712	33024
38937	42453	32313	32736	32503
38979	43577	33678	32686	32644
39021	33839	33319	32715	32502
39063	28505	32151	32707	32806
39105	28452	31554	32695	32429
39147	32778	30494	32721	32583
39189	31366	35062	32721	32754
39231	42395	33756	32714	32744
39273	9003	30015	32725	32895
39315	26263	28621	32726	32412
39357	23135	30236	32703	32430
39399	28020	30159	32714	32868
39441	36999	33260	32724	32323
39483	45097	35279	32726	32747
39532	30670	32658	32714	32600
39574	34081	33313	32702	32375
39616	38846	34935	32730	32986
39658	37027	34964	32708	32558
39700	26041	33427	32732	32619
39742	32800	32805	32703	32465
39784	51806	34721	32720	32749
39826	28586	30917	32709	32636
39868	32012	33164	32704	32510
39910	32265	33231	32713	32707
39952	35013	32991	32706	32638
39994	34814	32675	32730	32792
40036	31152	32228	32731	32662
40078	33887	32210	32727	32465
40120	38750	33315	32725	32589
40162	31401	32429	32719	32696
40204	41078	33132	32706	32917
40246	10563	32268	32714	32575
40288	22664	31137	32699	32637
40330	24031	32386	32730	33113
40372	29499	32210	32730	32608
40414	39810	34060	32718	32543
40456	44203	32859	32711	32748
40498	34127	31550	32696	32698
40540	28036	30692	32705	32759
40582	29621	32570	32722	32617
40624	29684	32370	32718	32757
40666	43000	35508	32708	32483
40708	11561	32561	32714	33046
40750	29696	32128	32742	32479
40792	20773	33307	32723	32496
40834	23334	33179	32714	32597
40876	33647	33798	32732	32146
40918	46137	36543	32727	32527
40960	41928	31354	32712	32782
41002	33476	30795	32702	32917
41044	27966	28966	32712	32673
41086	27205	30558	32717	32880
41128	26304	33793	32714	32581
41170	43899	33910	32706	32782
41212	18169	33225	32719	32437
41254	28618	32916	32692	32477
41296	21728	32176	32700	33049
41338	22640	34115	32720	32932
41380	33885	30683	32707	32713
41422	45255	31826	32716	32438
41464	41391	32075	32715	32451
41506	35199	33378	32719	32203
41548	28091	33135	32738	32734
41590	26002	32064	32711	32575
41632	28056	30944	32705	32876
41674	42259	33583	32704	32678
41716	51550	34724	32699	32624
41758	29314	33715	32701	32707
41800	22494	33209	32731	32520
41842	22613	32836	32713	32862
41884	33912	33922	32703	32730
41926	42174	32186	32704	32762
41968	41319	32056	32725	32572
42003	37556	32575	32719	32858
42045	39537	32959	32717	33028
42087	35679	32224	32727	32639
42122	32418	34002	32689	32877
42164	42042	32945	32720	32509
42206	7429	32768	32732	32749
42248	23723	30798	32728	32488
42283	27385	33397	32716	32632
42325	23006	32862	32719	32427
42367	26948	33742	32718	32817
42402	33937	30819	32705	32713
42444	31571	31438	32727	32864
42479	31986	32034	32704	32782
42521	28070	30827	32718	32644
42556	31356	33035	32719	32846
42598	25886	30110	32717	32945
42633	23844	32099	32722	32610
42675	31403	33687	32712	32268
42710	16183	32231	32697	33556
42752	27727	32390	32723	32760
42794	23241	32573	32721	33080
42829	24162	33754	32713	32559
42871	24612	32885	32741	32566
42906	33344	33049	32718	32519
42948	31181	34596	32715	32652
42983	33178	32460	32732	32849
43025	27881	30826	32731	32734
43067	28417	30628	32704	32776
43109	31937	32466	32718	32796
43144	22234	31194	32729	32890
43186	37922	32370	32703	32563
43221	9717	32874	32725	32325
43263	29004	31292	32726	32634
43298	21716	32641	32714	32549
43340	24691	33370	32737	32505
43375	24843	32821	32723	32641
43417	35268	32506	32723	32237
43452	31794	32238	32700	32664
43494	29971	32591	32718	32266
43536	34653	33611	32712	32751
43578	38510	33186	32723	32394
43620	32820	32336	32722	32466
43662	36826	34123	32726	32782
43697	17830	31580	32714	32793
43739	30339	29666	32712	32382
43774	33531	33218	32698	32425
43816	29968	32245	32690	32764
43851	38107	35454	32710	32793
43893	42111	32935	32709	32701
43935	33413	32048	32697	32812
43977	28568	32121	32723	32496
44012	32469	33340	32751	32607
44054	26241	32496	32723	32891
44089	26040	31681	32712	32546
44131	33210	33171	32704	32604
44173	3733	34037	32721	33181
44208	27374	31874	32704	32820
44250	21693	32998	32721	32872
44285	23272	31850	32729	32936
44327	24293	30896	32716	32812
44362	34225	32122	32716	32655
44404	31850	33237	32717	32597
44439	33210	32743	32722	32793
44481	28029	31717	32686	32814
44516	32726	32795	32723	32755
44558	23734	32746	32720	32331
44593	31022	32956	32716	32623
44635	33072	32656	32720	32304
44670	43776	36315	32715	32627
44712	24271	33168	32716	32725
44747	32199	34207	32708	32361
44789	25888	32755	32736	32423
44831	28705	33107	32722	33029
44873	35012	33000	32721	33007
44908	30932	31836	32726	32549
44950	29889	32027	32744	32775
44992	34140	31678	32711	32621
45034	38277	32892	32705	32636
45076	29603	31365	32719	32579
45111	41818	32108	32715	33058
45153	17673	30739	32711	33167
45195	33637	30660	32728	32497
45237	23047	31089	32723	32340
45279	21466	32880	32710	32825
45321	30706	34553	32728	32369
45363	42533	34676	32731	32693
45405	42306	32483	32712	32736
45447	35768	34629	32712	32884
45489	29300	32157	32717	32812
45531	26464	32161	32712	32722
45573	25233	30160	32725	32799
45615	41403	30248	32698	32395
45657	15826	30345	32718	33202
45699	34533	28619	32724	32464
45741	25008	30625	32715	32855
45783	21649	31272	32745	32709
45818	29082	32485	32685	32823
45860	31694	32792	32718	32626
45902	32245	32506	32718	32388
45944	35768	32679	32707	32526
45986	38613	32982	32718	32417
46028	37279	35236	32712	32772
46070	26923	34038	32719	32862
46112	29844	32923	32731	32808
46154	31339	31893	32712	33015
46196	34620	30647	32721	32544
46231	23022	30492	32710	32647
46273	27272	32413	32704	32731
46315	34947	34724	32702	32527
46357	41898	34452	32717	32545
46399	38690	34804	32727	32632
46441	30295	34280	32714	32843
46490	38509	33987	32697	32620
46532	37954	31816	32736	32754
46574	28746	31922	32701	32627
46616	32529	29967	32708	32331
46658	4218	33447	32743	33217
46700	32628	30914	32741	32267
46742	33465	33518	32703	32605
46784	34070	34984	32710	32434
46826	33377	33010	32691	32617
46868	33864	32572	32715	32441
46910	30784	32443	32729	32596
46952	32384	33420	32681	32854
46994	37523	32039	32713	32691
47036	35424	33871	32718	32269
47078	35767	33593	32709	32622
47120	33148	32481	32717	32854
47155	51767	35681	32717	32794
47197	26374	33587	32723	32494
47239	21143	30959	32703	33014
47281	25298	31859	32738	32641
47316	29347	31891	32703	32416
47358	33625	30005	32713	32601
47400	36135	31693	32719	32535
47442	40413	31486	32727	32617
47477	33306	31245	32703	32551
47519	33383	31909	32722	32613
47554	28625	31908	32705	32728
47596	40977	33788	32717	32671
47631	51727	38015	32722	32934
47673	31524	31534	32706	32733
47715	33550	32964	32696	32373
47750	29264	34769	32708	32397
47792	40588	31740	32690	32412
47834	42869	33803	32696	32746
47869	40486	31428	32734	32424
47911	39076	33347	32719	32825
47953	32660	33812	32718	32800
47995	26740	33708	32734	32597
48030	26534	33204	32718	32479
48072	33564	31154	32719	32601
48114	10829	33681	32728	32467
48156	27393	30518	32740	32427
48198	32383	31561	32703	32783
48240	34551	33761	32715	32369
48282	36571	32400	32706	32764
48324	35039	32848	32732	32361
48359	39021	34159	32703	32710
48401	31230	34980	32731	32479
48443	27057	32746	32710	32851
48485	28714	31694	32699	32599
48520	20311	30627	32703	32521
48562	33820	31186	32711	32207
48604	11390	32623	32719	33148
48646	35788	31722	32750	32666
48688	32072	32128	32695	32687
48730	26973	31929	32692	32783
48765	37073	33112	32726	32691
48807	38912	34114	32700	32873
48849	29400	32804	32708	33005
48891	28341	31572	32731	32608
48926	30822	32656	32736	32779
48968	28039	32620	32720	32702
49010	30315	32524	32718	32954
49045	19938	33834	32716	32969
49087	34345	33030	32715	32845
49129	49541	36981	32717	32661
49171	35363	31500	32680	32498
49213	31563	33148	32720	32315
49255	24867	32142	32718	32610
49297	28346	34716	32715	32539
49339	34280	33399	32717	32658
49381	37173	33993	32712	32951
49423	40491	33447	32708	33335
49465	37905	32392	32710	32482
49500	37727	34160	32677	32504
49542	34268	30801	32715	32731
49584	36709	31165	32724	32885
49626	51340	32465	32717	32764
49661	29824	32134	32700	32483
49703	23012	32992	32701	32521
49745	22505	34163	32718	32698
49780	29462	34528	32708	32724
49822	33199	32683	32718	32634
49857	34293	31512	32713	32707
49899	28514	32316	32713	32663
49941	28374	31226	32732	32923
49983	27729	31108	32734	32480
50025	41838	33575	32724	32512
50067	43140	30450	32704	33021
50109	33467	31479	32712	32697
50151	22882	34250	32732	32564
50193	23377	32619	32703	32938
50228	24948	32322	32740	32573
50270	32665	31992	32715	31857
50312	35930	33400	32727	32533
50354	39707	33146	32719	32843
50396	40022	34723	32722	32733
50438	34109	33921	32746	32824
50480	23455	32768	32693	32899
50522	31118	30917	32712	32661
50564	15704	32288	32695	33325
50606	38830	30703	32740	32540
50648	34145	31889	32680	32627
50690	28503	30878	32726	32864
50732	27126	30316	32721	32402
50774	32590	31621	32724	32516
50816	34470	32863	32718	32894
50858	37084	32975	32712	32353
50900	38970	34344	32724	32830
50942	34732	32351	32726	32557
50984	25006	32187	32725	32710
51026	31477	33646	32710	32453
51068	12679	33995	32716	33237
51110	36676	32118	32718	32488
51152	34321	31574	32707	32565
51194	30848	30606	32700	32521
51236	26860	32766	32707	32668
51278	32215	31536	32719	32877
51320	34428	34320	32717	32779
51362	38718	31425	32715	32690
51404	40954	33871	32692	32597
51446	36626	32863	32722	32939
51488	29439	35627	32681	32731
51530	23393	34205	32716	32681
51572	32830	31108	32721	32625
51614	51347	33703	32726	32855
51656	34542	33869	32707	32509
51698	31886	31944	32711	32453
51740	27399	32463	32734	32786
51782	29397	31735	32707	32435
51824	31680	30244	32738	32642
51866	36018	31752	32700	32682
51908	40219	31959	32704	32645
51950	37658	33529	32719	32600
51992	30318	32847	32710	32788
52034	19863	33513	32745	32656
52076	33896	32781	32718	32728
52118	13728	33860	32711	33033
52160	36825	32591	32691	32116
52202	33230	32017	32725	32620
52244	27565	31768	32718	32592
52286	27294	31978	32719	32906
52328	32272	31538	32726	32785
52370	35637	32496	32734	32674
52412	40798	32763	32719	32664
52454	39729	32542	32687	32771
52496	30735	31855	32726	32396
52538	24351	32668	32725	32711
52580	32652	32366	32743	32828
52622	51689	31503	32698	32304
52664	31195	31402	32711	32469
52706	32968	33906	32727	32413
52748	30550	34310	32713	32710
52790	33973	33813	32731	32568
52832	34317	34380	32734	32306
52874	35003	32523	32734	33030
52909	27480	31435	32718	32676
52951	29397	34073	32729	32595
52993	30371	31742	32705	32633
53035	43303	32531	32703	32694
53077	51752	34748	32727	32875
53119	25058	32086	32710	32556
53161	20820	32517	32710	32707
53196	25458	32442	32689	32729
53238	28387	31872	32717	32673
53273	38539	31912	32717	32657
53308	42947	30455	32738	32562
53350	35281	32278	32731	32651
53385	39824	33060	32714	32612
53427	32211	32397	32718	32797
53469	28636	32080	32730	32600
53504	39350	31751	32715	32645
53546	51637	35322	32738	32908
53581	32661	32631	32725	32737
53623	24917	32555	32709	32752
53665	22084	33939	32720	33111
53700	32648	33761	32713	32662
53742	33221	33319	32707	32155
53784	30847	33602	32722	32452
53826	35648	32719	32717	32735
53861	28067	32935	32701	32834
53896	28693	31967	32741	32787
53931	27619	33560	32713	32629
53973	34925	32532	32706	32294
54008	15581	30776	32690	32924
54050	28352	29180	32723	32567
54085	32072	31157	32697	32568
54120	32552	30501	32701	32735
54155	28855	31311	32710	32861
54197	40211	33258	32719	32824
54232	34973	33535	32724	32460
54267	29643	32145	32719	32532
54302	33608	32975	32719	32770
54344	28463	33758	32720	32594
54379	32727	33878	32714	32293
54414	34051	34404	32695	32712
54456	35590	32544	32730	32732
54491	40618	31954	32712	32954
54526	51697	33887	32711	32812
54561	23961	31365	32733	32784
54603	29768	32440	32721	32671
54638	24677	31524	32729	32821
54680	35390	31935	32717	32826
54722	42030	32965	32720	32903
54764	39810	32544	32715	32837
54799	39626	32207	32694	32515
54834	32366	33875	32709	32900
54876	37080	32766	32714	32624
54911	26377	32632	32701	32671
54946	23707	31911	32732	32524
54981	36152	31788	32722	32668
55023	50277	33026	32721	32884
55058	30460	31246	32706	32694
55100	22665	32690	32718	32721
55135	29411	30826	32736	32672
55177	27519	32211	32707	33059
55212	41702	34117	32705	32925
55247	43437	34804	32719	32728
55289	38843	34807	32731	32695
55324	39380	34250	32719	32775
55359	33294	33225	32729	32642
55401	33294	34091	32720	32598
55436	32973	32124	32720	32707
55478	41520	34774	32711	32628
55513	51677	34405	32722	32586
55548	23234	30317	32720	32357
55590	23281	30679	32698	32773
55625	21425	31694	32723	32836
55660	30920	30811	32716	32554
55702	33661	31133	32729	32618
55737	38090	32407	32728	32868
55772	41578	32854	32723	32717
55814	37740	33560	32718	32790
55849	40346	34222	32717	32853
55884	27300	33670	32721	33090
55919	33513	33829	32718	32708
55961	8169	33828	32716	33125
55996	22813	29831	32716	32666
56038	26502	31043	32720	32485
56073	20739	31464	32722	32628
56108	25256	32445	32717	32565
56143	37754	33465	32715	32805
56178	45704	33668	32710	32687
56220	41166	31915	32721	32831
56255	39803	31420	32731	32708
56290	32827	33015	32725	32532
56325	26842	32227	32729	32446
56360	25079	32176	32710	32635
56395	40106	32755	32726	32754
56430	40949	31891	32706	32889
56472	50674	33580	32717	32360
56514	28686	32858	32702	32432
56549	33094	33459	32726	32716
56591	29455	32295	32712	32572
56626	40613	33800	32714	32833
56661	42794	33085	32717	32296
56703	41533	33147	32718	32755
56738	35839	33122	32722	32645
56773	29051	31116	32737	32780
56815	33578	31979	32697	33139
56850	22313	32927	32724	32772
56885	31398	32263	32704	32390
56927	28246	32315	32736	32597
56969	32370	31636	32722	32592
57011	32294	31495	32725	32548
57046	24334	32846	32715	32782
57088	34170	32722	32707	32577
57123	33789	32226	32679	32572
57165	41435	31177	32728	32783
57207	41714	32923	32715	32547
57242	35536	32663	32727	32374
57277	27984	31882	32715	32800
57312	27663	32536	32717	32843
57347	30761	33057	32714	32681
57389	34012	31779	32719	32706
57424	40291	33114	32670	32899
57459	50240	33634	32678	32438
57494	29206	31371	32720	32586
57529	21866	32173	32719	33019
57571	27818	32251	32711	32961
57606	27876	33351	32727	32682
57641	34813	32482	32696	32753
57676	39385	36040	32732	32658
57718	32020	33766	32729	32681
57753	38574	33752	32738	32618
57788	38161	32557	32728	32812
57823	31936	33441	32709	32440
57865	32203	34134	32703	32368
57900	36176	32012	32734	32328
57935	2641	30004	32721	33127
57970	32197	30719	32733	32578
58012	22130	30615	32708	32601
58047	27363	32037	32704	32748
58089	23966	32074	32714	32767
58124	36479	30821	32729	32704
58166	32540	31916	32701	32597
58201	36764	34256	32723	32693
58243	29840	31168	32691	32870
58278	36192	32936	32726	32787
58320	24896	34038	32717	32822
58355	38707	33073	32721	32483
58390	42279	32828	32723	32736
58432	51618	33907	32725	32619
58467	34324	32527	32708	32406
58509	32748	32572	32712	32628
58544	32193	32257	32700	32575
58579	30653	32416	32712	32509
58621	42861	34069	32726	32792
58656	33111	33739	32721	33041
58691	29471	32392	32741	32449
58733	29910	31975	32731	32700
58768	25376	32162	32708	32641
58803	29322	34356	32720	32645
58838	44955	33585	32700	32731
58880	29836	34883	32739	32711
58915	36449	32018	32713	32553
58950	29097	33714	32694	32333
58985	22217	33225	32697	32643
59027	31694	32726	32728	32863
59062	32125	32457	32720	32728
59097	33574	28965	32720	32876
59132	38090	32130	32737	32711
59167	40607	33272	32717	32612
59202	35585	32202	32705	32779
59237	25392	32745	32738	32790
59272	24562	32429	32736	32842
59307	39512	33671	32727	32867
59349	38763	33835	32710	32666
59384	33256	33731	32730	32240
59419	33445	32522	32734	32598
59454	27943	31926	32713	32523
59489	23946	30554	32745	32889
59524	31059	34070	32713	32551
59566	32464	31828	32714	32521
59601	31888	30239	32725	32568
59636	38290	30622	32719	32784
59671	37734	32068	32689	32699
59713	33936	33615	32699	32524
59748	35539	31700	32701	32572
59790	42941	31435	32715	32677
59825	51815	35038	32712	33074
59860	27734	30896	32702	32726
59895	22169	31860	32731	32738
59937	24187	30097	32725	32802
59972	25767	30680	32731	32663
60014	34349	33881	32722	32829
60049	32198	33036	32739	32678
60084	35815	32813	32724	32915
60119	40661	33644	32698	32902
60154	35817	33467	32719	32509
60189	27508	32567	32735	32957
60224	20016	34115	32721	32745
60259	35406	32791	32707	32795
60294	41953	34115	32720	32413
60329	51023	33155	32701	32551
60364	25169	32785	32716	32578
60399	21040	31484	32729	32502
60434	26936	32259	32727	32913
60476	27887	31624	32701	32659
60511	39236	33683	32727	32880
60546	42845	34567	32726	32554
60588	36025	34938	32713	32524
60623	38887	34683	32710	32692
60658	34991	35656	32722	32310
60707	27137	33758	32714	32617
60742	32571	35395	32729	32581
60784	36218	32852	32733	32506
60819	45030	33813	32733	32762
60854	35218	29861	32728	32548
60896	33595	31196	32700	32548
60931	31842	29933	32702	32712
60966	28110	31262	32742	32773
61008	41435	31330	32717	32913
61043	33536	31720	32710	32809
61078	28043	32107	32734	32659
61120	29798	32280	32711	32552
61155	27628	32624	32710	32623
61190	29413	31951	32724	32805
61225	38913	31257	32716	32700
61267	39475	31253	32694	32790
61302	51736	32520	32740	32949
61337	30919	32516	32700	32470
61379	32335	34659	32708	32622
61421	31044	35750	32715	32336
61456	37870	36477	32716	32458
61498	45123	32747	32702	32552
61533	41538	33310	32713	32447
61568	33415	32923	32708	32674
61610	37797	33536	32723	33024
61645	25043	32715	32718	32495
61680	25308	32239	32733	32505
61722	33322	33663	32719	32626
61764	51337	32490	32719	32389
61799	23977	33144	32730	32372
61834	22405	31184	32730	32427
61876	22485	32839	32718	32530
61911	29074	32820	32726	32467
61953	34087	31752	32724	32443
61995	34317	29224	32713	32861
62030	28324	30747	32707	32555
62065	31777	30067	32717	32399
62107	23812	31676	32720	32521
62142	27269	33124	32715	32788
62177	42944	33475	32708	32623
62212	15534	33395	32709	32890
62254	35413	30868	32726	32621
62289	31565	32264	32701	32444
62324	24238	32906	32727	32929
62359	24348	32955	32711	32630
62401	33911	31644	32711	32849
62436	31920	32498	32737	32484
62478	30070	31783	32714	32527
62520	34962	31853	32713	32741
62562	38645	31738	32709	32767
62604	32771	31857	32711	32755
62639	39766	33723	32709	32713
62681	41540	33533	32705	32740
62723	50307	33125	32738	32424
62758	33055	34092	32708	32414
62800	29254	32830	32720	32583
62842	26312	33653	32713	32652
62877	39362	33631	32718	33042
62919	35769	32704	32725	32940
62954	39750	32825	32691	32610
62989	40489	32515	32703	32925
63031	38183	32596	32718	32494
63066	35901	34413	32724	32775
63101	28929	31203	32715	32811
63136	21850	32183	32724	32763
63178	34694	34627	32716	32627
63213	12380	34326	32714	33165
63248	29763	32042	32722	32470
63283	33911	30640	32711	32357
63325	27696	33432	32712	32622
63360	36957	33002	32708	32712
63395	41118	34882	32711	32677
63430	35309	33397	32739	32707
63465	29298	32257	32723	32902
63500	33146	33478	32714	32476
63535	38493	35416	32697	32730
63570	36999	33278	32708	33420
63605	29082	31365	32680	32714
63647	32207	32274	32696	32640
63689	42589	34374	32705	32598
63724	45809	33782	32728	32791
63766	34831	31298	32700	32626
63808	31141	32380	32728	32647
63843	33802	33757	32705	32609
63878	32461	32858	32733	32677
63913	32977	32769	32699	32724
63948	33011	32563	32739	32600
63990	28727	32649	32728	32792
64025	31000	36228	32707	32664
64060	36921	34466	32730	32843
64095	34066	31845	32698	32480
64130	35597	30979	32714	32499
64165	32344	30454	32724	32646
64200	51791	33810	32728	32839
64235	32575	30322	32717	32305
64277	24252	32710	32726	32621
64312	30984	31317	32709	32553
64354	30419	33151	32718	32691
64389	44824	33502	32722	32720
64424	43595	34721	32718	32517
64466	41175	34355	32723	32583
64508	35621	33211	32714	32567
64543	36364	29546	32707	32658
64578	32006	32013	32689	32582
64613	34371	32230	32712	32422
64648	4210	33245	32716	32818
64690	21866	31525	32727	32652
64732	25442	31664	32710	32800
64767	20155	33029	32725	33132
64809	32735	32679	32719	32618
64851	46104	34472	32701	32692
64886	37478	32094	32725	32556
64928	40806	33639	32738	32626
64970	41299	32651	32718	32748
65005	36185	33971	32717	32718
65040	21788	33024	32729	32407
65075	30330	32610	32713	32503
65117	8772	34214	32722	33189
65152	26884	31346	32717	32535
65187	29358	32969	32727	32624
65229	22217	30096	32711	32325
65264	31350	31852	32717	32350
65306	32229	31892	32725	32653
65341	42254	31713	32724	32604
65376	41636	32710	32713	32742
65411	35007	31776	32725	33058
65446	28104	31756	32717	33014
65488	32008	31555	32739	32677
65530	30238	32020	32706	32404
65565	35934	31577	32697	32504
65600	20072	32447	32701	33222
65635	33078	32819	32700	32294
65677	20734	33232	32717	32769
65712	26247	32504	32742	32763
65754	23843	32583	32743	32528
65789	36071	32642	32719	32666
65824	44975	33046	32711	32364
65866	37560	32796	32729	32592
65901	41111	32857	32722	32334
65936	36090	33794	32713	32843
65978	39053	33619	32730	32732
66013	32147	35070	32706	32710
66048	20887	34736	32723	33103
66083	33106	34387	32734	32730
66118	11541	33467	32700	32817
66153	40657	32813	32729	32477
66195	31161	30431	32725	32437
66230	33665	31743	32715	32726
66272	34193	34188	32710	31758
66307	42260	32862	32737	32359
66342	37744	31923	32732	32664
66377	29652	31458	32738	32429
66412	31767	32042	32723	32560
66447	37603	32437	32735	32775
66482	39681	31736	32722	32855
66517	32333	31057	32717	32741
66552	19500	31953	32693	33018
66587	32904	31166	32725	32605
66629	3369	32373	32705	33144
66664	30218	31285	32711	32489
66699	32163	33578	32720	32779
66734	33416	32264	32696	33047
66769	28602	30975	32713	33146
66804	27713	31803	32733	32546
66839	34718	31430	32727	32574
66874	40129	33190	32727	32573
66909	40099	33784	32715	32738
66944	34028	33877	32709	32445
66979	27408	34325	32711	32800
67014	24512	34392	32716	32610
67049	37455	35391	32715	32636
67084	44664	32290	32708	32858
67119	51812	33199	32752	32748
67161	35152	30128	32713	32272
67196	26995	32969	32710	32933
67231	20799	30366	32758	32742
67266	25711	31431	32739	32782
67308	34171	33000	32725	32718
67343	35499	31212	32703	32613
67378	38718	31669	32721	32973
67413	39210	32031	32737	32627
67448	32383	32133	32726	32655
67483	19194	33447	32722	33099
67518	37165	32308	32719	32309
67553	16920	31321	32700	33101
67588	33768	31994	32732	32498
67623	27980	31877	32703	32603
67658	20846	32276	32675	32627
67693	23026	33011	32721	32821
67728	36367	33473	32710	32290
67763	45882	35006	32697	32343
67798	38686	34105	32716	32806
67833	29525	33458	32710	32611
67868	29594	31106	32723	32567
67903	35569	33014	32721	32784
67945	23176	32453	32722	32689
67980	39145	32235	32714	32882
68015	42221	32054	32700	33149
68050	51536	35679	32710	32687
68085	22281	31410	32727	32175
68120	23069	31079	32713	32488
68155	30423	33625	32707	33168
68190	37568	32190	32692	32357
68232	42593	35831	32728	32510
68267	43827	34218	32706	32425
68302	35730	34030	32723	32537
68337	28579	32494	32717	33084
68372	29566	33405	32721	32538
68407	35783	33773	32711	32479
68442	31018	33811	32708	32545
68477	39003	32210	32718	32477
68512	15529	31365	32706	32758
68547	30047	30322	32712	32503
68582	30766	30678	32703	32511
68617	33218	34767	32734	32475
68652	29476	33779	32684	32651
68687	28503	32094	32735	32922
68722	33567	33227	32735	31669
68757	38764	33118	32708	33075
68792	41223	34959	32704	32582
68827	36659	33813	32723	32397
68862	28407	32918	32721	32446
68897	27230	33018	32714	32484
68932	26865	33016	32731	32638
68967	44286	31944	32720	32824
69009	13883	31284	32710	32666
69044	39803	31133	32714	32443
69079	29861	29882	32710	32484
69114	22107	31577	32729	32686
69149	23766	32090	32707	32423
69184	35539	34967	32720	32507
69226	33186	31515	32739	32513
69261	36974	32021	32698	32495
69296	39709	32865	32724	32367
69331	34565	32777	32712	32499
69373	38547	32909	32705	32871
69408	29708	34744	32724	32729
69443	32302	35003	32711	32509
69478	34129	33849	32719	32840
69513	51805	36295	32713	32961
69548	35415	33692	32696	32466
69590	31768	30780	32696	32548
69625	33334	31337	32709	32501
69660	30870	30523	32714	32811
69695	31216	31499	32721	32657
69730	33696	32319	32740	33017
69765	38957	32709	32718	32729
69800	39660	33618	32708	32891
69835	33037	31981	32733	32708
69870	26461	32546	32714	32710
69905	21698	32418	32724	32704
69940	41120	30703	32723	32588
69975	16963	33401	32707	33155
70010	26164	32547	32731	32897
70045	22464	34049	32728	32699
70087	27222	34237	32714	32710
70122	24251	34859	32721	32695
70157	31528	35063	32693	32387
70192	42601	34354	32689	33420
70227	41318	33222	32706	32713
70262	33472	33508	32707	32978
70297	27846	32528	32746	32844
70339	30569	28298	32697	32770
70374	19954	31127	32703	32899
70409	35430	36411	32699	32574
70451	4879	34162	32728	33040
70486	32191	34477	32732	32310
70528	22850	34707	32705	32577
70563	27612	33477	32712	32555
70605	25619	31984	32708	32798
70640	37619	31970	32696	32717
70682	32204	32034	32710	32850
70717	38079	31772	32717	32592
70759	31124	28116	32712	32523
70794	29861	35610	32713	32712
70829	44152	32770	32704	32786
70871	24720	32119	32721	33121
70906	37646	32686	32719	32294
70948	32558	33616	32706	32611
70983	31395	31615	32716	32818
71025	35509	34032	32699	32479
71060	39075	31285	32733	32660
71102	43425	32476	32707	32468
71137	37074	32235	32714	32381
71172	29939	32604	32729	32554
71207	21383	31320	32745	32740
71249	34595	30585	32693	32682
71284	14985	30781	32692	32895
71326	27473	29237	32705	32467
71361	23729	30416	32709	32417
71403	21392	33233	32726	32430
71438	27470	33265	32714	32849
71480	29592	33238	32735	32359
71515	35585	34328	32704	32747
71550	39127	33940	32712	32592
71592	33776	34161	32699	32751
71627	32467	34663	32725	32566
71669	39892	34416	32719	32484
71704	16914	33436	32707	32891
71739	36180	31989	32728	32726
71781	33520	34130	32716	32298
71816	29547	33529	32710	32928
71851	25890	32701	32723	32693
71893	36871	34141	32714	32591
71928	30633	34168	32711	32646
71970	33815	32857	32717	32831
72005	28902	34969	32706	32739
72047	29273	32002	32712	33295
72082	25175	32233	32718	32767
72124	35834	32384	32723	32685
72159	32487	33485	32741	32470
72194	29432	32586	32710	32467
72236	22011	32396	32704	32633
72271	28220	31199	32725	32740
72313	27843	30677	32727	32599
72348	39053	30638	32724	32699
72390	31399	30423	32698	32720
72425	36886	32335	32691	32950
72467	31042	31678	32729	32552
72502	36806	28857	32731	32749
72544	25822	31714	32711	32531
72586	28944	34415	32718	32597
72621	34660	34222	32726	32492
72663	30737	33247	32714	32352
72698	28681	32249	32723	32511
72740	23407	32616	32717	32644
72775	31387	32953	32726	32721
72817	31502	33598	32733	32792
72852	40997	33446	32719	32544
72894	32288	32614	32730	32805
72936	28286	35527	32731	32251
72978	30155	32751	32725	32575
73020	34995	32039	32699	32713
73062	31780	28205	32700	32518
73097	38370	30998	32708	32890
73139	13361	31437	32692	33160
73174	26247	30800	32689	32472
73216	33046	32676	32693	32431
73258	32947	33883	32721	32573
73300	30426	33963	32730	32668
73342	33375	34698	32721	32697
73384	32028	33854	32723	32618
73426	34112	33336	32732	32908
73461	27899	33778	32712	33059
73496	29659	34269	32712	32500
73531	31384	32996	32712	32638
73566	35806	32093	32722	32864
73601	38783	32821	32722	32767
73643	51810	34193	32727	32869
73685	34038	32070	32736	32522
73727	27249	32169	32722	32806
73762	33000	32030	32709	32952
73804	34839	30747	32708	32563
73839	47074	31652	32739	32493
73881	39657	30987	32707	32455
73916	41377	33068	32726	32716
73951	35009	33557	32718	32879
73993	33665	34473	32691	33040
74028	34989	32699	32718	32493
74070	41207	33012	32722	32767
74105	51449	31865	32703	32325
74147	32031	32735	32713	32746
74182	24508	31934	32734	32659
74224	31121	32623	32688	32573
74259	30061	33517	32729	32527
74301	41605	32038	32697	32770
74336	31910	31788	32701	32651
74378	35789	33987	32727	32440
74413	28965	31734	32715	32672
74455	28973	32554	32734	32537
74490	23737	33223	32716	32632
74532	35991	32168	32741	32801
74574	51539	34203	32718	32697
74616	33704	31373	32708	32615
74651	30395	32293	32744	32930
74693	34037	32259	32712	32527
74728	36291	31448	32738	32333
74770	45382	31463	32734	32412
74812	39624	34891	32734	32516
74847	39513	34414	32721	32631
74889	38870	34517	32720	33097
74931	27505	36188	32709	32615
74973	31202	32972	32729	32384
75015	32045	32877	32720	32748
75057	25173	31976	32731	32418
75092	22140	31880	32728	32402
75134	25664	32641	32716	32807
75176	33691	33184	32711	32934
75218	42437	33123	32717	32597
75253	40613	32308	32706	32530
75295	40915	32666	32707	32929
75337	37388	32804	32709	32657
75372	38987	31598	32709	32790
75414	33477	30476	32747	32587
75456	34413	32572	32737	32470
75498	30487	32417	32730	32698
75533	51370	32478	32716	32548
75575	22873	32207	32726	32476
75617	22798	34918	32729	32602
75652	24749	32885	32697	32769
75694	29325	33364	32734	32335
75729	34511	32384	32714	32550
75764	39022	32816	32731	32763
75799	40533	32838	32689	32876
75841	38817	32359	32722	32661
75876	38047	33033	32692	32722
75918	33952	32504	32709	32452
75953	40434	33345	32715	32770
75995	43515	32557	32714	32676
76037	36485	30885	32710	32261
76072	34424	32499	32699	32429
76107	29757	33511	32706	32372
76142	23411	34033	32718	32880
76184	35796	34417	32716	32307
76226	44341	34658	32754	32518
76261	34755	34066	32727	33480
76303	39850	34392	32713	32493
76338	33180	34579	32726	32715
76380	32374	33028	32716	32920
76415	29190	32318	32720	32630
76450	32861	32406	32723	32534
76485	16930	33904	32720	33002
76520	36251	32443	32717	32493
76562	26831	31235	32746	32769
76611	28056	31749	32728	32632
76653	38935	31410	32713	32535
76688	40689	31433	32727	32449
76730	41881	32340	32705	32846
76765	34057	31807	32724	32583
76807	38441	33687	32692	32924
76842	22271	33516	32736	32578
76884	42573	33369	32703	32742
76919	3257	32702	32714	33441
76954	26395	31427	32719	32614
76989	28189	32329	32742	32414
77031	21519	30210	32741	32519
77066	29350	32449	32722	32657
77101	41239	33021	32726	32507
77136	43271	34660	32724	32763
77171	32157	33336	32715	32589
77206	28851	33081	32728	32245
77248	28115	32369	32714	32671
77283	23030	32188	32713	32846
77318	31719	32208	32705	32695
77353	43888	31339	32713	32761
77388	12627	29996	32715	32985
77430	35198	29431	32720	32340
77465	28887	31956	32687	32898
77500	22514	32263	32713	32757
77535	25497	33435	32705	32964
77577	32454	33832	32701	32460
77612	34849	34132	32718	32608
77647	38783	35121	32698	32835
77682	40615	33377	32747	32870
77717	34060	33059	32718	32757
77752	23660	32024	32725	32546
77787	31811	30221	32720	32631
77822	39892	30961	32730	32643
77857	51668	33841	32715	32752
77899	31922	32803	32720	32538
77941	25208	32601	32719	32686
77976	32370	32756	32723	32575
78011	38006	32617	32698	32750
78053	43455	33991	32706	32552
78088	40312	33385	32717	32833
78123	31452	32717	32726	32498
78158	27468	30865	32744	32607
78193	31452	35013	32719	32868
78235	22901	34668	32730	32312
78270	35444	33077	32709	32657
78305	42158	31492	32716	32669
78340	51751	34273	32716	32743
78375	26526	30250	32726	32690
78410	21874	30598	32734	32847
78452	24327	33195	32740	32754
78487	26665	33275	32707	32871
78529	33323	32546	32707	32870
78571	36089	31471	32723	32579
78606	28735	31361	32722	33135
78648	32722	34193	32722	32648
78683	26933	33435	32704	32734
78725	26028	32659	32714	32834
78760	29850	32164	32696	32432
78795	34027	31448	32715	32650
78837	39221	30044	32712	32515
78872	27377	31370	32724	32640
78907	32397	36098	32734	32594
78949	28574	36078	32709	32961
78984	39275	34526	32702	32652
79019	42152	32048	32761	32691
79061	42255	31718	32743	32764
79096	37697	31596	32721	32902
79138	39841	33307	32723	32575
79173	33664	31276	32711	32770
79215	34437	33505	32728	32737
79250	39120	31847	32729	32881
79285	5539	32940	32737	32926
79327	29353	33122	32694	32301
79362	21585	32092	32712	33083
79404	25298	32392	32750	32376
79439	24915	31404	32728	32876
79474	36384	31702	32704	32870
79516	31872	32983	32722	32838
79551	34893	32811	32711	32662
79586	40056	33523	32709	32965
79628	33098	32461	32714	32533
79663	33627	33558	32693	32809
79698	42090	32407	32703	32623
79733	1735	32736	32710	33382
79775	32560	32591	32706	32396
79810	22271	32455	32723	32599
79852	28259	32784	32729	32824
79887	24848	33435	32701	33041
79929	39321	33556	32720	32471
79964	33274	30787	32754	32492
80006	34246	32693	32717	32335
80048	38440	33529	32713	32813
80090	33173	31078	32719	32501
80125	33193	28740	32734	32417
80167	43042	34679	32700	32558
80202	51677	33529	32732	32677
80244	34160	34271	32721	32154
80286	30547	38280	32690	32598
80321	32431	41612	32701	32683
80363	39877	28299	32712	32611
80398	47375	29612	32710	32374
80440	42862	35312	32725	32944
80482	35862	33868	32715	32545
80517	38724	35337	32707	32664
80559	25528	32120	32719	32299
80594	45035	36054	32692	33135
80636	10084	32018	32708	33057
80671	38274	33325	32713	32380
80713	31100	33589	32721	32979
80748	31375	34847	32721	32754
80790	34093	34399	32724	32785
80825	45514	34219	32711	32378
80867	45818	32378	32736	32753
80902	40261	33473	32717	32784
80944	40848	31492	32703	32497
80979	36710	29726	32723	32952
81021	33844	31365	32727	32759
81063	41306	37849	32709	32655
81098	32954	34601	32721	32773
81140	32071	33121	32726	32418
81182	23870	33637	32703	32783
81224	21172	31090	32719	32953
81266	31797	32848	32738	32572
81308	42577	31616	32723	32688
81350	41418	32257	32693	32745
81392	38206	32858	32708	32604
81434	22760	33424	32695	32595
81476	33968	32783	32698	32617
81511	32810	33257	32697	32624
81553	28358	33495	32731	32773
81588	30299	33420	32732	33024
81630	23444	32630	32729	32641
81672	26358	33010	32729	32594
81714	36505	30811	32714	32614
81756	40913	32100	32724	32621
81791	32340	31784	32718	32849
81833	37571	32534	32711	32597
81875	33087	33300	32717	32773
81917	40478	33947	32736	32722
81952	8003	33978	32723	33120
81994	34263	32308	32734	32589
82029	34774	32680	32725	32262
82071	32673	35620	32714	32425
82106	38019	32385	32718	32794
82148	42033	32769	32706	32612
82183	40789	33017	32734	32610
82225	40195	33123	32718	32591
82260	38303	32528	32721	32705
82302	33617	32165	32716	32415
82337	42170	32233	32717	32460
82379	10571	33962	32734	32967
82414	34205	31731	32695	32734
82449	23632	31602	32719	32629
82491	28408	34061	32729	32615
82533	38363	33520	32704	32510
82568	35715	32507	32729	32338
82610	40950	34341	32707	32778
82645	32368	31523	32708	32711
82687	38323	32219	32726	32573
82722	26501	32240	32732	32442
82764	38321	32395	32721	32810
82799	32276	33288	32713	33013
82841	40753	32319	32731	32556
82876	24485	32968	32717	32657
82918	28017	32955	32725	32882
82953	23358	30912	32722	32899
82995	34474	32376	32740	32641
83030	30979	30303	32697	32605
83072	32917	32692	32708	32436
83107	27520	31922	32724	32772
83149	29907	32727	32725	32282
83191	28176	33293	32721	32636
83233	44688	32864	32733	32576
83275	15400	32791	32709	32540
83317	28136	31729	32714	32417
83359	22406	33114	32728	32555
83394	25734	33743	32736	32788
83436	27206	33169	32730	32804
83471	37553	32047	32698	32736
83513	31013	31480	32702	32406
83555	29686	31499	32726	32587
83590	29523	31744	32731	32893
83632	26341	32435	32731	32636
83667	21080	31879	32716	32801
83709	32208	33557	32752	32893
83744	6842	35331	32711	32978
83786	25742	31355	32705	32392
83821	26559	32707	32732	32570
83863	21219	33232	32729	32742
83905	27528	32636	32702	32865
83940	31413	32509	32703	32509
83982	31319	31110	32727	32884
84017	29810	33308	32724	32354
84059	28330	32121	32726	32351
84094	28622	33666	32725	32871
84136	23326	31853	32723	33014
84171	33391	32492	32717	32447
84213	31645	33167	32733	32487
84248	51409	31061	32709	32370
84290	22988	31845	32700	32633
84332	23760	32740	32692	32633
84367	23955	31967	32699	32707
84409	30984	31848	32720	32873
84451	37431	33293	32720	32696
84486	29199	32846	32733	32854
84528	33615	33714	32712	32366
84570	38023	32010	32726	32664
84612	34215	31596	32728	32574
84647	34590	32790	32714	32668
84689	43762	33207	32719	32811
84731	51394	32857	32728	32473
84773	25073	32057	32727	32157
84808	30919	33447	32720	32444
84850	25762	32281	32737	32899
84885	37287	33296	32704	32723
84927	36776	33601	32716	32520
84969	29814	32120	32712	32846
85011	29393	32053	32719	32583
85053	34949	33817	32728	32190
85095	34875	31870	32715	32523
85137	42224	32207	32727	32596
85172	44636	33538	32692	32586
85214	41430	30906	32734	32307
85256	26944	32044	32720	32518
85298	21665	31152	32715	32905
85340	25181	33071	32706	32618
85382	39438	32143	32722	32401
85417	32632	30788	32716	32781
85459	34197	32296	32703	32719
85494	28445	31943	32713	32941
85536	29139	31947	32731	32868
85578	32108	32820	32734	32770
85613	36493	32939	32722	32646
85655	38405	34387	32716	32577
85690	27294	31123	32730	32257
85732	28464	35299	32716	32351
85767	21928	32504	32697	32823
85809	32019	31281	32709	32776
85851	43704	29747	32715	32851
85886	35019	30303	32715	32775
85928	38466	33153	32711	32668
85970	39113	32765	32705	32853
86012	33175	32073	32716	32709
86054	20039	33581	32729	33111
86096	33012	33266	32747	32050
86138	24609	32567	32727	32737
86180	33811	34025	32710	32556
86222	33608	32274	32704	32789
86264	29976	30861	32710	32437
86306	30773	30997	32701	32714
86348	33017	30814	32711	32840
86390	33738	31342	32713	32697
86432	38948	33348	32721	32550
86474	38971	34108	32730	32847
86516	33380	32950	32707	32815
86558	23683	32795	32717	32961
86600	32043	30966	32713	32659
86642	51753	35427	32709	32724
86684	31906	31736	32721	32550
86726	32887	33311	32693	32374
86768	30182	34519	32709	32792
86810	31804	32663	32713	32787
86852	32625	33160	32733	32483
86894	32812	32829	32714	33151
86929	27990	32718	32721	32593
86971	30087	31588	32726	32681
87006	26782	32576	32720	32514
87041	31679	33004	32723	32635
87083	24145	33894	32726	32494
87125	32432	33762	32721	32490
87167	51771	36578	32700	32773
87209	33682	33521	32690	32702
87251	32533	33921	32716	32544
87286	33473	32653	32721	32460
87321	32082	32735	32736	32708
87356	33044	30871	32731	32602
87398	33149	31742	32702	32710
87433	28157	32068	32742	32786
87475	29923	31444	32710	32520
87517	34596	31983	32703	32766
87552	26908	31400	32737	32582
87594	25760	31479	32727	32631
87636	43215	34854	32732	32945
87678	50514	34666	32739	32849
87720	29586	31311	32724	32404
87762	22142	31889	32714	32648
87797	28438	31988	32701	32763
87839	28106	33664	32735	32666
87874	41049	28407	32712	32689
87909	43559	30875	32715	32670
87951	37535	32426	32691	32674
87986	39579	32884	32709	32680
88021	32994	34323	32739	32410
88063	33804	32792	32731	32813
88105	38887	35140	32708	32752
88140	42140	34855	32705	32483
88182	51567	35117	32717	32522
88217	33111	30698	32716	32553
88259	33408	34185	32714	32889
88294	30970	31891	32712	32611
88336	40211	32474	32722	32529
88371	42318	32892	32716	32711
88413	42406	33006	32713	32356
88448	36160	33712	32726	33053
88490	39761	33200	32705	32711
88532	37745	33101	32693	32563
88567	30094	32475	32711	32799
88602	37434	33098	32739	32589
88637	23394	32495	32705	32477
88672	33408	31562	32726	32599
88714	21278	32520	32709	32529
88749	25291	32546	32705	32687
88784	32610	32468	32724	32629
88826	34797	35464	32712	32616
88868	33863	32438	32736	32568
88910	30246	32752	32710	32677
88952	34548	32438	32699	32688
88994	38675	32226	32754	32673
89029	31705	31278	32719	32571
89071	32913	31477	32722	32704
89113	41208	34214	32725	32596
89155	28129	33494	32718	32531
89190	46318	34188	32710	32777
89232	30034	31819	32702	32579
89267	33187	33507	32712	32476
89309	32359	32704	32712	32713
89344	41621	33185	32723	32499
89386	43547	32606	32718	32500
89428	33850	33910	32702	32639
89463	38928	33733	32703	32389
89505	33551	32670	32738	32659
89547	27179	32456	32724	32538
89582	30673	34430	32712	32820
89624	28735	33972	32729	32787
89659	39235	34070	32741	32530
89694	51314	35577	32729	32893
89736	32097	33706	32701	32463
89778	24883	32676	32711	32468
89820	22761	29943	32729	32689
89862	31651	29751	32737	32547
89904	42088	29498	32734	32534
89946	41391	30333	32716	32632
89981	35210	28092	32724	32562
90016	28323	24157	32715	33086
90051	28116	24953	32720	32629
90086	32819	27052	32698	32598
90128	28401	32159	32713	32668
90163	40587	38177	32721	32459
90198	31417	41281	32722	32545
90233	30216	41297	32732	32360
90268	21950	43048	32722	32618
90303	24294	41437	32718	32708
90338	31520	39908	32701	32582
90373	41810	38125	32728	32261
90408	40650	33293	32710	32746
90443	30577	32882	32715	32873
90485	33866	28632	32702	32623
90520	27796	29137	32737	32766
90555	29414	29453	32716	32742
90590	27890	30415	32680	32682
90625	44452	32571	32711	32433
90660	24706	32454	32715	33071
90695	30805	30709	32733	32421
90737	26556	30200	32696	33104
90772	20930	30247	32724	32635
90807	23855	30188	32704	32928
90842	36984	29582	32714	32507
90877	47120	28753	32715	32736
90912	37586	30735	32718	32672
90947	29635	32495	32700	32739
90989	32114	35268	32721	32581
91024	21896	34088	32707	32876
91059	34008	33427	32731	32574
91094	41339	34384	32730	32503
91136	51137	34363	32713	32370
91171	32775	33089	32713	32660
91213	26737	33189	32740	32645
91255	21730	34944	32712	32874
91290	37082	34881	32731	32637
91332	38526	31444	32723	32605
91367	39672	31805	32695	32789
91409	31005	30767	32741	32708
91451	25756	30651	32711	32942
91486	23854	31101	32749	33338
91528	31604	30666	32728	32676
91570	51768	33692	32732	32863
91605	22895	32087	32718	32526
91640	27255	33870	32722	32504
91675	31977	32814	32744	32504
91710	33029	36108	32724	32751
91745	34619	32472	32716	32446
91780	34345	31594	32735	32684
91815	36162	32801	32692	32863
91857	29284	27795	32730	32948
91892	34616	29656	32702	32574
91927	34322	31254	32703	32426
91962	39174	33543	32735	32551
91997	32957	34196	32709	32840
92032	51772	36459	32703	32798
92067	29337	35317	32725	32312
92109	22207	34966	32702	32698
92144	25441	34846	32730	32379
92179	36272	34755	32735	32790
92221	42053	33887	32682	32850
92256	44038	35260	32706	32607
92298	38824	32835	32727	33015
92340	32365	32513	32701	32434
92375	38014	31738	32714	33035
92410	34295	30693	32692	32558
92452	40877	30537	32712	32810
92487	39959	31871	32708	32543
92522	51352	32459	32703	32554
92557	21594	29408	32708	32633
92592	25869	32382	32737	32658
92627	33036	33323	32719	32527
92669	32400	33036	32733	32612
92704	43623	34165	32724	32586
92739	41154	33438	32714	32482
92774	31748	32367	32729	33057
92809	27929	33466	32718	32627
92844	31836	33655	32724	32833
92879	37521	32515	32714	32849
92914	32704	39235	32717	32451
92956	41802	34125	32726	32564
92998	23814	29629	32721	32958
93033	36684	30515	32734	32597
93068	29975	31074	32711	32771
93110	33133	31553	32734	32666
93145	30504	31420	32712	32636
93187	41189	32458	32723	32320
93222	38682	32733	32724	32608
93257	30260	32150	32722	32793
93292	30750	31708	32739	32933
93327	36945	32016	32695	32604
93362	39104	33916	32727	32908
93404	36836	33939	32712	32856
93439	31850	33581	32726	32677
93474	34942	33295	32721	32564
93509	30116	32882	32731	32485
93544	51520	33104	32715	32482
93579	32506	32165	32717	32575
93614	33618	32420	32725	32419
93656	32905	33389	32730	32351
93691	37339	33051	32706	32514
93726	37550	32486	32724	33078
93768	40940	33232	32702	32921
93810	40691	33418	32693	32901
93845	37361	32673	32726	32962
93887	38663	32474	32698	32577
93922	34051	33211	32725	32841
93964	31383	31628	32695	32657
93999	38538	32416	32719	32692
94041	11514	31862	32719	33274
94076	35224	31796	32731	32472
94118	31659	32310	32702	32641
94153	26136	32160	32715	32993
94188	23939	31509	32707	32795
94223	33376	32216	32748	32545
94258	44232	33997	32734	32925
94300	36298	32939	32700	32857
94335	40788	32438	32714	32924
94370	38904	33948	32721	32777
94405	31088	35193	32717	32731
94440	25349	33674	32728	32378
94482	22350	31348	32731	32827
94524	39560	31175	32694	32510
94566	51806	33409	32727	32803
94608	31915	31547	32727	32634
94650	24751	32174	32701	32546
94685	32425	32424	32715	32449
94727	33607	32368	32719	32915
94762	45270	33921	32710	32674
94797	42006	34519	32699	32596
94839	39737	35451	32727	32908
94874	36802	32331	32735	32898
94916	38815	32732	32725	32481
94951	34928	32368	32716	32897
94986	21007	33910	32684	32658
95021	32799	33551	32700	32563
95063	8492	32496	32736	32974
95098	28060	32229	32702	32640
95140	22257	32261	32726	32723
95175	23664	32144	32728	32884
95210	32455	34307	32711	32820
95252	35028	30655	32708	32422
95287	43193	32965	32723	32467
95322	40740	32000	32736	32308
95364	39754	33388	32701	32951
95399	38318	33149	32698	32438
95434	30309	32055	32714	32670
95469	25524	30679	32717	32382
95504	24910	32960	32729	32694
95539	41512	33922	32716	32289
95574	15262	33409	32727	32870
95609	32291	31465	32714	32385
95644	22164	30013	32714	32857
95679	25599	32753	32706	32634
95721	23274	33581	32711	32571
95756	34645	33703	32724	32782
95791	44556	34885	32710	32801
95833	36037	33032	32737	32600
95868	40635	31142	32729	32320
95910	35207	30714	32724	32526
95945	39037	33028	32714	32936
95987	30895	30743	32731	32675
96029	32623	32871	32733	32564
96064	40174	33375	32735	32833
96106	51278	33136	32706	32651
96148	22719	32677	32729	32600
96190	23909	33818	32688	32795
96225	23222	32957	32729	32474
96260	34047	32268	32726	32479
96302	33813	28254	32721	32504
96337	37852	28362	32717	32934
96379	29559	30489	32719	32714
96421	27150	34003	32719	32844
96463	30199	35799	32715	32689
96505	31993	35470	32712	32731
96540	35546	34146	32713	32810
96582	33302	34908	32725	32392
96617	26133	34262	32722	32451
96659	28830	33311	32734	32671
96694	22451	32612	32698	32736
96736	31704	33883	32709	32497
96771	33787	30688	32751	32743
96813	37115	30984	32700	32560
96848	30015	31662	32731	32637
96890	32402	32064	32707	32694
96925	25681	30669	32726	32532
96967	26392	31834	32703	32712
97002	32912	31872	32732	32428
97037	8282	32927	32718	33060
97079	24573	31882	32719	32574
97114	28175	32018	32696	32584
97156	22229	32333	32712	32533
97191	32753	34583	32709	32609
97233	36354	32932	32714	32582
97268	41177	32138	32733	32699
97310	31593	31996	32726	32513
97345	37002	34013	32713	32788
97380	38905	34469	32711	32924
97422	29555	34315	32719	32772
97457	41527	34399	32695	32411
97492	34675	32254	32706	32451
97534	30726	31944	32705	32905
97569	24587	32389	32731	32598
97611	29775	30592	32743	32756
97646	23967	31506	32713	32760
97688	39165	32522	32697	32536
97723	35550	32235	32723	32632
97765	36886	31932	32724	32781
97800	29242	32028	32713	33006
97835	29581	32589	32728	32705
97877	26489	33434	32722	32875
97912	25282	33496	32726	32363
97947	39360	33317	32724	32544
97989	33416	32915	32717	32507
98024	50776	32721	32724	32330
98066	27255	34166	32719	32781
98101	32809	35049	32698	32380
98143	29413	33218	32710	32456
98178	40757	32889	32707	32625
98220	41188	32206	32712	32533
98255	42476	33015	32718	32887
98290	36609	33712	32728	32675
98325	29116	32224	32720	32584
98360	27929	32331	32749	32683
98395	33331	33545	32716	32523
98437	21374	33437	32712	32837
98472	39310	33525	32724	32673
98507	41772	32467	32703	32808
98542	50441	31728	32707	32477
98584	32311	31650	32730	32367
98626	32156	32633	32741	32725
98661	34901	34461	32718	32653
98696	34732	32190	32712	32970
98731	33390	29848	32720	32556
98766	34584	30581	32694	32537
98801	38816	31052	32716	32807
98836	39521	31878	32717	32201
98871	32259	32380	32718	32714
98913	37152	32462	32721	32858
98948	28602	32877	32707	32513
98983	22734	33244	32727	32742
99018	35253	32802	32749	32626
99053	15794	33518	32694	32838
99088	38755	32364	32720	32404
99123	26176	31986	32699	32496
99158	21549	33370	32737	32498
99193	26523	32692	32726	32892
99228	38827	33370	32711	32518
99270	38655	33685	32707	32636
99305	41613	36028	32705	32984
99347	35201	33631	32728	32834
99382	39690	32823	32726	32778
99424	34278	30676	32704	32542
99459	38165	27644	32731	32822
99501	31340	32385	32725	32727
99536	43335	34297	32728	32689
99578	41530	34560	32711	32678
99627	24582	33649	32691	32576
99662	21363	32010	32713	32653
99704	23535	32544	32700	32279
99746	36863	32542	32719	32737
99781	36247	31930	32716	32622
99816	33340	31466	32729	32911
99858	29631	32539	32737	32600
99900	32296	32018	32722	32471
99942	36850	33453	32721	32712
99984	33917	32177	32716	32421
100019	42140	32217	32729	32721
100061	32884	34499	32709	32733
100103	31037	33763	32727	32658
100145	23744	32440	32718	32745
100187	21599	32796	32688	32959
100222	31256	33194	32702	32646
100264	34069	31018	32731	32612
100306	32031	31816	32728	33128
100341	28650	32327	32721	32591
100383	28836	32075	32721	33130
100418	27541	32270	32732	32545
100460	22099	31762	32725	32490
100502	34932	32758	32708	32642
100544	35567	34512	32689	32665
100579	33672	31809	32716	32374
100614	21685	29732	32717	32544
100656	23825	34096	32694	32801
100691	22502	32446	32705	32154
100733	31504	31127	32737	32485
100768	34594	31102	32715	32465
100810	30321	31810	32717	32744
100852	33711	31624	32712	32722
100894	37616	31042	32710	32732
100929	30151	31864	32721	32604
100971	32824	32784	32710	32672
101006	35581	33579	32728	32592
101041	6944	33504	32740	32795
101083	25597	32239	32717	32547
101118	21630	31308	32728	32742
101160	22665	32980	32709	32712
101195	25741	33649	32722	32630
101230	39458	34604	32707	32631
101272	34508	33745	32731	32584
101314	29749	32915	32713	32726
101349	31288	32282	32719	32799
101391	26290	32525	32722	32697
101426	29336	32559	32724	32782
101468	24191	31759	32715	32252
101503	35004	32856	32730	32814
101545	51769	34638	32735	32781
101580	30015	32048	32712	32508
101622	22648	31463	32728	32581
101657	30091	32368	32714	32773
101692	36683	33110	32699	32630
101727	39891	30158	32708	32763
101769	43007	29463	32712	32669
101804	35228	31547	32721	32725
101839	28263	32449	32746	32669
101881	31883	33323	32695	32524
101916	22015	33170	32729	32812
101951	31837	35194	32742	32573
101986	40293	35360	32693	32607
102021	51780	35510	32707	32834
102056	29498	32147	32711	32584
102091	21591	32221	32725	32574
102133	26048	32091	32711	32791
102168	25987	31126	32705	32549
102203	36991	33097	32729	32718
102238	42651	33766	32729	32641
102273	40953	31520	32736	32751
102308	33560	32448	32732	32712
102343	27276	31332	32719	32592
102385	24084	31759	32716	32720
102420	33076	31382	32715	32516
102455	4050	33141	32711	32686
102490	40560	32287	32721	32372
102525	33232	31542	32715	32500
102567	32686	33627	32712	32428
102602	32524	33122	32724	33022
102637	31661	32805	32715	32856
102672	33574	30785	32721	32791
102707	35437	32553	32726	32591
102742	39896	33269	32754	32625
102777	37840	32339	32731	32621
102812	29820	32569	32724	32717
102847	18856	31791	32734	32883
102882	35272	34521	32709	32693
102917	41433	34958	32711	32744
102952	51087	35086	32708	32367
102987	24896	31545	32703	32722
103022	20725	32692	32716	32736
103064	24833	32029	32723	32684
103099	27530	32422	32722	32387
103134	39522	32932	32715	32839
103169	43390	32849	32722	32688
103204	38629	32560	32719	32563
103239	30638	31273	32729	32434
103274	26727	33004	32713	32562
103309	31625	31997	32723	32611
103344	31091	31656	32724	32320
103379	41965	32429	32718	32442
103414	13740	33843	32719	33389
103456	35542	31855	32716	32416
103491	24054	30939	32714	32831
103526	21957	30064	32746	33030
103568	24805	30648	32702	33025
103603	31453	33102	32722	32544
103638	40432	32595	32710	32774
103680	31576	33480	32739	32748
103715	38226	35020	32726	32694
103757	31301	32903	32714	32778
103792	36780	34347	32694	32597
103827	34499	34642	32719	32869
103862	35137	34038	32728	32402
103897	31278	32447	32718	32399
103932	51781	33951	32723	32871
103974	22515	30807	32734	32538
104009	26430	31266	32727	32873
104044	32633	32246	32706	32569
104086	31789	32002	32732	32569
104121	43852	33945	32710	32475
104156	40417	31804	32720	32332
104198	40963	35502	32707	32696
104233	36658	35274	32721	32658
104268	28761	34065	32734	32395
104310	31557	34615	32723	32626
104345	23228	32585	32712	32694
104387	37256	28972	32718	32747
104422	43512	33087	32738	32452
104457	25996	32835	32721	32664
104499	21619	34046	32701	32325
104534	24208	33013	32734	32761
104576	25479	32273	32693	32559
104611	38203	32501	32719	32656
104653	31973	32186	32715	32613
104688	34842	26214	32739	32754
104723	39442	29867	32727	32391
104758	36742	32133	32721	32454
104800	30667	34037	32723	32601
104835	41023	35266	32725	32789
104870	9619	41109	32726	33511
104912	34930	33137	32687	32333
104947	22868	32191	32722	32517
104989	26986	32967	32714	32484
105031	34971	31487	32706	32566
105073	46769	33812	32730	32553
105115	39142	31165	32716	32891
105157	31772	30425	32724	32600
105199	29994	32218	32698	32321
105241	25126	40860	32719	32445
105283	44801	36481	32718	32721
105325	10735	27047	32701	33058
105367	30767	30965	32713	32067
105409	22640	28597	32716	32556
105451	20550	31852	32725	32383
105493	30647	33361	32715	32205
105535	46776	27657	32702	32787
105584	31306	34549	32698	32772
105633	40654	31643	32710	32950
105675	36813	36390	32703	32661
105724	26756	32353	32731	32852
105766	36802	32866	32688	32675
105815	33014	26579	32712	32501
105857	19936	34115	32682	32140
105899	23285	34046	32708	32554
105941	32552	33161	32684	33067
105983	41705	35382	32694	32515
106025	41073	32328	32701	32783
106067	34339	30877	32726	32712
106109	28752	31153	32676	32657
106151	28112	26264	32694	32777
106193	33311	25363	32723	33135
106235	42986	33593	32699	32945
106277	51292	38798	32663	32648
106319	26970	39041	32706	32622
106361	20262	37567	32724	32691
106403	24475	37173	32699	32261
106445	36376	38146	32701	32377
106487	39293	41004	32714	32297
106529	38611	33436	32700	32435
106571	35519	31060	32707	32289
106613	35059	20619	32716	33365
106655	20988	32772	32704	33104
106697	37767	30491	32727	32619
106739	15746	29599	32701	32437
