timestamp	ch1	ch2	ch3	ch4
10	38870	21285	32746	21825
10	27331	30983	32704	32345
10	24573	26119	32704	32957
10	38267	27523	32681	32442
24	26150	26922	32679	32438
38	29168	27507	32701	32550
59	34095	26343	32709	32416
87	32717	65505	32691	32443
122	29765	65504	32687	32640
143	29244	65417	32720	32985
157	30055	36481	32716	32266
185	47901	15155	32693	32894
199	36774	34474	32705	32944
220	10757	19541	32706	33185
241	50388	22401	32715	32399
262	29882	22690	32728	32695
283	37967	24990	32725	32404
304	30851	25947	32688	32457
325	29250	27347	32721	32543
346	24292	23523	32690	32892
367	36645	7018	32708	32951
388	30233	12398	32724	32886
416	46902	25458	32708	32061
437	38943	32083	32719	32794
458	35098	35678	32721	32250
479	36480	41103	32692	32397
514	35538	48749	32694	32288
535	36183	41385	32709	32234
556	43796	43537	32697	32264
584	33519	45422	32704	32528
605	28213	46399	32715	33396
626	22173	46442	32706	33104
654	40703	48141	32693	32649
675	25568	33852	32714	33065
696	10044	31527	32702	32890
731	32204	33658	32685	32206
759	20982	35487	32712	32414
787	25914	37225	32716	33119
815	22824	34300	32718	32969
843	29506	31782	32705	32394
864	35119	32239	32695	32378
892	40795	31932	32697	32781
920	43709	24030	32697	32193
948	42115	25759	32722	32671
976	37884	25915	32694	32530
1011	34920	27764	32710	32755
1039	38707	30319	32716	32613
1067	34254	22290	32711	33012
1102	29239	26954	32703	32711
1130	35910	27906	32696	32559
1158	37801	30407	32723	32497
1186	48880	38246	32725	32745
1214	29405	28306	32708	32832
1242	20667	22514	32734	32774
1270	24242	29635	32714	32707
1291	26226	34291	32708	32550
1319	27060	38728	32675	32131
1340	31756	30986	32721	32429
1361	36645	36337	32709	32508
1389	42289	34093	32694	32029
1417	34932	34324	32697	32752
1452	36551	34458	32701	32292
1487	36355	34879	32702	33203
1522	34002	34186	32713	32952
1564	28547	33296	32686	32660
1599	38845	33447	32701	32182
1634	35510	31083	32685	32835
1662	51494	39642	32720	32728
1683	34688	32005	32724	32340
1725	26802	32602	32695	32666
1753	25869	31371	32709	33336
1781	29072	34126	32718	32143
1809	29204	29441	32699	32310
1837	40255	31837	32725	32822
1865	35691	32785	32714	32553
1893	38402	33927	32717	31963
1928	33172	32458	32701	32626
1956	35699	30353	32708	32871
1984	31657	30363	32717	32771
2005	32057	32970	32714	32309
2026	27971	33904	32704	32714
2047	28917	33895	32720	32561
2068	37397	34719	32700	32589
2089	40388	34356	32722	32569
2110	29270	33595	32689	32961
2138	51504	37931	32718	32728
2166	32985	32383	32719	32137
2201	28534	32820	32713	32652
2236	25191	32712	32720	32984
2257	27518	27221	32676	33329
2292	31354	31243	32719	32622
2327	38679	33539	32696	32180
2355	37066	32003	32708	32668
2383	36572	33884	32716	32405
2411	32234	32936	32706	32846
2446	30788	33646	32704	32679
2474	34359	32684	32701	32265
2502	26480	31660	32692	33070
2530	29187	29647	32703	33099
2565	36101	33100	32705	33156
2593	6287	32627	32731	32929
2621	50081	30602	32725	32683
2649	31595	31921	32725	32018
2684	23912	31223	32718	32367
2712	25313	33258	32696	32985
2740	23676	32266	32718	32641
2775	36895	32946	32703	32466
2803	44699	33426	32712	32507
2831	47742	33246	32721	32984
2859	38801	31549	32740	32875
2894	46324	31052	32731	32447
2929	26726	32088	32725	32450
2957	38876	33264	32712	32750
2985	36355	34622	32723	32500
3020	31424	34772	32729	32820
3048	28824	33834	32717	32342
3083	26917	31932	32696	32532
3118	26108	32138	32720	32684
3146	26056	32525	32732	32585
3181	26510	31902	32735	32819
3216	27335	30288	32696	32469
3251	28325	32148	32719	32647
3293	29544	32424	32738	32773
3328	30502	34506	32716	33038
3370	31511	33450	32713	32578
3405	32227	32759	32712	32672
3440	32816	32810	32714	32678
3475	33260	33270	32708	32519
3510	33576	34462	32717	32754
3545	41334	33212	32713	32635
3580	24998	33670	32722	32856
3608	13675	33722	32710	32748
3643	20947	33752	32718	32828
3678	27034	34319	32716	32370
3706	30462	34239	32713	32264
3741	45079	30351	32729	32357
3769	40757	30885	32719	32602
3804	38704	32518	32724	32101
3839	44343	32832	32720	32482
3881	40036	33368	32728	32429
3916	38925	32697	32715	32224
3944	45253	31456	32741	33176
3979	45401	32314	32721	32421
4021	51785	33299	32705	32210
4056	30694	31681	32711	32523
4091	30764	36134	32720	32771
4126	31564	33188	32692	32588
4161	32119	30799	32701	33048
4196	29728	29911	32711	32543
4238	31347	31640	32729	33028
4273	21877	25693	32716	32849
4301	30279	29788	32725	33082
4336	28236	32904	32730	32267
4371	21589	33489	32712	32985
4406	13910	33714	32703	32833
4441	33020	35415	32682	32285
4476	17879	34602	32703	32468
4511	38172	33939	32690	32241
4546	27550	33821	32725	32951
4602	25087	32422	32730	32447
4637	31102	33562	32715	32795
4693	40559	32336	32725	33143
4735	32460	32235	32742	32604
4770	36320	33317	32741	32685
4805	39521	31731	32704	32890
4840	36179	30527	32725	32229
4882	31598	31714	32732	32672
4917	33617	31726	32736	32593
4952	31424	31028	32719	32395
4994	50886	32902	32706	32212
5029	21721	31571	32727	32229
5064	21007	32995	32718	32847
5099	27549	33107	32721	32659
5134	37992	33772	32736	32952
5176	42807	34146	32721	32178
5211	44582	34157	32689	32580
5246	39102	34576	32735	32866
5281	31401	34274	32725	32872
5323	35486	33988	32706	32949
5379	25889	35032	32723	33290
5421	37722	33099	32717	32523
5463	23416	34056	32706	33263
5498	33250	32892	32703	32731
5533	22256	32125	32742	32855
5568	20545	32821	32741	31962
5603	27006	32439	32738	32357
5638	36990	32276	32709	32564
5673	41856	33301	32698	32451
5708	33159	33310	32725	32860
5743	30415	33258	32715	32714
5785	30196	31029	32724	33014
5820	29589	31553	32736	32848
5869	33214	32901	32726	32700
5918	32801	32042	32726	32464
5974	30034	32196	32730	32264
6037	19766	31059	32734	32376
6079	25646	31597	32695	32780
6114	27493	32002	32722	32719
6156	36973	31527	32709	32747
6191	30158	30472	32710	32662
6233	32970	32471	32713	32916
6268	28981	33036	32718	32388
6303	27684	32765	32718	32902
6338	40763	33902	32745	32576
6373	43031	34903	32719	32669
6415	51313	33363	32723	32644
6457	28353	34038	32721	32712
6506	25725	33099	32727	32735
6548	35873	32522	32730	32485
6597	34807	33679	32723	33092
6639	32578	32722	32714	32199
6681	36909	32748	32719	32795
6723	39544	32564	32721	33147
6765	37103	32082	32728	32508
6807	24259	30243	32723	32602
6849	32358	32635	32721	32564
6891	51558	34689	32712	32476
6933	27572	30671	32730	32346
6975	30584	31179	32720	32545
7024	22461	32912	32697	32738
7059	35954	31572	32720	32588
7101	33893	31996	32727	32581
7143	31010	32305	32704	32575
7178	30429	33052	32723	32783
7220	27977	31123	32727	32637
7262	32359	33181	32709	32810
7304	32768	34237	32723	33020
7346	40288	34295	32698	32657
7388	37461	33876	32705	32638
7430	26469	31896	32708	32755
7472	21798	31794	32731	33119
7514	25314	32709	32716	32912
7570	29750	32971	32701	32871
7626	32775	32430	32715	32873
7675	41255	34293	32735	32663
7717	37500	32437	32682	32823
7766	32344	29423	32723	32504
7815	32737	31662	32705	32606
7864	26004	32426	32710	32595
7906	42781	34322	32710	32307
7962	41350	31685	32719	32531
8011	23710	33670	32717	32542
8067	25774	32643	32718	32767
8123	42467	33702	32725	32539
8179	44609	32415	32722	32503
8228	29912	32280	32726	32966
8284	28014	30414	32708	33243
8340	28981	32210	32727	32616
8389	37603	32809	32739	32740
8445	8899	31915	32708	33023
8494	28893	34500	32707	32609
8550	28764	33572	32719	32535
8599	26111	32869	32737	32332
8648	44478	31415	32729	32587
8704	43168	32618	32732	32813
8746	36168	32007	32730	32692
8788	28583	32544	32714	32365
8823	27340	39857	32711	32685
8865	34908	23222	32711	32729
8900	22078	65504	32727	32423
8935	49971	11135	32705	32596
8977	30244	21771	32714	32551
9019	22507	22874	32718	32646
9061	22636	25998	32711	32718
9103	38108	25903	32723	32450
9145	40626	30227	32706	32716
9180	30064	31910	32736	32571
9222	34481	34417	32722	32782
9264	37277	34759	32727	32558
9306	28900	34363	32719	32572
9348	37861	35469	32725	32863
9383	25954	34963	32703	33007
9425	32895	35165	32708	32747
9474	26587	34245	32717	32412
9516	31044	32989	32720	32225
9565	31306	32268	32717	32725
9621	38367	32165	32718	32364
9677	37768	31579	32687	32487
9712	42638	33309	32707	32501
9754	34120	32983	32725	32685
9789	34048	32092	32712	32597
9824	29787	29998	32716	32646
9866	41626	18368	32698	32696
9922	34604	31606	32693	32395
9985	29145	42748	32713	32814
10041	35915	39550	32724	32371
10104	44660	36062	32733	32795
10160	43008	31747	32714	33003
10195	42917	30168	32702	32670
10237	38214	29173	32711	32788
10272	33752	26817	32711	32698
10307	25667	27485	32716	32946
10349	28935	31149	32720	32479
10391	36219	32544	32719	32468
10433	51804	32992	32734	32162
10468	31586	34681	32711	32184
10510	28068	34757	32712	32269
10552	28294	34466	32752	32581
10608	42096	33198	32720	32383
10650	40026	31806	32732	33130
10699	44288	31470	32717	33069
10748	31097	30867	32734	33084
10797	40944	32563	32711	32693
10839	40689	32091	32723	32558
10881	36963	32791	32713	32818
10923	33497	32547	32716	32760
10965	22230	30874	32733	32998
11021	18567	32857	32714	32766
11077	18404	33474	32736	32594
11140	31117	34057	32713	32411
11203	35855	33093	32721	32166
11259	33590	33708	32724	32619
11308	31094	33988	32740	32881
11350	18952	32754	32731	32854
11392	49699	32083	32712	32376
11441	25278	33725	32726	32749
11483	27411	30387	32724	32554
11539	27546	33482	32708	32589
11595	35351	31797	32714	32335
11651	45805	31735	32686	32648
11707	39744	31610	32700	32714
11756	30281	32666	32718	32191
11812	24883	31356	32723	32835
11847	44079	33517	32718	32333
11910	51782	33883	32732	32441
11966	28371	33623	32716	32757
12008	21568	33570	32712	32716
12064	32303	33716	32718	32785
12106	35508	32589	32731	32596
12155	42972	33649	32721	32716
12197	40081	34377	32716	32742
12239	32705	33306	32710	32276
12295	30725	32083	32701	32875
12344	36084	31616	32711	32808
12400	27052	30748	32713	32604
12456	19314	32575	32743	32497
12512	23890	32574	32716	32583
12554	31736	32591	32715	32947
12589	36002	32726	32726	32749
12631	29489	31684	32709	33027
12680	40379	29288	32701	32820
12722	35526	30591	32711	32554
12764	22432	31452	32741	32657
12799	39645	33463	32726	32746
12841	11705	31563	32708	33090
12876	36849	32057	32706	32295
12918	24268	33481	32721	32870
12967	27025	33906	32708	32996
13030	41483	33114	32712	32114
13072	40863	33141	32714	32609
13128	41385	33629	32703	32426
13184	41085	34818	32716	32467
13226	36452	35274	32724	33078
13289	28591	33840	32702	32491
13331	31814	33767	32730	32735
13380	38622	33967	32714	32481
13429	22972	32537	32707	32797
13471	27942	31196	32721	33236
13527	33354	32853	32724	32787
13583	31422	31569	32738	32717
13632	39249	31992	32712	32615
13674	33278	30937	32706	32893
13723	32621	31176	32718	32474
13765	36534	30557	32736	32731
13807	33708	32396	32719	32799
13856	32584	30742	32728	32679
13912	25027	32006	32713	32637
13975	26917	32037	32718	32820
14031	26824	31896	32724	32663
14094	42906	32824	32703	32760
14157	38811	34089	32705	32638
14213	39684	33825	32715	32280
14269	37163	32096	32720	32773
14311	33808	32726	32708	32820
14353	38683	33353	32696	32815
14402	13467	32816	32712	33122
14451	27404	32559	32712	32743
14493	21203	32596	32709	32717
14542	34325	33520	32727	33087
14598	43773	31036	32722	32939
14647	32695	31185	32713	33035
14689	29618	31913	32719	32575
14731	32602	33766	32727	32649
14773	36943	35105	32729	32786
14815	30462	34080	32727	32466
14871	42748	32772	32699	32293
14927	28793	33310	32716	32390
14969	32797	30122	32748	32807
15011	29208	31700	32725	32944
15060	28117	32182	32731	32512
15109	41175	35054	32718	32770
15158	35276	32383	32706	32982
15207	34790	33252	32698	32819
15256	33808	32694	32722	32395
15298	34403	32436	32683	32616
15354	41842	33017	32707	32459
15403	51733	34700	32696	32928
15459	27770	32298	32691	32569
15515	30313	33989	32700	32326
15557	32050	34283	32710	32763
15599	34786	33123	32704	32748
15648	41905	32412	32691	32374
15690	38131	32773	32712	32651
15732	30497	30071	32726	32745
15781	35100	32179	32717	32733
15837	24900	32485	32716	33106
15907	10047	33160	32712	32600
15949	24923	31216	32722	32432
16005	21678	32201	32710	32532
16061	28251	33552	32710	32608
16124	34150	37980	32735	32818
16187	36680	30210	32707	32739
16229	40132	30506	32720	32821
16271	37988	28921	32719	32403
16313	31152	35498	32738	32514
16362	26101	31421	32712	32730
16404	43800	30035	32720	32334
16446	18871	20116	32707	32451
16502	33810	32502	32712	32295
16558	31312	40547	32717	32832
16614	34197	38825	32727	32744
16663	37956	37567	32712	32755
16719	38235	34825	32687	32692
16782	27982	33480	32725	32886
16838	29745	31175	32725	32654
16894	29869	30427	32695	32570
16950	43080	32978	32733	32506
16992	13420	30952	32727	32318
17034	24978	29847	32735	32696
17076	21901	31384	32725	32928
17118	26245	31408	32719	33120
17167	33109	31714	32724	32328
17223	42557	31101	32697	32558
17272	33007	30415	32721	32964
17328	28078	31650	32734	32699
17377	37096	34143	32703	32744
17440	25197	34215	32723	32448
17489	42304	33516	32747	32387
17531	50415	33406	32710	32654
17580	22056	33667	32704	32455
17643	30250	34688	32716	32682
17706	45250	33050	32714	32549
17769	33191	31688	32714	32676
17818	36775	32746	32725	32727
17860	39371	32354	32709	32660
17902	34473	32535	32725	32325
17951	32196	31990	32737	32771
17993	41263	31991	32718	32615
18049	29244	31905	32720	32741
18105	21800	37410	32733	32447
18161	23962	32214	32704	33056
18210	45702	28884	32707	32544
18266	41167	28831	32698	32932
18329	37250	31324	32738	32773
18385	36046	32029	32713	32690
18441	30954	32220	32708	33113
18483	44489	33909	32743	32543
18525	43510	36365	32730	32684
18567	24255	33076	32727	32645
18609	22414	31643	32705	32801
18651	27793	32905	32756	32481
18693	41276	21481	32722	32818
18749	39739	33716	32698	32141
18805	32474	37843	32713	32822
18847	37008	38433	32710	32946
18889	38071	37250	32714	32624
18931	34198	32780	32710	32549
18973	23658	33333	32724	32496
19015	31854	32298	32723	32609
19057	51611	34809	32714	32439
19099	32172	31639	32718	32785
19141	33806	31659	32721	32479
19183	29791	31773	32708	32635
19225	33037	30686	32725	32741
19274	42928	28845	32715	32941
19323	30210	31063	32708	32774
19365	27849	31315	32712	32585
19407	31732	31902	32738	32970
19449	33252	34094	32716	32961
19498	29855	32220	32729	32397
19547	12679	33272	32725	32879
19589	37036	32771	32731	32293
19631	26948	31965	32724	32453
19694	23076	30244	32729	32858
19757	41240	34735	32700	32599
19799	43784	36463	32712	32347
19855	37339	35179	32695	32593
19911	30314	34247	32717	32968
19967	22237	32989	32711	32267
20030	39990	34219	32720	32725
20086	23573	35887	32723	32891
20135	27879	30475	32709	32284
20191	31007	31500	32704	32758
20233	34332	31121	32732	32800
20296	32428	33081	32697	32803
20338	33638	32855	32718	32842
20394	28329	30211	32712	32467
20450	24816	31459	32738	32918
20492	19408	30265	32718	32514
20534	38033	31516	32713	32967
20576	20140	31466	32696	32366
20618	32998	31076	32709	32636
20660	24924	31666	32711	32495
20702	20304	33210	32742	32822
20744	29071	31671	32725	32963
20786	42155	28188	32712	32622
20835	35240	30054	32718	32878
20884	38635	33067	32728	32310
20933	29510	34100	32741	32766
20975	26217	35419	32712	33021
21017	24481	34303	32736	32813
21059	42007	34609	32726	32591
21115	51029	33840	32735	32586
21185	23016	32632	32724	32828
21248	24722	32813	32710	32761
21297	44473	35122	32723	32562
21339	36160	32835	32731	32827
21395	37620	32686	32722	32800
21458	27427	31283	32719	32686
21514	32670	32495	32732	32437
21577	25834	33537	32739	32519
21633	21734	31885	32710	32447
21696	23217	32266	32715	32841
21738	35824	31037	32715	32847
21780	45926	33967	32727	32547
21822	38617	30022	32711	32480
21864	31945	30145	32739	32423
21906	29576	29540	32726	32848
21948	30489	31685	32710	32657
21990	28846	36942	32709	33118
22032	43657	33759	32727	32594
22074	30424	32030	32733	32521
22116	23377	30775	32710	32606
22158	20319	30995	32730	32997
22207	33285	23282	32720	32540
22249	38176	29606	32716	32870
22298	38294	36663	32703	32897
22340	40332	39373	32737	32372
22382	40018	37686	32707	32711
22431	27462	33985	32756	32981
22473	27275	33737	32724	32927
22529	34397	33794	32727	32610
22571	18613	32926	32719	33077
22613	34459	32809	32717	32155
22655	31117	31740	32730	32418
22704	24441	31082	32707	32658
22746	37357	32464	32701	32282
22802	36973	31257	32703	32915
22858	29242	30896	32726	32774
22907	37861	32604	32708	32813
22956	27451	30793	32713	32819
23005	33217	32017	32712	32685
23061	13377	32201	32699	33179
23117	34595	32280	32726	32481
23194	32312	34657	32715	32660
23257	39516	30013	32701	32779
23320	30621	35393	32706	32636
23376	33030	34126	32718	32625
23432	34875	32429	32679	32577
23474	25500	32718	32697	32706
23530	38549	33780	32717	32776
23593	22845	30974	32744	32557
23635	23258	31880	32718	33160
23691	23862	32390	32727	32307
23740	44202	33568	32731	32555
23789	31908	32718	32698	32851
23852	38361	32196	32729	32576
23894	39298	34857	32705	32548
23957	27581	34916	32725	32727
23999	32996	29099	32714	32773
24041	51108	32759	32729	32513
24083	28202	32739	32709	32376
24132	24457	33731	32714	32703
24174	23015	32980	32726	32683
24216	33217	33982	32724	32454
24258	39502	31093	32727	32538
24300	40545	31811	32719	32124
24342	38330	32718	32714	32553
24384	31198	32752	32715	32881
24426	22250	32790	32728	32591
24468	33674	32825	32734	32836
24524	30394	34116	32713	32906
24566	26104	30879	32716	32547
24622	21797	30955	32744	33082
24664	28454	31236	32722	32894
24727	46054	30628	32695	32281
24769	39596	31937	32708	32349
24825	40334	34820	32699	32796
24881	37913	32975	32682	32780
24937	31787	33808	32689	32426
24979	42714	35311	32713	32568
25021	51409	35436	32720	32432
25063	26061	32273	32715	32639
25105	20585	32598	32713	32613
25154	35573	33764	32723	32274
25196	40757	33423	32733	32355
25238	33491	33152	32728	32744
25280	29324	33284	32727	32676
25329	40284	34522	32725	32605
25385	36358	32419	32725	32568
25448	41057	33375	32736	32822
25504	51657	34483	32703	32889
25560	32911	31248	32701	32807
25602	30360	30588	32701	32156
25644	28154	31885	32712	32275
25693	42671	32909	32704	32606
25735	43055	32637	32734	32239
25791	38866	32996	32705	32725
25854	36262	34249	32715	32665
25903	28502	32886	32716	33065
25952	35015	32401	32714	32846
25994	32835	32983	32698	32540
26036	26509	31083	32723	32804
26092	21569	31686	32726	33096
26148	25659	33523	32726	32272
26190	30640	31274	32746	32436
26232	36494	32176	32705	32420
26274	38843	31646	32717	33021
26316	40036	33097	32726	32619
26358	36126	32921	32726	32701
26400	28847	35249	32742	32703
26449	28161	29470	32710	32549
26491	43964	31037	32718	32356
26540	51732	34718	32721	32581
26582	26252	31116	32705	32435
26631	26355	32325	32705	32480
26687	34728	34712	32726	32239
26729	37644	33966	32729	32682
26778	39351	33578	32727	32631
26820	41594	33741	32743	32730
26862	37480	34411	32711	32738
26904	30317	32575	32714	32762
26946	22843	32923	32731	32759
27002	33212	33043	32736	33018
27065	30317	30367	32731	32037
27114	30527	32007	32706	32317
27156	22837	34466	32725	32249
27205	35956	33658	32704	32919
27240	36172	33206	32729	32818
27289	38051	31668	32712	32851
27345	39170	32320	32714	32705
27394	28162	31854	32721	33123
27457	32580	32087	32707	32242
27499	42850	32606	32719	32580
27541	51629	33571	32714	32465
27583	24707	32225	32727	32508
27639	26319	32718	32709	33003
27681	25688	33217	32723	32860
27730	46050	32810	32719	32458
27793	36272	29904	32719	32807
27849	38060	29965	32713	32281
27905	38204	30960	32717	32564
27947	31674	34154	32723	32226
27989	34221	33924	32729	33021
28024	51796	38159	32724	32881
28066	25871	33737	32729	32770
28108	20599	33771	32737	32855
28157	35109	32679	32719	32391
28199	39386	31944	32728	32482
28248	36868	31894	32715	32779
28290	40290	32815	32720	32717
28346	34225	32764	32720	32928
28395	30732	33178	32737	32891
28451	28442	30477	32719	32450
28493	33348	32815	32717	32717
28556	28989	32919	32721	32822
28605	30971	34594	32703	32645
28647	24028	32175	32728	32793
28682	35799	33917	32700	32250
28731	36040	33950	32710	32859
28787	28934	34410	32721	32417
28829	33142	33783	32719	32221
28878	32161	31078	32726	32384
28927	32839	32077	32752	32876
28962	20285	32140	32715	32698
29011	41885	32017	32738	32599
29053	51609	32432	32707	32454
29095	22221	30382	32728	32716
29137	22480	30704	32727	33015
29193	25684	32649	32708	33073
29242	46034	34073	32719	32513
29298	41827	32019	32700	32846
29354	37746	31944	32723	32244
29396	39594	31766	32716	32944
29438	34459	34421	32714	32640
29487	23994	32029	32709	32490
29529	42873	32425	32723	32669
29571	51795	34366	32718	32446
29620	23348	30611	32721	32309
29669	32329	33817	32715	32504
29725	37369	33563	32719	32407
29781	43328	33163	32720	32786
29844	39698	33497	32731	32547
29900	39610	34300	32744	32781
29949	25604	31363	32703	32585
29991	27114	32903	32716	32842
30040	35980	32545	32724	32601
30082	32070	32282	32717	32233
30131	33800	35135	32701	32364
30180	20911	28739	32738	32643
30222	29379	31406	32717	32444
30271	41846	32345	32728	32560
30320	35113	31345	32705	32929
30362	39018	33807	32700	32738
30404	38010	34585	32712	33045
30453	23849	32669	32707	32748
30495	33741	31641	32717	32811
30537	43438	33240	32727	32517
30579	50633	32597	32724	32446
30621	26516	32007	32748	33092
30663	20772	33082	32740	32533
30705	25752	33032	32713	32647
30754	43546	31267	32719	32181
30796	35128	31280	32745	33441
30838	29156	32127	32706	32779
30880	29986	32885	32722	32760
30922	34141	33754	32720	32656
30964	33607	31383	32718	32146
31013	32405	30885	32728	32215
31055	13991	30384	32696	33513
31097	33413	31048	32701	33432
31146	23319	32281	32723	32168
31202	27489	32091	32719	32368
31258	41380	34253	32731	32497
31300	32822	34201	32731	32324
31342	28516	34217	32739	32898
31384	31172	34419	32700	32965
31426	36818	34292	32717	32462
31468	36030	34903	32712	32440
31510	35434	33305	32706	32606
31552	33770	35261	32735	32736
31594	30225	33129	32701	32353
31636	26848	32379	32729	32477
31678	32315	32024	32717	32283
31720	36855	33914	32708	32926
31762	40471	33734	32712	32816
31804	33264	32245	32705	32315
31846	28164	34724	32709	32662
31902	27306	30041	32733	32868
31944	28148	29027	32716	32469
31993	32264	27941	32710	32587
32056	23439	32395	32704	33077
32098	46654	31937	32726	32350
32140	42406	32052	32726	32224
32182	27830	32745	32720	32606
32231	19686	27529	32715	32898
32280	42243	33524	32679	32372
32343	37648	35117	32712	32627
32385	31132	36976	32708	32425
32427	28999	36239	32738	32680
32469	27075	33576	32722	33116
32511	39130	32450	32726	32675
32553	39984	30671	32706	33349
32595	37154	30162	32711	32016
32637	24260	31335	32728	33559
32679	22339	31044	32703	32669
32721	29841	31793	32715	33249
32763	44199	34324	32708	33243
32805	43482	34413	32700	32523
32868	33515	33203	32749	32610
32917	36556	34416	32725	32714
32973	34795	33905	32727	32871
33015	43116	32371	32719	32114
33064	27285	31785	32708	32574
33127	23798	32724	32702	32818
33169	30758	34041	32718	32364
33225	37580	32237	32730	32647
33295	31806	32785	32726	32665
33358	28292	33343	32727	32908
33414	22783	31802	32722	32995
33463	40629	31816	32706	32783
33505	35122	32186	32729	32729
33561	33932	33050	32714	32376
33603	27805	33347	32726	32798
33652	28129	33524	32715	32257
33708	34254	34336	32721	32434
33750	40760	32256	32689	32694
33813	40732	32780	32699	32171
33876	31209	31854	32712	32803
33939	20427	33054	32720	32711
33988	41619	32338	32701	32740
34030	50070	33816	32728	32402
34072	23331	31777	32721	32594
34135	23726	31345	32723	32942
34198	41317	32761	32713	32698
34254	40367	32997	32708	32510
34324	29110	32895	32715	32375
34373	38706	34057	32733	32896
34422	21704	34280	32725	32647
34471	43109	33115	32702	32256
34513	51271	31784	32707	32491
34569	32896	32912	32705	32939
34632	25706	36163	32725	32536
34688	40423	32826	32707	32953
34730	33252	30951	32724	33017
34772	29367	30557	32723	33081
34821	39748	36814	32723	33016
34863	33291	33363	32718	32812
34912	25210	30804	32721	32736
34961	36443	31715	32698	32921
35017	37622	30405	32728	32761
35066	24922	32812	32733	32672
35122	22246	33237	32741	32832
35164	35076	23868	32713	33448
35206	45519	30781	32720	32805
35248	41719	36375	32698	32603
35290	34352	37012	32708	32466
35332	27836	37162	32711	32293
35374	27199	34843	32748	32938
35430	19133	33681	32721	32642
35472	33818	33059	32736	32598
35514	18676	33036	32744	33153
35570	26357	30681	32721	32881
35619	27642	32043	32718	32601
35689	38845	32475	32724	33013
35738	35071	28043	32729	33420
35787	40269	32359	32725	32046
35843	35484	33170	32735	32317
35899	30129	31782	32715	32980
35941	30636	32870	32732	33286
35990	33709	32918	32717	32725
36053	49980	32373	32704	32125
36109	21402	32875	32706	33094
36151	23038	31819	32736	33477
36193	33224	32780	32720	32664
36235	46794	32360	32718	32469
36277	40808	32746	32737	32599
36319	32100	31614	32699	33055
36361	27306	31123	32687	32022
36417	25771	32916	32720	33419
36459	26433	32765	32707	32737
36508	43401	31584	32719	32635
36550	34783	65504	32711	32481
36592	22930	21346	32722	33054
36634	21204	15297	32736	32912
36676	30887	24461	32731	32957
36718	43619	30177	32701	32519
36760	42181	34003	32715	32834
36802	36150	35296	32708	32956
36844	29733	29295	32732	33259
36886	27218	33174	32727	32861
36928	27581	34818	32712	32788
36970	40955	36556	32693	32650
37012	28580	35429	32732	33035
37054	34321	32766	32708	32990
37096	22114	32149	32701	32637
37138	21075	32330	32715	32753
37194	27869	33038	32728	32911
37236	34777	31681	32719	32828
37292	29338	29907	32710	32635
37348	28525	30442	32713	32564
37411	27918	30960	32705	32656
37467	29655	31542	32719	32407
37516	15268	33261	32719	33233
37572	33448	35110	32726	32233
37628	29866	33640	32711	32923
37684	31517	35729	32708	32624
37726	44295	31657	32733	32111
37768	42732	32574	32710	32837
37817	29489	31378	32715	32713
37866	38306	41638	32718	31919
37908	31504	33822	32714	32880
37950	19244	31033	32722	32746
37992	33366	25962	32708	33200
38034	10083	26254	32708	33141
38076	35960	30752	32727	32559
38118	32983	30779	32718	32497
38174	32608	32253	32697	32278
38223	31932	42368	32706	32424
38265	35352	42486	32701	32737
38307	39723	33604	32737	33018
38349	39540	31131	32734	32940
38391	35324	27113	32717	32569
38433	25331	28872	32719	32683
38475	30741	29498	32722	32370
38517	51761	32264	32731	32380
38559	30142	37848	32699	32166
38601	32236	33526	32695	32789
38650	24995	31323	32698	33046
38706	34736	30799	32734	32335
38762	35116	33018	32725	32957
38804	30214	32394	32716	32962
38846	29735	32646	32714	32649
38909	29755	34171	32714	32482
38951	44266	32561	32690	32583
39007	51298	34599	32716	32861
39049	32547	33452	32722	32394
39091	27326	34606	32698	32777
39147	35000	33176	32706	32308
39210	35009	33334	32718	32826
39266	34405	31064	32713	32557
39315	34527	33424	32729	33064
39371	28988	32629	32713	32895
39413	28914	32884	32716	32766
39455	44575	32953	32734	32307
39518	49865	32132	32710	32210
39567	27421	32958	32711	32725
39623	23740	33152	32725	32857
39665	35478	30794	32711	32668
39707	45846	30885	32720	32496
39749	39405	29292	32722	32839
39791	32264	30748	32734	32751
39833	26669	32241	32744	32544
39875	28137	32815	32718	32703
39917	30114	34735	32724	32768
39959	41176	33707	32720	32696
40008	4280	36202	32706	33002
40050	32001	29624	32694	32861
40092	30435	32356	32703	32864
40141	23678	31935	32732	32532
40190	36910	35332	32714	32787
40232	43975	31261	32730	32460
40274	36805	32113	32723	33157
40323	32339	27897	32709	32569
40365	37362	31536	32717	32911
40407	33493	33140	32719	32579
40449	36409	34541	32728	32682
40512	31349	35648	32727	32705
40561	34502	31654	32704	32313
40617	31768	32355	32720	32383
40673	34423	33687	32724	33084
40715	44684	32128	32719	32869
40757	41023	31904	32692	32360
40799	34686	29969	32707	32803
40841	28198	29730	32719	32354
40883	26731	31635	32713	32641
40932	29516	31972	32705	32253
40974	37546	36322	32722	32489
41023	40693	35542	32715	32441
41065	33377	34653	32707	32408
41114	20496	34625	32720	33035
41156	25748	34998	32723	32629
41205	40103	34382	32736	32556
41247	34972	32293	32741	32812
41296	38618	32129	32710	32367
41345	29984	30765	32734	32869
41387	27256	31185	32726	32827
41429	29767	12940	32728	33267
41471	35250	22844	32702	32366
41513	42593	31874	32720	32314
41569	38698	40819	32694	32313
41611	32543	46766	32722	32445
41653	25908	46858	32742	32836
41716	29416	39544	32735	32580
41772	33070	30937	32720	32753
41814	29738	29502	32683	32661
41877	35810	29270	32706	32840
41926	29489	28039	32737	32562
41975	34483	27493	32697	32650
42024	33546	27098	32697	32650
42073	39889	25770	32708	32165
42115	32674	29795	32707	32388
42178	24811	32018	32744	32642
42234	39731	32844	32728	32623
42276	32354	33775	32727	33108
42332	34319	33279	32709	32318
42381	34121	35813	32708	32678
42423	31549	33387	32689	32501
42479	41881	34464	32722	32501
42528	51754	32631	32741	32354
42577	32688	32621	32697	32629
42626	22457	32920	32712	32734
42675	39040	32838	32723	32338
42717	44012	33241	32729	32346
42759	35360	31970	32709	32670
42801	28720	31824	32725	32935
42857	31489	32777	32707	32635
42906	31890	31759	32712	32995
42948	44836	33148	32726	32245
42990	10025	32712	32738	32790
43046	34642	31450	32730	32671
43088	27446	33460	32703	32429
43130	22799	32236	32720	32327
43172	29555	30127	32718	32816
43214	38633	32405	32724	32938
43256	39817	35265	32669	32697
43298	38889	34323	32716	32696
43340	33005	34512	32730	32572
43382	23171	31139	32715	32619
43431	41404	33617	32721	32645
43473	25170	31886	32710	33002
43515	34476	31770	32738	32761
43557	21966	33085	32730	32455
43606	31070	31051	32694	32650
43662	38297	31523	32696	32803
43718	37292	31853	32732	32551
43774	29370	30921	32743	32638
43823	38003	32335	32730	32628
43879	41378	34497	32713	32288
43942	36332	34788	32710	32743
43998	31988	35653	32702	32442
44040	24111	33889	32732	32708
44082	23884	35707	32726	32652
44124	36194	34478	32728	32497
44166	42346	32961	32731	32379
44215	33538	33793	32705	32991
44264	40642	34680	32715	32580
44306	35215	33681	32713	32433
44355	31106	31290	32728	32520
44397	15736	31984	32725	33039
44446	30756	45824	32737	32721
44488	20682	31983	32715	33142
44551	23017	22842	32699	32617
44621	38407	24959	32736	32585
44684	34453	29279	32704	32323
44747	33399	65503	32700	32365
44817	17678	15069	32709	32993
44894	5	21999	32723	33116
44936	26196	9996	32710	33186
44978	32914	19502	32717	32800
45034	41590	38317	32719	32818
45076	35040	43804	32710	32598
45118	30443	39736	32706	32894
45167	12258	39748	32725	32885
45209	37134	39435	32726	32292
45258	34421	37196	32700	32723
45314	24525	34166	32723	32430
45363	24550	32543	32717	32808
45412	36787	36841	32704	32168
45468	51271	32434	32698	32717
45524	31412	30384	32720	32586
45566	48119	11147	32730	32143
45615	29790	20330	32727	32737
45657	22294	36978	32709	32926
45706	23756	45264	32711	32415
45748	51717	45289	32715	32718
45804	26497	38278	32710	33033
45846	35522	35408	32724	32417
45895	40829	33687	32714	32445
45937	40765	32099	32731	32621
45979	17665	29052	32699	33164
46021	16728	28300	32755	32683
46063	39128	29692	32721	32782
46105	51812	29699	32719	32922
46147	44437	28096	32720	32636
46196	35641	31212	32710	32563
46238	31369	30782	32737	32602
46280	20345	29552	32690	32703
46329	33681	25311	32725	32820
46385	48316	30883	32700	32441
46441	22651	31342	32729	32145
46497	27316	33726	32709	32891
46539	31682	31776	32733	32333
46595	50599	35334	32707	32310
46637	38728	37876	32689	32414
46686	29744	37474	32712	33145
46749	40952	36072	32731	32485
46826	47767	34285	32713	32980
46868	46232	38072	32723	32390
46910	17380	26213	32738	32724
46952	15430	30418	32709	32282
46994	18828	30935	32721	33193
47036	31667	30554	32718	32698
47078	27538	33091	32703	32514
47120	22093	31286	32698	32854
47176	30393	32076	32715	32561
47239	39387	31158	32709	32371
47295	42007	31925	32721	33027
47351	36160	30629	32696	32976
47407	37730	30289	32709	32730
47449	42188	36761	32707	32486
47491	43896	27035	32725	32968
47547	47193	32159	32713	32627
47603	38066	34272	32711	32947
47666	3988	34810	32717	32960
47729	13740	34068	32728	32730
47778	51803	35670	32740	32381
47820	24553	32776	32707	32818
47869	32009	34447	32695	32591
47925	36245	33138	32715	32507
47981	37404	31473	32703	32376
48023	37454	31910	32740	32657
48065	38932	32192	32703	32914
48107	42261	33630	32718	32988
48156	35124	32146	32728	32703
48198	47198	31966	32734	32685
48254	38172	32251	32719	32969
48310	29336	31147	32738	32439
48352	20314	32994	32734	32673
48394	27433	32057	32718	32498
48436	34061	33704	32726	32559
48478	26659	32527	32719	32934
48520	17906	32196	32724	32953
48562	15399	30140	32721	32588
48604	16493	33333	32733	32889
48646	40747	31741	32719	32936
48688	16845	32186	32715	33020
48730	46599	31847	32715	32687
48772	35154	31403	32705	32786
48828	31393	30766	32707	32430
48870	36792	31961	32712	32544
48912	34278	35070	32692	32593
48954	32980	34562	32714	32789
48996	36708	35655	32703	32486
49038	37008	35624	32730	33058
49080	26786	34269	32729	32902
49136	41910	32741	32726	32689
49185	51119	34432	32707	32372
49227	28908	33510	32709	32891
49269	28297	35784	32700	32293
49325	31869	33268	32719	32347
49381	43166	29288	32717	32852
49430	39189	25141	32729	32745
49500	35827	32914	32738	32590
49549	25354	32842	32708	32833
49605	38501	34792	32725	32721
49661	50265	32294	32732	32557
49703	27749	39855	32716	32639
49745	22168	33200	32738	32485
49787	26297	29087	32709	32777
49829	39267	28850	32709	32978
49871	40911	27199	32706	33016
49913	38029	29582	32723	32718
49955	34322	30831	32708	32503
49997	30113	33508	32727	32239
50039	25955	24831	32716	32945
50081	40074	32392	32719	32394
50123	51799	35885	32731	32334
50165	32052	35585	32726	32278
50214	24393	34525	32718	32773
50270	29229	34582	32707	32944
50326	38934	31949	32724	32406
50389	35883	34396	32709	33092
50452	36432	34411	32695	32516
50508	26190	35179	32718	33155
50550	42078	35006	32710	32387
50599	51669	35074	32714	32107
50641	28752	33267	32704	32679
50683	46078	34415	32726	32421
50725	39889	32158	32722	32834
50767	34746	32756	32723	32882
50823	9579	31855	32722	32760
50872	15466	30688	32732	32498
50914	21878	30336	32710	32433
50956	24887	31440	32717	33050
50998	30331	32977	32711	32358
51047	38277	32066	32740	32713
51089	37948	30599	32706	32393
51145	31048	31210	32727	32371
51194	30453	32981	32726	32952
51236	37007	32759	32725	32413
51278	42659	32415	32730	32570
51334	37964	31800	32703	32852
51383	39808	33896	32721	32933
51425	35636	33308	32726	32845
51467	22880	32029	32737	32660
51509	36387	32364	32724	32324
51551	7485	32573	32729	32889
51600	30536	32786	32701	32537
51656	26688	33198	32721	32409
51712	33339	33018	32704	33038
51761	38340	33031	32720	32201
51817	34897	32868	32727	33022
51859	32076	33002	32715	33085
51922	31962	32545	32713	32646
51964	24446	32730	32697	33125
52006	40351	33832	32708	32480
52048	5096	33615	32710	33122
52090	28910	31924	32716	33205
52132	25206	32369	32722	32796
52174	26083	32962	32714	32501
52216	35833	33689	32729	32198
52258	43839	32718	32711	32756
52300	37496	33637	32690	32679
52342	33892	32094	32730	32689
52384	31125	32306	32741	32785
52426	31899	32259	32707	32583
52468	26218	33175	32707	32598
52510	40233	33245	32714	32650
52552	3734	32976	32722	33042
52594	30107	31744	32717	32371
52636	25193	32154	32714	32796
52692	24424	31863	32717	33024
52748	39441	31989	32714	32871
52811	35303	32216	32704	32997
52853	35924	31195	32697	32890
52895	36432	33747	32718	32776
52937	33379	30961	32702	32700
52979	22331	37889	32696	32769
53021	36188	32660	32711	32205
53063	30590	31874	32718	32931
53105	31430	18970	32736	32914
53147	28624	28133	32702	32508
53189	27360	34809	32723	32483
53231	33913	34878	32719	32274
53273	38728	36879	32720	32036
53315	35085	35103	32708	32653
53357	36515	35570	32714	32492
53399	36306	35057	32732	32562
53441	33945	34665	32725	32898
53483	25147	32583	32719	32540
53525	36380	31446	32713	32338
53574	51535	32843	32728	32491
53623	25123	30793	32716	32947
53672	27715	30634	32722	32549
53721	30438	31566	32703	33150
53770	44274	32573	32716	32661
53819	34847	32837	32704	32414
53868	36147	32909	32706	32461
53917	31567	32357	32717	33237
53966	29500	33121	32728	32529
54022	37617	32801	32740	32505
54064	3908	33415	32716	33974
54113	32544	30915	32752	32225
54162	25382	31863	32735	32252
54211	27372	32184	32717	32846
54267	42074	34291	32726	32304
54316	38855	33739	32727	32595
54358	33955	33646	32718	32959
54407	35987	32276	32703	33109
54449	33296	34200	32713	32452
54498	24914	33867	32737	32820
54540	32843	33329	32725	32544
54589	12204	34022	32733	33668
54638	33755	29920	32714	32340
54687	24800	31280	32713	32611
54736	28295	33295	32725	32808
54785	36788	32760	32714	32868
54834	43294	32232	32729	32512
54890	37954	30947	32720	32548
54946	34097	31503	32722	32521
54995	30411	31951	32698	32912
55058	21923	34074	32719	32421
55114	34091	34097	32734	32371
55177	29769	32037	32725	32227
55233	24614	31773	32697	32816
55282	29774	32226	32701	32638
55324	41446	33654	32720	32476
55380	41074	32310	32705	32701
55436	37731	33628	32730	32991
55499	30867	33272	32723	32975
55555	27346	33158	32718	32366
55604	37790	31921	32736	32712
55660	51757	34863	32738	32413
55702	29710	31306	32718	32599
55744	29068	32111	32718	32624
55786	27284	33229	32727	32448
55835	36763	31782	32707	32573
55877	42093	32836	32718	32950
55919	39396	34426	32715	32991
55961	36856	33275	32708	32989
56003	31754	32916	32731	32937
56052	29413	32837	32685	32651
56094	34227	32870	32716	32621
56136	37943	35847	32706	32218
56185	34891	31955	32715	32643
56227	29168	30834	32696	32476
56283	25104	36608	32723	32139
56346	44628	33037	32709	32724
56409	38539	27906	32705	32903
56451	33927	25949	32723	32622
56493	31433	27422	32705	32855
56535	31615	32797	32717	32928
56584	24711	31283	32705	32974
56626	30378	29634	32706	32972
56675	4750	32804	32728	33566
56717	33923	33892	32708	32467
56759	27245	28962	32727	32528
56801	22870	33908	32714	33011
56850	35103	36614	32709	32338
56892	45660	34992	32723	32451
56941	37580	35151	32720	32822
57004	36774	33932	32716	32928
57053	29027	34008	32727	32672
57095	29135	29310	32717	32535
57137	24280	33287	32734	32562
57186	36056	31099	32716	32257
57242	35240	18197	32720	32916
57305	25018	32149	32718	32597
57347	24322	36951	32720	32845
57403	37889	36972	32715	32280
57445	39983	36079	32732	32908
57487	37256	35769	32730	32626
57529	36883	34617	32713	32951
57571	33709	31804	32717	32747
57613	29451	28571	32709	32896
57655	20024	30452	32699	32781
57697	37792	32024	32702	32434
57739	44531	33517	32716	32689
57781	32719	31651	32716	32656
57830	24091	33207	32704	32759
57886	25755	32224	32729	32907
57942	42284	34674	32724	32618
57984	35567	33940	32718	32959
58026	34515	33084	32729	32731
58075	34270	34582	32717	32557
58131	26680	33128	32717	32696
58201	3555	34467	32711	33436
58264	31123	31645	32707	32376
58334	22709	32477	32722	33268
58397	40977	33137	32722	32731
58467	35467	32251	32727	32970
58530	33486	30686	32710	33021
58593	34052	31183	32698	32904
58656	33275	31763	32733	32348
58705	19448	32540	32725	33311
58747	35330	31772	32724	32343
58789	29990	33430	32735	32259
58831	25830	32279	32719	32533
58873	27237	32832	32727	32371
58915	40876	32293	32737	32629
58957	38546	32479	32703	33097
58999	37077	32323	32707	32694
59055	32949	32060	32715	32857
59104	31393	32448	32724	32658
59146	23448	31738	32719	32772
59188	34625	28075	32722	32462
59237	6186	31928	32726	32724
59300	26308	33564	32716	32259
59370	28235	35065	32700	32383
59426	42231	33490	32727	32096
59489	40049	33918	32716	32792
59559	33061	35386	32707	33329
59622	34246	35060	32723	32983
59685	32182	33743	32713	32450
59748	3348	31853	32736	33542
59811	26406	32637	32718	32770
59874	27978	34341	32709	32642
59916	35326	31910	32730	32351
59958	42534	31119	32715	32580
60000	35945	32103	32711	32389
60042	33736	32563	32711	32625
60084	34105	33042	32714	32522
60133	22999	31329	32730	32751
60189	38998	30642	32713	32654
60245	37200	31053	32711	32816
60301	28930	32188	32707	32629
60350	23509	33177	32701	32345
60413	39813	32685	32732	32179
60462	39044	33696	32729	32879
60518	37419	32548	32721	32441
60567	32541	31444	32711	33052
60623	24490	31463	32717	32819
60665	34908	32663	32730	32454
60728	51761	34196	32714	32664
60784	29018	32673	32713	32490
60847	26974	33900	32726	32558
60889	33204	32393	32713	32715
60931	41234	32249	32729	32738
60973	36212	33019	32722	32364
61015	35874	31005	32723	32605
61057	36300	30520	32734	32221
61099	33418	34360	32722	32671
61141	24159	33854	32721	32703
61183	35782	33336	32729	32339
61225	4842	32202	32725	32774
61274	30879	31953	32708	32387
61330	29427	31719	32748	32813
61386	33574	34105	32722	32754
61428	46150	33417	32714	32562
61491	35664	32629	32722	32834
61547	35611	33011	32742	32827
61589	31246	32953	32723	32929
61631	24672	31471	32709	32804
61687	35900	33568	32726	32791
61729	4	33229	32721	33231
61792	29586	33029	32729	32291
61834	28457	31798	32724	32337
61897	30530	32464	32712	32200
61967	41866	32158	32703	33241
62016	34018	33497	32728	32982
62058	31166	31000	32728	32537
62100	23852	32835	32713	33008
62142	40491	34123	32724	32390
62191	2438	34241	32712	33207
62247	28239	32894	32725	32648
62310	22934	31925	32708	32872
62373	37995	31717	32729	32461
62436	39869	32607	32720	32427
62485	32802	32584	32732	32972
62548	33682	33049	32714	33053
62618	36482	32948	32709	32904
62660	2998	33631	32711	33758
62709	32943	32680	32699	32331
62751	26633	32003	32728	32769
62800	24594	33827	32698	33081
62842	38150	33828	32737	32616
62884	46506	33116	32729	32725
62926	37506	29478	32733	32624
62968	32155	29131	32744	32685
63024	30979	29771	32737	32881
63066	22904	31336	32703	33133
63108	30438	32788	32731	32112
63150	36167	33755	32685	32534
63199	32470	33540	32721	32284
63241	24567	34195	32711	32105
63283	23434	34273	32703	33140
63332	32054	33991	32710	32287
63374	43236	34213	32704	32516
63416	37001	33841	32726	32794
63458	35625	34698	32721	32959
63500	36797	32356	32709	32769
63549	30480	33796	32731	32771
63591	23954	33004	32724	33126
63633	34138	33404	32721	32811
63675	38939	30642	32715	32534
63717	36451	32124	32710	32538
63766	25608	31264	32724	32815
63808	25514	32248	32705	32725
63864	32529	31671	32714	32108
63913	43761	33000	32716	32687
63976	32995	30787	32711	33056
64025	34794	31607	32720	32573
64081	31284	33290	32708	32369
64144	24739	33393	32720	32456
64200	38241	31025	32732	32281
64256	34017	29992	32704	32402
64298	30278	30934	32714	32496
64347	23084	31804	32726	32715
64410	40855	32716	32726	32962
64452	43528	33464	32726	32633
64515	37101	33225	32713	32554
64557	32577	34280	32714	32355
64599	29444	33171	32719	32178
64641	23296	31202	32725	32998
64697	35522	31379	32722	33279
64739	51811	35397	32711	32778
64781	31687	31922	32685	32675
64823	28935	33388	32709	32329
64865	26611	32668	32721	32323
64907	33894	31518	32731	32350
64956	43609	32523	32738	32625
65005	34390	32591	32718	32604
65047	31776	31789	32734	32734
65089	32406	32607	32720	32624
65138	28000	34530	32694	32407
65180	34859	34580	32717	32746
65222	51741	34697	32730	31922
65264	28900	33777	32701	33154
65306	29061	33973	32723	32457
65348	30115	33058	32700	32706
65390	37179	34017	32714	32226
65432	37532	33589	32737	32800
65474	33850	32316	32720	33206
65516	34815	31071	32727	33146
65558	34890	25256	32735	32707
65600	29261	30804	32719	32332
65642	36927	34326	32695	32295
65684	11300	35072	32728	33733
65726	32115	33351	32730	32140
65782	24327	32564	32717	32740
65838	25065	33978	32721	32587
65880	36753	32032	32707	32610
65922	40420	31885	32704	32231
65964	39015	33245	32724	32617
66006	38277	33382	32709	32479
66048	34317	31464	32725	32441
66090	24448	30846	32693	32509
66132	31114	32701	32714	32647
66174	33818	32588	32719	32389
66216	34692	31100	32706	32304
66258	30635	30706	32722	32789
66307	22746	30619	32720	32663
66349	28805	31853	32723	32678
66391	44583	32196	32705	32346
66433	41673	33708	32725	32424
66475	37601	33042	32733	33132
66524	32930	32793	32732	33521
66566	34017	33294	32708	32710
66608	26560	33604	32706	32943
66650	40181	32756	32715	32438
66692	2724	33125	32732	33095
66748	29505	31418	32717	32224
66790	24837	31963	32720	32301
66832	23962	33403	32744	33397
66888	40183	32669	32727	32673
66937	41162	31846	32712	32555
66979	37434	32462	32727	32974
67021	32006	33438	32721	32963
67063	28796	31308	32698	32595
67126	34165	32869	32745	32515
67175	670	32498	32720	33103
67217	31289	30941	32707	32664
67259	24885	31964	32742	32404
67308	28316	33400	32707	32321
67350	33158	32894	32731	32633
67392	39534	30670	32726	32968
67455	35049	32496	32722	32944
67504	34697	33222	32710	32837
67560	32014	33517	32692	32420
67616	40211	32682	32710	32665
67658	5286	32355	32722	33567
67700	33396	32487	32700	32508
67742	24502	31689	32702	32683
67784	24310	32781	32717	32713
67826	32301	32891	32734	32382
67868	45282	33936	32713	32623
67910	40821	34750	32702	32814
67952	35695	32404	32728	32824
67994	31777	31971	32743	32788
68036	29779	31922	32723	32529
68078	26311	30345	32713	33017
68120	40780	33592	32722	32276
68162	5501	32443	32708	33384
68204	31960	31763	32723	32507
68246	25068	32113	32715	32444
68295	27603	33487	32715	32743
68344	33075	33029	32722	32365
68386	41147	32598	32730	32691
68428	38857	34218	32726	32868
68470	37870	32059	32693	32582
68533	31903	32970	32711	32480
68582	26049	32403	32711	33172
68631	35853	32576	32721	32818
68673	3038	32738	32725	33688
68736	28847	31526	32719	32976
68785	26140	33290	32728	32731
68827	25104	32738	32726	32811
68883	42797	33177	32696	32365
68932	39504	32104	32727	32388
68974	38596	32529	32708	32611
69016	35631	33503	32728	32590
69079	29366	33500	32729	32508
69142	25914	31962	32710	32647
69198	9059	32170	32707	33835
69240	32639	30631	32713	32571
69282	29497	32160	32688	32661
69331	23837	31946	32709	32577
69387	36323	32999	32685	32696
69429	40465	32094	32716	32451
69478	39411	33250	32729	32773
69520	37710	33925	32713	32447
69562	32492	31710	32723	32869
69604	28974	31608	32726	32373
69646	21210	34420	32729	33218
69702	35053	33297	32730	32784
69765	32915	34205	32726	32136
69821	25508	31095	32721	32765
69863	26555	32812	32703	32681
69905	37881	33125	32719	32454
69947	44444	32245	32724	32222
69989	36673	32695	32725	32300
70031	33386	31634	32728	33041
70080	35711	31168	32724	32303
70136	29045	30738	32718	32559
70185	32263	32414	32720	32549
70248	51796	34999	32714	32569
70304	25705	33226	32715	32360
70346	25072	32560	32731	32583
70395	29420	31422	32726	32769
70444	42316	31411	32733	32461
70493	37535	31594	32726	32553
70535	33528	32745	32698	33007
70577	31378	29871	32744	32763
70626	33814	33955	32709	32605
70668	24301	30968	32715	32659
70710	36037	34145	32691	32315
70752	51788	36576	32723	32715
70794	29866	31997	32726	32461
70843	25429	31841	32740	33264
70899	31278	33495	32715	32320
70955	44965	30368	32693	32443
71018	35089	33662	32712	32463
71081	30890	31306	32724	33087
71123	30986	33443	32702	32996
71165	25376	32281	32704	33011
71207	41275	33815	32731	32394
71249	5055	32885	32722	32948
71291	28686	31590	32723	32495
71333	25178	32463	32714	32551
71382	29034	32009	32714	32459
71431	35243	33650	32699	32548
71473	40678	33344	32730	32518
71515	38862	33307	32703	32655
71557	36684	32268	32727	32445
71599	32956	32769	32720	32853
71641	28664	31580	32743	33032
71683	21591	32958	32693	32877
71725	38651	32837	32718	32707
71767	43938	34433	32731	32517
71830	30209	31413	32735	32540
71879	24685	31402	32720	32828
71942	38845	31620	32714	32130
71998	40018	29780	32714	32865
72054	34313	32314	32717	33014
72103	33903	33328	32735	32911
72145	29644	31961	32715	32894
72187	23338	34053	32745	32827
72229	33356	34555	32703	32309
72278	5868	34280	32693	33269
72341	26522	32783	32730	32629
72383	24891	31296	32701	32556
72432	29683	32960	32719	32613
72495	39740	34301	32727	32716
72551	36496	35514	32725	32766
72600	35967	34159	32707	33016
72649	31013	33369	32712	32440
72691	28170	30554	32723	32901
72740	29226	32082	32699	32358
72796	40023	35173	32711	32271
72859	32023	31846	32704	32329
72901	25945	32338	32724	32771
72964	26509	32775	32726	32655
73020	39639	31226	32721	33071
73062	35896	34814	32714	32807
73125	36361	33088	32710	32771
73195	28807	30804	32720	33027
73237	23298	31345	32696	32719
73279	39458	31939	32714	32843
73335	34472	30556	32710	32137
73384	28945	33744	32735	32506
73426	24310	32963	32703	32582
73468	27542	32942	32724	32512
73510	40339	32817	32681	32722
73573	38695	27330	32710	32823
73615	35779	32501	32714	32265
73657	31903	33686	32731	32755
73699	25027	33351	32713	32940
73741	32103	34126	32718	32773
73790	2454	33618	32720	33447
73832	35871	31010	32722	32583
73874	24809	31545	32714	32244
73916	24384	31659	32727	32661
73958	30559	33863	32718	32806
74000	43955	40460	32692	32682
74042	40156	33999	32719	32701
74098	37800	27592	32711	32477
74147	25988	27460	32712	32732
74210	38963	30451	32699	32743
74252	51812	28717	32733	32559
74294	32064	30789	32701	32596
74343	24088	34150	32748	33095
74392	31145	35785	32714	32388
74441	39168	31541	32721	32838
74504	38898	24025	32727	32693
74553	32224	25143	32726	32400
74595	25832	26031	32722	32841
74651	37748	30476	32738	32405
74693	7401	35595	32732	32810
74735	31285	11971	32729	32898
74777	29752	26161	32710	32429
74819	26946	37308	32729	32244
74861	31977	42441	32714	32617
74910	44555	41974	32715	32435
74952	41371	39938	32720	32977
74994	37096	35812	32714	33192
75036	33644	34117	32722	33017
75078	26996	33902	32721	32164
75120	28620	32137	32734	32685
75162	45170	36019	32726	32715
75204	29477	32457	32711	32521
75246	25747	33545	32696	32538
75288	20747	25843	32727	32935
75330	22078	26111	32729	32524
75379	37297	29433	32718	32428
75428	32759	25814	32719	32567
75477	39939	33275	32732	32583
75519	27944	35815	32709	32666
75561	36048	32422	32705	32906
75603	6425	32643	32706	32628
75645	27474	35678	32699	32911
75687	30063	27856	32695	32435
75729	31701	35788	32723	32555
75792	43194	33416	32744	32534
75848	40437	31808	32717	32603
75890	35650	39974	32704	32057
75939	33663	43304	32735	32764
75995	38370	34847	32681	32718
76051	22182	31917	32711	32265
76128	23473	26952	32718	32613
76191	30830	29315	32700	32884
76254	43202	34026	32723	32223
76296	35419	33952	32711	32901
76338	30961	34548	32714	33242
76387	35390	33691	32698	32228
76429	29319	33389	32691	32155
76478	34256	31390	32715	33131
76520	6832	34904	32713	33783
76569	28367	28102	32725	33034
76611	24669	32187	32728	33154
76653	24605	30234	32703	33293
76695	33756	33225	32715	32211
76744	40754	34174	32705	32874
76786	33574	30776	32711	32480
76849	33682	31153	32734	32689
76912	30891	31291	32723	33106
76954	36441	34815	32718	32629
77003	139	33090	32702	33464
77052	32699	28627	32748	32780
77122	27523	32014	32713	32618
77164	31135	32176	32728	32616
77206	41976	33938	32723	31969
77255	34743	31122	32700	33207
77297	36013	32901	32696	33060
77339	36743	34660	32706	32936
77381	27088	30478	32696	32658
77423	38624	34497	32727	32498
77465	439	33752	32739	33585
77514	34040	27930	32718	32721
77556	28234	32287	32719	32065
77598	25425	34207	32694	31959
77640	30680	33720	32720	32832
77682	39842	32522	32711	32663
77731	38253	32276	32721	32051
77773	35101	31159	32701	33223
77822	34390	31015	32703	33002
77864	29451	33876	32723	33151
77906	35643	35116	32742	32286
77948	34499	31213	32707	32308
77990	28207	31119	32722	32603
78046	24729	30801	32705	32531
78095	28445	34886	32708	32793
78144	34698	32071	32710	32365
78200	37245	34629	32712	31972
78256	36150	33769	32709	32204
78305	33295	32773	32710	32462
78354	33063	32727	32674	32461
78403	28812	33184	32694	33024
78445	39995	34228	32714	32221
78494	51060	31657	32714	32071
78557	25969	30874	32679	33352
78606	26930	29611	32721	32604
78662	40936	33024	32701	32142
78725	35817	34691	32708	32532
78774	36850	33822	32710	32447
78816	34959	32928	32684	32806
78865	29125	31484	32689	33479
78914	27200	34012	32714	32648
78956	37406	33457	32721	33042
78998	36468	39191	32733	32660
79047	32886	31882	32695	32478
79089	30364	30997	32706	32589
79131	26445	31419	32722	32794
79173	34176	31118	32692	31976
79222	42959	32410	32729	32857
79264	37743	33708	32725	32657
79306	33682	34513	32698	32707
79348	29447	33335	32718	32552
79397	26784	31327	32727	32863
79439	40561	34833	32716	32790
79481	844	33045	32700	33330
79523	30522	29981	32729	32322
79565	26509	31492	32687	32387
79614	29329	33784	32728	32619
79677	37249	32508	32696	32138
79754	33370	31125	32711	32800
79824	35754	32057	32711	32783
79887	24199	33808	32720	32977
79929	36014	33575	32712	32140
79971	5992	32856	32680	33458
80020	32502	30376	32717	31811
80062	26745	31597	32747	32789
80111	26928	31670	32731	32881
80160	38160	32764	32705	32555
80216	40166	32965	32689	32760
80279	32909	31395	32721	32580
80342	30857	31459	32724	33087
80391	27091	33384	32734	32117
80433	35803	32804	32736	32751
80482	51323	35839	32717	31771
80545	30078	33821	32711	32258
80594	24514	31097	32686	32897
80657	41561	33496	32709	32488
80713	37963	33609	32707	33340
80769	33354	30594	32703	32514
80825	29600	31616	32679	33097
80881	24520	32937	32710	32362
80937	32374	31520	32672	33059
80979	28508	28855	32720	32394
81049	28866	32690	32728	32410
81098	25616	31530	32699	32881
81154	38314	30776	32716	32413
81203	39332	34179	32733	33102
81259	37769	31397	32712	32693
81308	28338	31447	32735	32998
81364	36067	36564	32697	32718
81413	6454	30990	32734	34003
81469	28431	30946	32690	33488
81532	29818	28983	32689	32832
81588	34771	33984	32707	33037
81637	37402	33145	32738	32652
81686	38613	31399	32734	32286
81742	34702	34433	32696	33198
81791	24267	30168	32712	32702
81840	39752	31823	32717	32438
81882	6921	32098	32706	33289
81931	26679	27938	32721	32755
81973	26383	32259	32711	32875
82015	29350	32572	32698	32581
82057	37517	36126	32716	32206
82099	40382	34353	32684	31897
82141	34503	32844	32705	32236
82190	36569	35412	32715	32532
82232	36365	34102	32705	32011
82288	28789	31656	32739	32907
82351	32885	31653	32707	33292
82414	26990	28737	32724	33147
82477	26310	30856	32711	32235
82533	30026	29865	32713	32515
82589	36288	33146	32701	32508
82631	32725	35073	32699	32782
82673	34491	34154	32681	32490
82715	36043	34489	32712	32831
82764	25243	33280	32726	33106
82806	32046	34912	32715	32606
82862	7	35445	32691	33663
82904	32629	30713	32720	32337
82953	28585	31614	32714	32370
82995	24181	31865	32700	32529
83044	36426	34146	32728	32467
83093	37173	33442	32699	32448
83142	39074	31157	32688	32534
83191	31434	28165	32705	32161
83240	34339	32812	32719	33253
83296	37738	33952	32717	32177
83338	34207	33834	32683	33696
83401	30104	28206	32710	32920
83457	28594	31719	32715	32366
83506	28746	31067	32708	32382
83555	41004	34826	32725	31995
83611	37972	36014	32720	32478
83688	36305	32991	32705	33253
83744	30019	32175	32718	33260
83786	39051	34507	32681	32590
83835	6059	32770	32696	33621
83884	31518	28712	32714	32836
83926	26774	28761	32708	32607
83968	25040	31019	32691	33130
84031	40116	34984	32708	32999
84087	35104	32219	32686	33473
84129	36388	34534	32710	32799
84185	31931	32411	32714	32409
84227	33576	31842	32709	33458
84269	29455	32882	32715	32164
84311	38671	33547	32703	32734
84360	51392	33321	32695	31680
84409	27440	31832	32743	32370
84451	25088	31058	32730	32901
84493	27117	31171	32723	32337
84556	41804	34858	32721	32471
84619	37963	33944	32699	31930
84682	32603	31965	32694	32696
84752	33284	32786	32733	32222
84801	27726	31040	32700	31971
84843	33610	30863	32713	32887
84885	51113	31567	32706	32644
84934	28611	31609	32722	32037
84976	25815	32758	32719	33183
85018	26809	34653	32720	32588
85060	40081	35115	32699	32126
85102	40985	32980	32710	32297
85158	35948	31997	32718	33260
85221	34903	33693	32689	32548
85277	28118	30775	32705	32718
85333	39560	32865	32700	32345
85375	51807	44846	32712	32479
85417	31697	28960	32705	32273
85459	26458	30868	32725	32386
85515	28579	35032	32699	32207
85578	37893	31509	32719	32222
85641	36399	30202	32734	32946
85683	36031	34590	32688	32845
85725	34923	32489	32702	33032
85774	21142	31717	32699	32332
85816	39022	33354	32710	33268
85865	51808	44848	32708	32131
85921	30879	29354	32710	32476
85963	25551	32349	32706	32626
86019	33022	32290	32706	32567
86061	39388	34213	32685	32660
86117	35383	34064	32706	32688
86166	35126	32640	32710	33003
86208	34312	35351	32688	32774
86250	32717	31953	32707	32738
86292	23432	32912	32712	32657
86341	38964	32283	32714	32560
86383	51813	43957	32716	32352
86425	30744	29674	32723	32226
86467	26455	33886	32730	32210
86509	25124	33247	32721	32778
86551	34424	35123	32712	31922
86593	41879	33366	32738	33235
86635	39050	32444	32701	32573
86684	31840	32022	32709	32805
86733	35801	33599	32707	33173
86789	33752	33179	32697	32535
86831	27485	32606	32705	32697
86887	38884	31631	32717	32792
86936	28402	28874	32702	32636
86992	26628	31220	32714	32129
87034	24415	31141	32716	33147
87076	32334	31981	32712	33440
87125	42069	35008	32739	32705
87174	35817	30385	32726	33012
87216	37126	30916	32737	32568
87279	33851	34180	32720	32391
87335	33675	35112	32720	32763
87377	27761	32592	32701	32349
87426	36196	32322	32685	32584
87489	35244	29757	32712	32393
87559	24260	33493	32722	32929
87608	31219	34670	32708	32332
87685	41327	33734	32692	32483
87727	35666	32005	32695	32329
87769	31809	32749	32721	32426
87811	29493	32615	32703	33120
87853	29539	31333	32710	33065
87895	32326	32449	32708	32710
87937	39673	32499	32698	32713
87979	51766	34429	32707	32261
88028	27488	31683	32707	32617
88084	24849	31726	32717	32451
88140	33603	32089	32691	32798
88203	38375	29844	32702	32614
88245	38137	32321	32720	33298
88294	30887	29280	32708	33115
88343	34486	31872	32723	32997
88399	27169	33127	32697	32361
88441	39458	32029	32693	32417
88483	51810	44025	32711	32018
88525	27687	30051	32700	32598
88567	24847	32513	32725	32831
88616	30925	33150	32711	32068
88665	36594	32147	32692	32221
88707	39801	30286	32714	32910
88749	38328	33823	32701	32586
88791	37751	34217	32661	32936
88833	33781	32775	32724	32945
88875	29236	33274	32735	33103
88917	21846	31810	32693	33047
88959	38386	33889	32711	32895
89001	10044	31990	32698	33523
89043	34774	31063	32691	32317
89085	28055	30421	32691	32402
89127	24712	31523	32703	33156
89183	36714	32679	32664	32663
89232	40486	30480	32732	32784
89281	32444	32445	32705	32539
89323	31056	32459	32717	32597
89379	29825	32312	32706	32237
89442	22516	32091	32711	32972
89484	37819	32268	32719	33112
89526	6961	32102	32690	32997
89568	35807	30747	32721	32671
89610	27299	32469	32694	32881
89652	23872	31633	32723	32411
89694	30214	32756	32734	32879
89736	41571	33560	32712	32376
89792	35751	32699	32709	32457
89841	35141	32522	32712	32407
89890	31742	32344	32714	32864
89932	29240	31428	32711	32876
89974	36971	34889	32693	32098
90037	38279	38550	32718	32300
90100	25592	28023	32729	32583
90156	24108	32691	32694	32687
90198	30622	33243	32712	33216
90240	42879	36418	32708	32667
90289	36941	33417	32699	32672
90338	35823	33996	32710	33173
90401	34225	33452	32703	32431
90457	27943	32171	32725	33471
90499	38604	34835	32697	32190
90541	4081	32404	32741	33613
90597	30855	30584	32711	31305
90653	29605	33974	32719	32605
90709	35879	33544	32724	32450
90772	40162	33731	32691	32891
90835	31793	32978	32696	32697
90891	31479	33812	32707	33116
90947	31948	33053	32717	32364
90989	22284	31890	32705	32638
91031	35774	32125	32712	32626
91073	9421	30752	32704	33557
91115	34011	28479	32728	32246
91164	24819	31739	32724	32628
91206	24793	33073	32720	32790
91255	38642	35178	32695	32444
91318	36605	30674	32730	32732
91374	34828	31373	32680	32624
91423	33738	30746	32733	33604
91465	33758	32659	32700	32556
91507	33775	31041	32699	32463
91556	26040	31040	32729	33008
91598	37370	32164	32706	32439
91640	51068	24689	32693	31947
91682	30833	29044	32720	31991
91724	26173	32080	32711	32330
91766	24301	30015	32713	32526
91808	36265	35694	32721	32398
91864	36577	30206	32731	32400
91906	34410	32688	32697	33094
91962	30657	32294	32707	32154
92018	29053	31905	32713	33104
92074	28421	33242	32716	32226
92116	33718	32908	32719	32685
92172	33817	29535	32672	32097
92235	26256	30007	32741	32638
92284	29260	34011	32701	32904
92326	37363	34239	32727	32630
92368	38417	32059	32727	33147
92410	35149	31639	32718	33263
92466	31789	32087	32724	32532
92529	32177	31972	32699	32764
92585	26229	32700	32723	33006
92627	38563	32666	32720	32885
92683	28181	28881	32737	32777
92732	28509	29376	32700	32188
92774	25944	30526	32686	32442
92816	27482	34513	32721	32218
92865	42394	38361	32683	32462
92907	34623	38300	32727	32609
92949	33665	30577	32727	32386
92991	31233	30328	32688	32476
93033	31985	28841	32720	32540
93075	33824	29838	32704	32753
93117	28200	30403	32720	32430
93173	40233	34608	32689	32678
93222	31569	29501	32712	32871
93278	26887	30709	32717	33376
93327	29715	34172	32703	32724
93376	32226	34535	32751	32586
93418	40007	31319	32718	33149
93467	37942	32200	32700	32873
93516	33904	29626	32717	32382
93558	34779	30676	32729	32712
93621	32815	32323	32699	33165
93677	35965	36626	32709	32264
93733	7504	30921	32710	33188
93775	35226	31950	32702	32551
93817	27243	33874	32703	31914
93859	23108	33587	32697	33167
93901	27141	33382	32701	32996
93943	41726	33333	32749	32357
93999	35813	30440	32729	33329
94041	35286	29540	32707	32349
94083	36488	30366	32709	32550
94125	34068	30344	32699	33547
94167	27568	33276	32725	32647
94209	35349	33659	32723	32457
94258	51145	23680	32715	32199
94300	30651	29617	32714	32510
94349	24452	32205	32683	33093
94398	32653	32836	32724	32413
94447	40689	30975	32693	32259
94489	38870	32564	32726	32651
94538	33385	33162	32706	32763
94580	31144	32049	32690	32655
94629	30460	32967	32705	32774
94678	33988	32179	32711	32521
94727	8233	30254	32681	33085
94776	27064	27617	32723	32621
94839	28415	32025	32704	32265
94895	32975	31003	32691	32906
94937	45321	32137	32732	32841
94986	33167	35280	32707	33090
95035	36528	33132	32698	32635
95077	34350	33895	32718	31985
95119	30437	33462	32736	32346
95161	24183	32660	32697	32644
95203	37313	32666	32717	33141
95259	50985	44685	32704	32777
95315	26936	27718	32699	32397
95357	22939	31212	32700	33159
95399	27636	31724	32696	33155
95441	41315	31499	32693	32158
95483	42489	35864	32696	32239
95539	38040	31274	32723	32830
95581	37198	30319	32713	32485
95623	30557	32387	32718	32481
95665	28448	31987	32704	32316
95707	24032	32732	32720	33266
95770	16316	34547	32720	33769
95819	31474	30144	32722	32862
95861	26667	31122	32704	33762
95903	27217	29992	32701	33435
95945	32941	32296	32698	32388
95987	44765	35089	32677	31693
96029	37539	36163	32745	32421
96078	33952	33845	32720	32839
96127	32223	31140	32727	32727
96176	31618	30434	32719	33023
96218	32452	31093	32699	32332
96260	38623	34198	32690	32181
96309	32204	29167	32711	32561
96372	29569	32542	32708	31868
96421	24307	31735	32723	32534
96470	40239	34235	32710	32680
96547	38757	35002	32705	32470
96596	31173	33331	32710	32756
96652	31016	33569	32727	32957
96694	27627	31810	32709	32390
96736	28138	32836	32706	32960
96778	38682	32947	32697	31851
96820	51458	31325	32685	32352
96862	31496	30452	32708	32593
96911	24767	31467	32710	32790
96953	31180	33241	32706	32749
96995	42498	34799	32723	32294
97037	40213	33119	32699	33187
97079	33843	31477	32731	32135
97121	31275	30590	32703	32405
97163	31192	33383	32708	32986
97219	29418	32612	32715	32405
97261	24460	31647	32725	32997
97317	36332	29887	32709	32918
97373	33100	25624	32705	32545
97415	26483	27621	32719	32937
97457	28710	30601	32715	32434
97499	32142	36794	32719	32091
97548	40699	29566	32732	32882
97597	38953	32490	32710	32076
97639	36365	33006	32712	32371
97681	32609	31686	32717	32563
97723	29977	30259	32702	32561
97765	30103	32121	32706	33052
97807	26414	30809	32705	32821
97849	40363	34305	32700	32395
97891	31261	41850	32710	32628
97933	28891	28700	32687	33262
97975	25133	29369	32689	32914
98017	26017	32769	32698	32717
98059	35064	36034	32712	32981
98108	39098	33236	32729	32926
98150	34354	30491	32712	33441
98199	36708	33342	32711	32433
98241	32380	35669	32713	32582
98283	27690	31850	32720	32799
98332	33972	35497	32709	32396
98381	27016	32196	32697	33433
98423	27829	28825	32696	33308
98465	28557	29568	32695	32965
98507	29391	32044	32727	32515
98549	29656	34317	32722	32226
98591	38872	34449	32700	32219
98633	35737	32932	32703	32214
98675	34092	31657	32725	32533
98731	30901	31770	32687	33277
98787	29118	32574	32690	32339
98857	36655	34780	32717	32624
98906	56	34329	32711	33095
98955	33984	29932	32683	31883
98997	27881	31062	32714	33340
99053	29427	33544	32691	32530
99109	43980	34418	32717	32978
99151	41501	30740	32704	33483
99193	34548	33002	32723	33021
99235	31018	31932	32733	32754
99277	30918	32867	32697	32678
99333	28149	34210	32714	32358
99382	30722	30269	32718	33268
99438	38756	33468	32696	32704
99494	32365	30486	32716	32140
99536	29272	32447	32694	32280
99578	28066	33422	32722	32676
99627	33651	33522	32709	32547
99669	44397	33795	32729	32919
99718	35364	31973	32699	32612
99753	35237	33792	32694	32778
99795	31546	31927	32677	32782
99830	33115	33618	32706	32693
99865	32757	34526	32712	32219
99907	28347	31540	32730	32549
99949	35921	34564	32720	31653
99991	49855	44552	32706	32172
100033	27416	25767	32711	32748
100075	29041	28426	32710	32788
100117	30052	35989	32705	32125
100159	36015	37966	32697	32233
100201	42036	33399	32731	32486
100243	35156	31587	32708	32872
100285	32376	33387	32705	32434
100334	35448	33286	32705	32245
100376	26558	33046	32720	32256
100418	31814	34698	32710	32110
100467	5725	34996	32683	33732
100509	37852	29108	32707	33107
100565	30936	31063	32711	32535
100607	29443	30020	32692	32547
100642	35430	33692	32696	31963
100677	42244	34457	32701	32572
100719	40344	32973	32705	32733
100761	37691	33568	32705	32373
100803	32967	33532	32720	32938
100845	28822	33023	32675	32051
100894	30946	33035	32730	33367
100936	37881	36242	32679	32659
100978	51631	38966	32692	31997
101027	29339	30426	32725	33321
101076	24406	30353	32721	32917
101118	27853	32386	32698	33195
101167	44631	34365	32714	32150
101202	41218	33209	32720	32234
101251	32537	29298	32695	32985
101300	35045	32434	32715	32532
101356	31796	33283	32689	32745
101405	25671	32692	32727	33269
101454	37900	33862	32707	32976
101496	51603	33224	32717	31712
101531	32279	28209	32700	32311
101580	25854	31979	32715	32656
101629	29850	36090	32723	32122
101678	39938	34651	32692	31970
101720	35608	34733	32698	33221
101776	30706	35827	32738	33132
101825	35446	34270	32669	32528
101874	27547	30888	32721	32914
101930	24877	32229	32718	32763
101965	38187	33341	32710	32545
102014	51803	42858	32713	32669
102056	32001	30172	32717	32844
102112	27174	31587	32701	32949
102154	30598	33097	32679	32944
102203	38896	35721	32740	33027
102259	36402	31214	32702	32872
102294	38100	30946	32715	32983
102336	32654	30933	32689	32800
102385	29127	30605	32708	33047
102441	37117	33274	32708	32577
102490	3740	32306	32680	33978
102525	35527	29118	32707	32043
102567	29100	30665	32709	32624
102609	24382	34125	32705	32104
102651	28026	33053	32713	32401
102693	41653	34977	32710	32429
102735	40175	35477	32719	32314
102777	38037	32049	32668	33204
102819	35788	32324	32693	32963
102861	31584	30691	32705	32856
102896	28282	34587	32684	32323
102938	36756	33597	32716	32656
102980	5538	36496	32717	33561
103022	29952	30262	32727	32522
103064	28154	34359	32706	33269
103106	29264	34493	32738	32575
103148	33900	32901	32722	31868
103190	42204	31969	32720	33016
103225	42670	33161	32700	32033
103260	38300	34504	32713	32978
103302	37894	32415	32702	32384
103344	33485	30045	32720	32292
103386	30158	30078	32716	33361
103428	22975	32672	32709	32328
103477	39342	35946	32697	32427
103519	49840	37175	32713	32342
103568	28306	27068	32681	32488
103610	28037	30113	32687	32883
103652	29977	32375	32723	31558
103694	40030	31882	32732	32661
103729	43531	33510	32723	32845
103771	35971	32820	32714	32486
103820	33002	32575	32713	32967
103862	34702	32753	32699	32914
103911	22189	30932	32709	33126
103953	35917	33122	32730	32599
103988	25891	32600	32685	33330
104051	27787	28846	32712	32755
104121	27268	32756	32718	32810
104163	28531	32056	32712	32854
104205	40038	32994	32695	32526
104247	38087	31198	32714	32187
104289	37965	34525	32687	32576
104331	36893	35155	32697	32483
104373	33043	33832	32693	32952
104415	25899	30476	32710	32949
104471	32145	31191	32705	32490
104527	32573	29513	32730	32470
104569	24943	31058	32756	32285
104625	27914	32189	32718	32728
104667	34591	28541	32698	32241
104709	36846	30823	32711	33676
104765	33775	31232	32718	32685
104807	31370	29992	32680	32591
104849	32497	34149	32710	33129
104891	29557	34571	32705	32377
104933	37538	36141	32725	32254
104982	1046	35750	32714	33612
105031	33738	25967	32709	32425
105073	27534	33239	32706	32262
105122	26917	29632	32694	32379
105178	38255	24479	32732	32795
105234	38716	26868	32713	33031
105276	35570	30423	32710	32669
105325	32717	34539	32712	32822
105360	32678	39750	32700	32181
105402	25735	37126	32730	32606
105444	33224	36439	32722	32085
105486	7	38721	32697	33753
105528	33117	26071	32714	33207
105563	26311	28159	32710	33041
105598	26486	29443	32707	32080
105640	25634	29342	32728	32690
105689	43537	33530	32720	31990
105731	41480	32790	32707	33192
105787	40524	31705	32704	32530
105829	32716	35305	32682	32723
105864	34135	36975	32706	31864
105906	27802	32981	32719	32801
105955	35269	32720	32701	32315
106011	37035	26122	32654	32783
106053	26734	32566	32707	32444
106095	28866	35121	32744	32440
106137	31653	34892	32690	32716
106179	40016	35149	32684	31927
106228	37537	31903	32727	33225
106277	35123	30237	32693	32277
106340	30628	32024	32686	32792
106410	40812	33411	32715	32375
106459	48435	65506	32688	32249
106501	30935	29697	32717	33404
106543	30553	28074	32725	31939
106585	28387	34994	32709	33176
106634	34096	32897	32693	32925
106676	42727	29592	32709	32525
106725	34244	30930	32707	32924
106767	33422	27110	32704	33069
106802	34032	31280	32714	33721
106844	26314	34486	32699	33201
106886	33794	36377	32704	32408
106921	33113	35223	32682	31712
106956	51276	65506	32684	31788
106991	30702	34119	32690	32120
107033	26138	32141	32699	31814
107068	30807	24605	32693	32819
107117	31646	31865	32700	32585
107152	39710	35315	32704	32535
107194	35119	33079	32704	33298
