timestamp	ch1	ch2	ch3	ch4
317579	31310	27243	32671	33354
317586	28929	24847	32730	32601
317593	22168	25956	32667	33766
317600	32331	26385	32733	33832
317607	30363	27348	32692	32501
317614	22337	25311	32722	33484
317621	35423	25295	32699	33080
317628	24892	25381	32644	33063
317635	30022	23953	32669	33771
317642	30838	27766	32694	33485
317649	27781	30546	32651	33246
317656	31039	27301	32703	33797
317663	33403	30000	32630	33085
317670	28927	29538	32693	33079
317677	35806	30655	32724	33319
317684	34212	32238	32688	32784
317691	42157	29870	32704	32822
317698	44880	31678	32696	32189
317705	44772	32063	32715	32888
317712	42144	35385	32701	33916
317719	43232	30841	32677	32156
317726	36371	33992	32692	33374
317733	34879	34371	32724	32246
317740	43986	35750	32635	32486
317747	36065	35907	32675	32026
317754	37054	35436	32649	33497
317761	39288	36572	32681	32245
317768	33021	32869	32703	34119
317775	37938	34588	32634	32700
317782	33005	32123	32693	32839
317789	30539	31198	32704	32210
317796	42681	39970	32724	32769
317803	35459	34330	32714	32024
317810	33148	37848	32563	32395
317817	36146	36816	32690	32759
317824	30321	32677	32690	33356
317831	29354	33570	32640	32337
317838	34689	31898	32713	32520
317845	25013	29766	32670	32299
317852	33649	20538	32670	33817
317859	28112	26520	32672	32556
317866	16707	23676	32692	32660
317873	29360	21911	32688	32753
317880	33204	21843	32706	31777
317887	36617	19849	32710	32619
317894	41508	24229	32705	32266
317901	35744	24521	32530	32691
317908	49048	22508	32665	32492
317915	35700	28190	32700	32197
317922	25330	27295	32646	32156
317929	38949	25353	32715	32421
317936	24320	33748	32701	32574
317943	3590	35150	32699	32405
317950	1835	35136	32699	32334
317957	49396	41876	32693	31971
317964	51160	29028	32662	31539
317971	49850	32438	32661	33280
317978	27033	30371	32701	32616
317985	38179	33975	32701	32356
317992	33947	36666	32597	32126
317999	22503	39074	32694	32053
318006	34332	35728	32674	32520
318013	29798	40994	32651	31622
318020	21373	40254	32683	32605
318027	29695	46051	32680	32236
318034	20829	40184	32703	32974
318041	31261	40889	32696	33358
318048	29638	37493	32696	31514
318055	22385	46119	32675	33116
318062	23003	45309	32710	32496
318069	27935	42186	32673	32697
318076	24282	43745	32649	31928
318083	27903	40607	32656	32825
318090	32384	43790	32701	32372
318097	25264	46332	32685	33221
318104	25821	44816	32668	31946
318111	30960	65422	32700	31669
318118	29480	47197	32699	32043
318125	34397	48750	32653	31014
318132	35226	65504	32706	31984
318139	34552	65506	32707	31997
318146	42074	65506	32715	32395
318153	33794	65505	32690	32675
318160	43509	65504	32719	31897
318167	43855	41931	32701	32757
318174	40884	65506	32698	32841
318181	42005	65503	32686	32269
318188	39770	36326	32694	33761
318195	39303	36702	32716	32343
318202	34977	51095	32683	32816
318209	36407	48596	32672	33159
318216	38334	18460	32712	32490
318223	38949	46732	32690	33456
318230	35027	44828	32657	33270
318237	34316	43156	32709	32711
318244	36178	9863	32700	32855
318251	34746	42268	32693	33881
318258	34910	40744	32681	32627
318265	33574	39372	32693	32811
318272	30801	6658	32675	33132
318279	35651	39165	32686	33277
318286	33826	37611	32693	33170
318293	27050	25049	32726	33088
318300	36745	6774	32692	33331
318307	31789	25433	32718	33240
318314	25383	24474	32681	33254
318321	32122	23398	32674	33077
318328	26991	10247	32702	33495
318335	21028	24664	32695	33141
318342	22855	24037	32656	32927
318349	26376	3921	32709	32192
318356	31691	25456	32669	33301
318363	39619	24815	32725	32457
318370	34669	24343	32711	32867
318377	36821	429	32682	32459
318384	36312	26012	32695	32664
318391	36596	25540	32701	32209
318398	43661	2535	32718	32803
318405	37649	27455	32692	32710
318412	26661	26977	32679	33293
318419	6051	1517	32658	33613
318426	1977	14798	32701	33458
318433	51822	29833	32692	31831
318440	51811	29381	32735	32520
318447	51435	1815	32650	33786
318454	35064	12012	32690	32239
318461	36058	12507	32697	32771
318468	26411	13950	32718	33842
318475	28891	17195	32705	32749
318482	27794	15969	32680	32534
318489	33415	18342	32688	32132
318496	33949	20306	32682	32303
318503	28220	21860	32627	31374
318510	23071	22404	32684	32589
318517	29674	26282	32697	32436
318524	20130	25559	32671	32363
318531	34867	28759	32724	31821
318538	28937	28287	32731	32392
318545	25492	30580	32703	31548
318552	28352	31407	32700	32976
318559	27597	31941	32656	31449
318566	15029	35317	32688	32407
318573	37611	37728	32684	32910
318580	31381	32337	32697	32514
318587	29621	30406	32703	32711
318594	37372	34545	32740	32380
318601	31284	35051	32692	32169
318608	35965	37521	32694	32802
318615	40139	38731	32674	32652
318622	40215	65499	32676	33070
318629	42233	65502	32695	32277
318636	43640	52756	32693	32245
318643	37265	30372	32690	32153
318685	36595	44624	32691	33027
318720	33275	20358	32683	32517
318755	33040	39999	32701	32514
318790	28791	37645	32691	32747
318818	23829	36821	32691	32557
318846	32958	36238	32691	32471
318874	34110	14554	32724	32719
318902	38063	5427	32651	33170
318930	45672	9441	32688	31797
318958	35506	17139	32711	32773
318986	35430	23591	32714	32970
319014	25339	35323	32682	33370
319049	26358	43811	32647	32722
319077	36158	65501	32697	32547
319105	36994	50020	32674	32044
319133	43187	65502	32690	33057
319168	34252	39935	32717	33780
319203	26942	44474	32671	33498
319238	30739	28801	32716	32889
319273	34505	34059	32680	33262
319308	31474	26729	32704	32922
319343	23294	31567	32634	32720
319371	32006	31790	32711	31852
319399	37504	37304	32702	32113
319434	1130	41973	32580	32387
319469	36865	37417	32673	32749
319504	27420	44377	32666	31988
319532	26630	40417	32692	33443
319567	28559	38824	32682	32674
319595	25342	7313	32677	33269
319630	40546	15072	32675	31323
319665	40198	18951	32718	32995
319700	42152	23575	32731	32836
319735	32041	28389	32727	33202
319770	32379	27287	32683	32370
319805	28029	29708	32718	32293
319840	35465	46926	32687	33290
319868	23875	36735	32731	32406
319903	35185	41174	32694	33187
319938	42136	38076	32702	31579
319973	51376	13270	32618	32541
320008	32206	37027	32699	31799
320043	24012	35914	32698	32026
320078	25616	33768	32696	33756
320113	26619	36987	32723	32500
320148	38910	16747	32705	33071
320183	37278	8220	32691	32725
320218	35212	18259	32676	32754
320253	37508	29036	32723	32840
320288	34930	45591	32690	30854
320323	37796	48442	32717	32544
320358	29381	51503	32683	32365
320386	22684	65498	32711	32709
320421	39013	50126	32720	32530
320456	40686	47611	32730	32313
320491	51832	49645	32689	33245
320526	23465	33243	32720	33150
320561	28644	29946	32708	33599
320596	29935	31030	32701	32550
320631	30602	29661	32676	32889
320659	36395	29089	32692	33510
320694	41293	28669	32734	31874
320729	36777	25809	32663	32659
320764	38085	25669	32679	31299
320799	33074	24652	32605	32251
320834	35556	33675	32574	32663
320869	36161	31182	32695	32329
320904	31751	19731	32697	33173
320939	28997	27303	32685	33067
320974	35115	35581	32702	32533
321009	558	36622	32668	33509
321044	38857	33896	32692	32419
321079	28148	35336	32705	32913
321114	32175	39863	32665	32596
321149	26914	31051	32728	31903
321184	34605	65504	32658	32287
321219	37823	25700	32733	33031
321254	41806	45087	32686	31698
321289	39991	31984	32688	32757
321324	29718	31820	32707	32945
321359	31548	30708	32644	32316
321394	33988	16575	32709	32293
321429	30773	37874	32712	32657
321464	27535	23676	32695	32492
321506	40346	30581	32689	33118
321541	16373	36323	32707	32781
321576	29962	28523	32705	32531
321611	27654	28290	32713	32520
321646	30940	32475	32714	31176
321681	33812	65500	32680	33661
321716	39240	45981	32701	33644
321751	37900	19970	32714	31895
321786	38695	39684	32650	32850
321821	37495	36906	32703	32105
321856	33198	17509	32512	31736
321891	29548	36147	32727	32718
321926	26824	34993	32695	32795
321961	22945	4729	32660	31593
321996	42384	13116	32670	32408
322031	43393	21350	32738	31576
322073	34161	35655	32707	32782
322115	29078	42219	32667	33356
322157	17959	48648	32686	32676
322192	31384	45745	32651	31834
322234	34627	48167	32715	32917
322269	39821	43548	32679	32353
322304	41969	40116	32684	32348
322346	35361	36198	32739	32154
322381	34614	36239	32651	33392
322416	35543	28016	32679	32794
322458	31006	32507	32662	33002
322500	38067	27273	32708	33077
322542	37609	24563	32672	32923
322577	51750	25784	32702	31532
322612	32979	23210	32698	34308
322647	23025	32944	32655	32129
322682	21142	31111	32693	32134
322717	31413	33584	32660	32394
322752	37724	37009	32663	32897
322787	42095	31877	32707	32425
322822	33042	31581	32722	32714
322857	34219	65501	32721	31830
322899	32423	48471	32674	33340
322941	33142	12445	32682	32844
322976	28558	40652	32696	32293
323011	27958	15741	32709	32116
323053	34680	30441	32666	33266
323088	6041	16297	32741	32967
323130	30884	18024	32724	32757
323172	27758	24483	32645	31984
323207	25202	32250	32648	32875
323249	29530	41115	32680	32545
323284	41482	21424	32666	32899
323326	36123	39233	32691	32749
323361	32249	14824	32692	32790
323403	26968	38513	32690	32646
323438	28614	14683	32721	32970
323480	26521	38325	32649	32098
323515	23015	16781	32690	32773
323557	38630	8095	32685	33199
323592	32787	17818	32695	33012
323634	27457	29014	32665	32597
323669	31522	40373	32674	32057
323711	22005	51854	32648	32732
323753	25442	65502	32674	32545
323795	41861	65503	32669	33271
323837	40819	65503	32679	31542
323879	41128	41033	32697	32967
323921	32969	38166	32693	32489
323963	30382	32774	32687	33025
324005	23747	25277	32621	32841
324047	35431	15440	32696	33116
324089	41699	21385	32698	32152
324124	50860	23220	32709	31245
324166	28868	27433	32691	31797
324208	32117	32017	32679	32977
324250	30413	30431	32677	32895
324292	34714	34290	32704	32763
324334	39439	30441	32659	32046
324376	36987	31817	32682	33841
324411	28373	65505	32684	32735
324453	26222	65503	32710	33721
324495	31730	47423	32682	33608
324537	31445	11120	32669	32100
324579	42550	29875	32726	31672
324621	23824	30873	32701	32173
324663	24848	7590	32722	33405
324705	24826	8764	32656	32691
324747	28559	28125	32705	31961
324789	39982	38323	32707	32314
324831	45793	41897	32675	32529
324873	36426	43710	32712	32726
324915	30146	41144	32709	33252
324957	29337	42433	32666	32827
324999	33116	34447	32711	32102
325041	30848	35791	32674	33322
325083	40659	37368	32685	32505
325125	34207	65504	32659	33438
325167	28372	21575	32704	33314
325209	25717	2299	32692	32809
325251	27064	29469	32649	32884
325293	32336	34349	32717	33372
325335	44580	33229	32698	32730
325377	41150	36573	32693	32717
325419	32217	38936	32695	32207
325461	29400	37076	32673	32498
325503	33653	36222	32691	32825
325545	30619	34519	32687	33789
325587	35223	51763	32735	32174
325629	50095	33819	32667	32827
325671	51694	11261	32691	31574
325713	23517	29412	32665	33002
325755	23421	30834	32709	32794
325797	30976	24587	32566	31647
325846	36169	299	32613	32038
325888	39723	14662	32521	32805
325930	31873	30188	32730	32956
325972	34515	41918	32711	32190
326014	37363	48543	32681	32929
326056	32520	51932	32696	32454
326098	23052	50780	32698	32883
326140	36423	44656	32705	33152
326182	51844	52431	32721	32633
326224	28063	32296	32721	32331
326266	30192	31817	32763	33454
326308	30847	32491	32716	33040
326350	37161	22588	32691	32237
326392	40548	33681	32731	32210
326434	31645	31030	32688	32246
326476	34353	29005	32702	32360
326518	37706	31590	32686	32645
326560	35871	32561	32702	32407
326602	29596	30469	32674	32450
326644	30423	28657	32679	32734
326686	39455	31296	32657	31839
326728	51658	28747	32693	32614
326770	27129	30205	32682	33306
326812	27563	29513	32690	32599
326854	27451	26585	32699	32530
326896	34405	29564	32683	32611
326938	42444	31730	32697	33095
326980	37163	29093	32733	32751
327022	34582	30334	32654	32597
327064	33164	23301	32689	32819
327106	28399	30973	32690	33196
327148	17770	35094	32612	32489
327190	31028	41009	32715	31969
327232	3473	37348	32695	32862
327274	31343	30420	32717	33141
327316	29072	65504	32684	33491
327358	30580	65503	32671	33748
327400	28733	14691	32719	32680
327442	38138	30899	32706	33326
327484	35420	30295	32685	33144
327526	34784	7741	32678	31934
327568	39154	30388	32681	32958
327610	29176	20189	32688	32251
327652	24053	4839	32660	32153
327694	39142	8241	32539	32230
327736	12680	21342	32681	32745
327778	34778	32294	32698	32867
327820	35044	43791	32705	32277
327869	22821	65503	32659	32187
327911	32287	50073	32695	33129
327960	38770	65503	32716	32509
328002	33792	65505	32729	31962
328044	30597	65451	32687	33338
328086	31472	24048	32718	32432
328135	29873	8105	32704	32640
328177	17055	21254	32676	32605
328226	39949	21897	32653	32021
328275	32089	24340	32694	31869
328317	28271	4	32682	33618
328366	30582	11530	32663	32811
328408	31029	31928	32637	31635
328450	32937	47201	32695	32261
328499	45362	50062	32671	32192
328541	40380	65500	32697	31575
328583	30560	39094	32711	32294
328625	24038	36314	32716	33474
328667	31620	37648	32699	32641
328709	25039	35549	32694	33552
328751	42058	41442	32724	31789
328793	6047	37519	32699	32927
328835	32667	32748	32720	33975
328877	26122	30520	32721	32595
328919	24011	38731	32679	32748
328961	31688	48594	32689	33957
329003	42571	43608	32708	32896
329045	39014	35217	32568	33429
329087	31052	3767	32714	33177
329136	34399	14536	32691	32926
329178	30897	17572	32696	33409
329220	37108	30262	32673	31237
329262	33836	29371	32698	32052
329304	51540	19943	32678	32635
329346	25861	31211	32690	33123
329388	26953	34434	32707	33223
329430	27453	35228	32687	32149
329479	34427	33759	32713	32748
329521	38139	36401	32683	32861
329563	33568	24691	32680	33768
329605	34442	29477	32702	32998
329647	35379	38200	32715	32010
329689	32227	40683	32712	32239
329731	25513	37978	32688	33532
329773	34401	36753	32670	32173
329815	51819	65506	32692	32783
329864	29933	25575	32581	32816
329906	26804	23345	32707	33097
329948	29238	27078	32675	32552
329997	41721	36143	32709	31514
330039	32096	30996	32703	31965
330081	26928	36117	32703	31801
330123	30375	35365	32704	33373
330165	33497	28805	32714	32285
330207	30289	14924	32703	33198
330256	33113	35217	32702	32449
