timestamp	ch1	ch2	ch3	ch4
10	65535	65535	33624	65535
10	32456	42408	33708	33392
17	31221	40003	33721	33531
38	28817	37002	33722	33428
59	29747	38912	33729	33507
87	30635	37522	33703	33505
115	30728	33109	33714	33333
136	32173	32448	33737	33279
150	33299	32337	33722	33479
171	34300	30220	33714	33474
192	35221	30194	33715	33362
213	38077	30584	33714	33254
234	34772	29602	33705	33510
255	30667	27411	33705	33646
276	32211	21260	33721	33656
297	52232	11040	33743	33336
311	5239	12136	33728	33586
332	32739	19377	33712	33697
360	36746	29273	33723	33515
381	38428	37801	33701	33435
409	39540	44049	33708	33348
430	36864	45627	33723	33487
451	34900	46612	33700	33520
472	32923	46461	33715	33429
493	31152	47969	33724	33636
521	32008	51204	33708	33545
542	32669	47666	33698	33551
563	31722	44915	33712	33601
591	31497	40434	33738	33527
612	32330	37164	33717	33423
633	33021	36691	33732	33732
654	36612	37059	33724	33641
682	30487	32183	33713	33613
703	28744	28763	33717	33711
724	41869	28609	33729	33671
752	12763	26531	33713	33756
773	34995	29687	33703	33308
794	37332	27701	33726	33603
822	38811	28491	33728	33770
843	38702	29341	33708	33914
864	36902	28097	33717	33772
885	35166	28477	33688	33755
906	31547	28315	33726	33921
927	29549	26788	33730	33735
948	31082	31434	33705	33552
969	32557	30953	33697	33571
990	32643	29154	33705	33670
1011	32661	33537	33704	33653
1039	33246	35356	33711	33677
1060	35589	36297	33727	33615
1088	36983	33245	33715	33519
1109	31294	34035	33705	33498
1137	31338	33919	33699	33419
1158	48930	32248	33718	33497
1186	32298	32770	33710	33632
1214	38119	34341	33713	33518
1249	39739	32788	33714	33883
1284	38656	31416	33738	33510
1319	33993	34187	33712	33659
1354	28510	35223	33711	33399
1403	31124	33944	33713	33816
1438	31925	33206	33721	33615
1473	34815	34429	33720	33515
1508	34061	31910	33718	33923
1550	31057	33109	33703	33701
1585	2618	35273	33706	33653
1620	36229	37578	33732	33501
1655	38224	35287	33717	33423
1690	38183	32306	33701	33586
1725	33237	31645	33701	33753
1760	28627	30504	33717	33570
1795	30531	33527	33716	33840
1830	31805	33308	33720	33413
1865	33438	35033	33716	33666
1900	35710	35422	33714	33578
1935	30123	34299	33704	33546
1977	52079	31805	33695	33535
2019	35355	32515	33692	33651
2054	37978	32229	33725	33688
2089	38156	34628	33714	33664
2131	33433	36693	33719	33936
2166	29703	36043	33700	33465
2201	31804	33588	33718	33760
2236	32921	33146	33733	33871
2271	35073	31503	33712	33859
2306	33352	31363	33689	33701
2341	30889	33845	33739	33713
2383	6818	32235	33716	33842
2418	35139	33851	33713	33703
2453	38096	32431	33705	33610
2488	37357	32983	33738	33786
2523	33967	32944	33705	33622
2558	29915	33997	33695	33357
2593	32201	34039	33716	33555
2628	32471	32734	33739	34046
2663	34411	31656	33696	33646
2698	33400	33758	33693	33817
2733	30565	33693	33712	33500
2768	12451	34194	33696	34312
2817	38175	34867	33716	33819
2859	39214	36467	33729	33622
2901	35953	32280	33700	33355
2950	28892	34596	33728	33709
2999	31697	33848	33711	33655
3062	34682	33485	33707	33660
3097	31455	33234	33724	33833
3132	30536	30487	33709	33720
3167	2782	32717	33700	33980
3209	38262	33030	33704	33629
3244	39538	31954	33727	33839
3279	37649	33953	33729	33443
3314	32916	35194	33726	33578
3349	28706	34098	33728	34068
3391	31663	34174	33700	33911
3426	32557	34839	33717	33431
3461	34407	35236	33701	33612
3496	33375	34744	33709	33627
3531	31105	33599	33720	33725
3566	12365	34500	33704	33978
3601	37089	35363	33718	33355
3636	39128	33446	33704	33793
3678	37673	33311	33735	33613
3720	31935	29569	33699	33580
3769	29389	30529	33707	33546
3804	31909	31922	33702	33543
3846	32720	32867	33716	33799
3888	34777	37816	33707	33813
3923	35855	37550	33709	33757
3972	31822	38238	33712	33841
4028	33992	36784	33724	33881
4084	38630	31231	33722	33460
4119	37364	31242	33721	33271
4154	32148	32240	33720	33379
4189	28612	32437	33700	33480
4231	31430	33976	33716	33671
4273	32605	33075	33712	33728
4322	33456	33127	33724	33632
4364	38647	34330	33729	33572
4406	31728	33542	33696	33839
4455	42251	33407	33707	33926
4504	37184	36252	33716	33724
4539	38877	35590	33718	33711
4581	36070	30331	33718	33553
4616	31438	30919	33710	33567
4658	29972	32899	33690	33635
4700	32602	35024	33706	33527
4735	33156	35109	33711	33796
4777	33578	33380	33704	33553
4812	33976	32599	33713	33895
4854	38264	33903	33711	33637
4903	30355	34064	33713	33932
4945	1006	34519	33704	34063
4994	37046	32621	33713	33583
5036	38362	32178	33723	33596
5085	34145	32474	33716	33582
5120	30239	32984	33702	33531
5155	31106	34735	33715	33599
5197	32436	33860	33731	33989
5232	32526	34219	33689	33679
5274	33692	34973	33689	33867
5330	35493	36365	33691	33432
5379	32669	33997	33701	33574
5414	31020	34073	33731	33742
5449	9155	34166	33719	33742
5484	35056	32825	33705	33833
5526	37489	32518	33722	33625
5575	34385	33422	33680	33489
5610	30691	32363	33700	33970
5652	30444	33328	33708	33788
5687	32348	34326	33701	33662
5729	33358	33912	33710	33768
5771	34055	32989	33721	33474
5813	34853	33822	33712	33719
5848	37982	34664	33739	33476
5890	31861	33626	33705	33670
5946	28656	34041	33722	33320
5988	38640	32168	33718	33732
6030	38623	30664	33715	33795
6072	35211	32998	33720	33239
6114	27736	34715	33715	33575
6156	30689	33564	33727	33505
6205	31712	34505	33729	33764
6247	32945	34136	33704	33277
6289	38274	32523	33710	33214
6331	30278	33942	33725	33992
6373	43013	35551	33713	33692
6408	39423	33100	33679	33580
6450	41350	34967	33731	33489
6485	40187	33847	33710	33577
6527	32420	31512	33712	33566
6562	25939	32269	33708	33973
6604	27916	35027	33719	33412
6660	31278	33214	33730	33509
6716	38109	33025	33700	33591
6758	30354	30231	33707	33909
6800	43645	31671	33707	33655
6849	39504	32650	33724	33877
6905	40529	33470	33695	33339
6968	30309	35028	33702	33561
7038	31595	32367	33706	33437
7087	33245	35428	33720	33598
7129	33772	34311	33703	33735
7171	38832	32870	33707	33523
7213	31211	37034	33719	33350
7269	16634	35835	33694	33644
7318	38180	30019	33718	33466
7367	39522	33583	33719	33730
7423	29470	33808	33706	33986
7465	28413	34275	33725	33741
7535	32263	34060	33714	33868
7591	33131	32869	33701	34030
7654	35618	32955	33703	33312
7696	32250	33797	33714	33720
7738	24357	32422	33686	33389
7780	37489	33001	33686	33828
7822	38850	34255	33716	33540
7864	34485	34781	33733	33817
7906	28409	35335	33719	33414
7948	30947	32447	33710	33718
7997	33344	35174	33715	33898
8053	33827	35253	33710	33664
8109	37840	33364	33722	33681
8158	30492	34221	33667	33422
8200	1424	32435	33705	33982
8256	37006	33555	33709	33952
8305	37853	34162	33728	33597
8347	32987	34027	33708	33496
8389	29429	33562	33724	33837
8431	32056	33619	33695	33622
8473	33104	33175	33710	33588
8515	33649	32443	33714	33963
8557	33974	32489	33713	33811
8613	32704	33228	33721	33905
8662	48087	33861	33704	33449
8718	35186	33055	33727	33707
8774	38153	33645	33731	33853
8830	32873	33639	33696	33678
8879	29750	32496	33697	33629
8928	32113	33300	33707	33238
8977	33161	33241	33712	33734
9019	35074	33931	33721	33920
9068	33676	33119	33714	33543
9124	51368	34119	33709	33801
9187	37791	32579	33703	33985
9236	38370	33789	33729	33572
9285	34642	33381	33691	33447
9334	29292	34531	33724	33766
9390	31776	34934	33717	33530
9446	32157	33377	33704	33529
9502	32739	32157	33705	33755
9558	46461	33596	33706	33684
9621	39560	33832	33699	33584
9663	39126	32946	33710	33442
9712	32657	32528	33739	33798
9761	27492	33042	33726	33820
9817	32472	32409	33708	33665
9859	30603	32853	33695	33675
9894	32967	34171	33706	33556
9936	32520	33928	33714	33788
9978	35297	34906	33705	33854
10013	26165	34041	33714	33597
10069	40240	35515	33714	33930
10111	40109	33364	33723	33557
10146	34694	36543	33717	33687
10181	29171	32502	33704	33980
10223	31721	33023	33710	33976
10258	33411	32186	33695	33655
10293	33287	33928	33692	33926
10328	33687	34788	33709	33452
10363	37693	34197	33737	33733
10398	30736	33205	33702	33580
10433	43629	33866	33704	33816
10468	29385	32012	33719	33450
10503	37382	33220	33721	33757
10538	38506	33376	33721	33553
10580	35224	32720	33709	33916
10622	28240	35211	33706	33519
10657	28079	35471	33696	33758
10692	30689	34562	33710	33638
10727	31818	34394	33727	33318
10769	33173	34612	33703	33748
10804	34168	33627	33724	33415
10839	38619	33083	33708	33500
10874	32042	32331	33707	33798
10909	48806	33874	33735	33739
10944	32161	33673	33694	33592
10986	37891	35287	33738	33405
11021	38555	34807	33719	33686
11056	35558	31411	33715	33625
11098	29125	30479	33712	33917
11133	28748	33031	33719	34065
11168	31823	31695	33724	33724
11203	33394	32264	33702	33829
11238	33238	31626	33694	33430
11273	37353	33107	33701	33779
11308	31167	35164	33710	33643
11343	34343	38124	33707	33387
11378	27603	38591	33715	33516
11413	39013	38620	33724	33724
11455	39678	39099	33719	33431
11490	37116	37713	33717	33644
11525	30634	37051	33726	33896
11567	28370	32883	33711	34074
11602	30258	31893	33711	33750
11644	32163	29871	33717	33518
11679	34528	28741	33715	33894
11721	32590	27006	33710	33733
11770	45887	29441	33735	33432
11805	30971	29480	33705	33929
11840	37209	32121	33719	33595
11882	38631	33469	33707	33326
11931	33943	36187	33716	33542
11980	28911	34705	33730	33995
12015	31805	36274	33723	33910
12064	33766	34890	33705	33583
12099	33540	34685	33711	33603
12141	37121	34001	33721	33739
12183	30942	34783	33706	33746
12225	52002	33773	33695	33632
12260	35051	33001	33717	33741
12302	38903	33962	33686	33852
12337	39365	33312	33721	33528
12372	34639	38526	33696	33617
12407	27444	35622	33727	33612
12456	29848	31438	33735	33653
12491	31199	31041	33710	33305
12526	32471	31936	33722	33556
12561	34684	32996	33718	33476
12596	36104	30554	33710	33965
12631	31970	32884	33704	33353
12666	51068	32700	33707	33703
12701	37145	36013	33685	33350
12736	39541	36129	33716	33310
12771	39869	34982	33712	33583
12813	33797	33842	33720	33760
12848	27105	33708	33691	33999
12890	29979	34235	33705	33450
12953	33424	34121	33736	33889
12988	33632	33159	33701	33866
13023	37315	34010	33709	33530
13065	31943	33606	33701	33651
13100	38566	33119	33738	33484
13142	35606	33242	33690	33775
13191	39019	33944	33718	33487
13240	36464	32868	33720	33791
13282	30026	32240	33724	34131
13324	28160	32078	33700	33749
13359	31138	32617	33724	33472
13394	31998	34230	33711	33330
13429	32427	35224	33706	33895
13464	33527	34366	33699	33336
13506	36539	35598	33719	33258
13541	31345	34181	33708	33539
13576	50656	35493	33708	33633
13618	34813	33298	33707	33509
13653	38118	34391	33723	33744
13688	39112	32298	33707	33728
13723	34798	30135	33700	33511
13758	30349	33047	33721	33536
13793	30005	33493	33724	33714
13828	31922	33427	33721	33802
13863	31403	33047	33712	33847
13898	30150	33111	33708	33576
13933	30352	34133	33712	33921
13968	33613	35245	33700	33661
14003	32358	33822	33717	33863
14038	32138	36244	33732	33336
14073	15804	35170	33711	34024
14108	41025	34616	33696	34003
14143	43980	33845	33697	33931
14178	44322	32764	33708	33683
14213	38018	31624	33715	33646
14248	29049	31535	33682	33901
14283	28511	31811	33721	33606
14318	30169	32858	33727	33888
14353	29580	34545	33719	33805
14395	28940	34376	33688	33408
14430	33921	34285	33728	33707
14465	31200	34521	33716	33689
14500	33304	34830	33720	33825
14542	29755	34962	33716	33591
14591	42126	33300	33719	33664
14647	34353	32666	33722	33687
14703	22409	33160	33691	33727
14752	27084	33835	33702	33784
14808	31396	34108	33711	33717
14857	35478	34477	33737	33695
14892	36601	33654	33711	33950
14927	50578	33510	33720	33712
14962	44662	34419	33718	33626
15004	25721	33355	33744	33538
15053	22859	33312	33703	33812
15109	29703	32450	33709	33799
15165	31753	28399	33710	33763
15207	34973	28398	33716	33903
15242	31576	34028	33698	33894
15284	37359	41179	33713	33373
15319	45700	42498	33707	33386
15361	32816	41053	33728	33487
15396	46768	37415	33707	33813
15431	32491	35486	33726	33494
15473	52627	32567	33714	33816
15522	44082	28186	33714	33799
15578	36433	32058	33716	33641
15613	31793	32226	33716	33528
15648	28305	32447	33706	33588
15683	26360	33100	33718	33551
15718	25556	33079	33714	33868
15753	25585	30132	33727	33698
15788	26200	33343	33733	33787
15823	27189	34133	33707	33809
15858	1006	33630	33715	33943
15893	37122	33326	33715	33671
15928	35723	31799	33735	33823
15963	34981	33734	33719	33407
15998	34531	33430	33705	33778
16033	19616	34143	33688	33840
16068	25811	33440	33703	33697
16110	35252	32474	33737	33791
16152	34961	33316	33724	33522
16187	34777	33796	33710	33920
16243	34987	32921	33697	33919
16292	52680	35186	33716	33772
16348	44247	34422	33689	33480
16397	43828	33104	33726	33549
16432	41132	30302	33692	33945
16474	30713	33707	33735	33766
16509	29199	33973	33714	33737
16558	31945	33869	33725	33922
16593	30811	33853	33718	33501
16635	31574	33761	33712	33816
16677	35637	34216	33730	33616
16712	33072	34312	33710	33635
16747	29491	34738	33715	33779
16782	42693	34205	33743	33799
16817	39047	31664	33708	33696
16859	42842	34418	33706	33397
16894	41328	34159	33717	33598
16929	32995	32438	33713	33610
16964	26593	32608	33712	33817
16999	27710	35268	33713	33837
17034	33841	33393	33729	33824
17069	34797	34679	33721	33614
17111	34550	33188	33719	33744
17153	35537	33876	33708	34028
17195	34104	31385	33703	33746
17251	43971	32307	33708	33958
17307	39953	33677	33722	33508
17363	37511	33284	33714	33820
17398	34455	33817	33720	33727
17433	28239	35292	33717	33631
17475	28828	35877	33725	33948
17524	30666	34690	33713	33855
17573	32419	35091	33697	33516
17608	36972	33354	33704	33468
17643	31283	33143	33718	33624
17706	9408	32988	33705	33555
17748	38692	33708	33693	33478
17790	40166	32558	33724	33751
17832	35193	33636	33707	33851
17867	30614	32074	33706	33872
17909	29072	32016	33708	33806
17951	30594	36386	33705	33931
18000	30332	33579	33679	33802
18042	35270	35184	33724	33608
18091	30213	34184	33720	33754
18133	11087	33273	33715	33805
18175	37701	33940	33718	33624
18224	38876	32830	33716	33561
18266	34698	33606	33711	33800
18308	30409	29890	33705	33617
18343	30633	30991	33710	33693
18385	31537	33902	33712	33534
18434	32616	34316	33702	33724
18483	35129	34015	33708	33686
18518	31748	34918	33715	33616
18553	45828	33897	33715	33707
18588	34392	34276	33691	33852
18623	39322	32893	33713	33492
18665	40654	32733	33723	33586
18707	36856	34699	33719	33465
18749	32784	34362	33709	33626
18784	32945	34670	33715	33628
18826	31125	33300	33704	34136
18868	32541	32222	33708	33707
18910	37003	33495	33707	33783
18952	29096	32786	33717	33620
18994	46227	33311	33703	33516
19050	39194	33117	33715	33878
19085	42655	33245	33714	33756
19127	31513	33580	33730	33775
19169	30232	35288	33732	33409
19204	30123	34017	33727	33654
19246	32644	33730	33719	33590
19281	33843	32490	33717	33859
19316	34905	31951	33716	33601
19351	32337	30461	33727	33659
19393	30928	32469	33734	33843
19428	11904	35231	33706	33574
19470	39169	37216	33704	33613
19505	40418	35837	33716	33851
19561	34304	34030	33700	33425
19596	27250	34433	33705	33453
19645	29816	32714	33713	33417
19687	30443	34357	33722	33762
19722	31283	31498	33711	33415
19757	35428	32438	33706	33675
19792	30363	33406	33697	33522
19827	49198	33717	33702	33980
19862	32477	35559	33693	33620
19897	37919	32397	33730	34122
19932	39479	34898	33739	33692
19967	37192	33471	33700	33620
20002	32631	34115	33716	33478
20037	29835	36026	33713	33479
20079	33123	33820	33715	33793
20121	33465	34112	33740	33484
20156	34258	33906	33732	33574
20198	35833	33805	33734	33785
20233	31645	32877	33719	33730
20275	44906	32919	33724	33435
20317	37468	33475	33712	33507
20359	38303	34179	33700	33589
20394	37364	33412	33724	33869
20436	31419	34440	33717	33714
20499	30255	33504	33712	33640
20548	32340	31521	33715	33692
20583	32549	33215	33712	33598
20625	36021	33112	33719	33746
20667	31702	32307	33711	33490
20716	51216	34769	33725	33715
20758	39377	33756	33717	33468
20800	40240	33607	33715	33819
20856	33500	35109	33709	33738
20898	28293	32168	33723	33709
20940	30096	32559	33717	33694
20975	31671	33744	33724	33710
21017	31195	33605	33713	33473
21073	35580	33818	33733	33594
21122	31087	32648	33732	33442
21178	7248	33461	33718	33828
21234	38692	34503	33709	33440
21276	39370	34369	33716	33451
21325	34713	35389	33699	33779
21381	30318	34051	33718	33371
21423	31929	34144	33708	33627
21458	32272	33613	33722	33518
21493	32980	34404	33732	33750
21528	36618	34329	33716	33630
21563	30813	33005	33703	33665
21598	51614	32117	33706	33705
21633	33775	32673	33723	33480
21668	38326	32844	33722	33751
21703	39765	33870	33721	33665
21738	37796	34665	33696	33696
21773	32915	34085	33698	33663
21808	30010	34531	33701	33814
21843	31008	34188	33729	33598
21878	30167	32618	33722	33887
21913	30502	34325	33718	34004
21948	33786	34759	33692	33613
21983	30755	34392	33723	33848
22018	30419	33995	33696	33565
22053	1231	34349	33706	33848
22095	37077	32821	33699	33594
22130	39103	33725	33746	33487
22165	37596	32165	33721	33747
22200	33599	33518	33736	33733
22235	29254	33180	33724	33822
22277	32295	34244	33695	33616
22312	33230	32477	33719	33747
22347	34393	33854	33699	33856
22382	36309	33767	33701	33530
22424	32290	32337	33714	33640
22459	31478	32937	33729	33871
22494	20817	32863	33725	33500
22529	37617	33637	33730	33998
22571	38625	33748	33705	33339
22606	36229	32870	33716	33832
22655	30125	34303	33717	33835
22704	30873	35076	33723	33743
22760	32783	34750	33711	33732
22816	34583	34436	33711	33457
22851	35636	33541	33704	33687
22893	31439	33711	33707	33446
22928	51939	32962	33707	33643
22963	35529	34502	33713	33485
22998	37827	33323	33723	33657
23033	37781	31305	33716	33750
23075	33738	34091	33707	33848
23124	29899	32204	33724	33799
23173	31773	32878	33707	33820
23215	32241	33931	33710	33686
23250	33099	32469	33723	33689
23285	35342	31000	33711	33785
23320	32489	31011	33703	33880
23355	31754	33121	33694	33863
23390	1730	36160	33708	33934
23432	37890	33288	33711	33597
23467	38633	33518	33690	33697
23502	37298	33737	33702	33728
23551	31718	34360	33719	33465
23600	31859	34999	33721	33562
23635	32478	35439	33712	33578
23677	32369	35747	33719	33765
23712	33192	33699	33721	33703
23754	37429	31827	33699	34027
23810	31920	33445	33708	33835
23845	1299	33492	33709	33925
23880	38265	34099	33705	33567
23915	39176	31813	33705	33525
23957	36930	34775	33690	33620
24006	30151	32622	33729	33611
24048	30024	33172	33733	33724
24090	32310	36136	33720	33636
24132	32564	35633	33692	33623
24167	32998	32683	33739	33694
24209	37246	33038	33720	33550
24244	31095	32919	33701	33751
24279	34474	33062	33704	33740
24314	29463	33202	33724	33585
24356	37558	31631	33724	33507
24391	38469	34341	33700	33864
24426	35996	33771	33714	33790
24461	31541	33393	33711	33994
24503	30210	33383	33715	33514
24545	32481	34761	33721	33616
24594	32936	33708	33713	33572
24643	33463	33620	33720	33570
24685	36417	33568	33699	33751
24720	31035	34040	33700	33712
24755	46792	33827	33709	33584
24797	35780	33868	33698	33647
24832	37954	34626	33700	33517
24874	37939	33536	33710	33733
24916	33136	32870	33717	33751
24958	30034	32158	33714	33460
25007	32463	34525	33717	33682
25056	32740	34333	33739	33905
25105	33593	34501	33707	33756
25140	37425	33285	33690	33444
25196	31761	34603	33713	33588
25245	28015	33680	33731	33447
25280	37194	32780	33700	33512
25322	38176	33490	33716	33741
25364	35733	32699	33702	33751
25406	29926	33055	33699	33475
25441	30595	32988	33705	33895
25483	32896	34422	33712	33675
25532	33147	34449	33721	33545
25574	34380	34730	33721	33611
25609	36780	34364	33714	33786
25665	31180	30892	33729	33627
25714	35026	33694	33729	33844
25749	38623	32592	33694	33537
25784	38585	33186	33700	33814
25819	36001	33951	33733	33393
25854	31407	34971	33733	33722
25896	29799	33624	33714	33687
25938	32560	32241	33710	33653
25987	32820	35705	33726	33672
26022	33399	32873	33712	33685
26064	35633	34908	33719	33637
26099	31024	34904	33705	33639
26141	35990	35344	33697	33599
26183	37969	33556	33730	33574
26218	38464	35081	33722	33501
26253	38365	32479	33718	33610
26288	34224	34318	33713	33777
26330	28471	31822	33720	33715
26365	30726	33689	33721	33703
26407	32526	30421	33712	33704
26463	33318	35570	33720	33757
26519	38232	34239	33728	33682
26568	30691	33940	33707	33390
26603	45006	32457	33721	33714
26645	36816	33139	33709	33738
26680	38481	35799	33697	33700
26722	38241	33896	33733	33687
26764	32291	34918	33700	33739
26799	29057	34294	33718	33719
26834	30884	32816	33712	33601
26869	32474	33583	33718	33668
26904	32944	33893	33694	33834
26939	33234	33899	33716	33842
26974	34465	33926	33713	33789
27009	37157	33741	33713	33422
27058	31812	35098	33688	33734
27093	19454	33322	33686	33962
27128	36649	33931	33710	33647
27163	37401	32629	33733	33632
27205	37459	33882	33716	33897
27254	32228	34889	33683	33720
27310	30833	34807	33716	33818
27366	33039	32137	33701	33689
27408	32958	32531	33704	33598
27443	33304	32989	33701	33593
27478	37188	33055	33708	33738
27513	32797	33985	33712	33446
27548	31920	35593	33727	33767
27583	9073	34118	33714	33930
27632	37623	31207	33729	33475
27688	37939	33123	33719	33640
27723	34046	34887	33708	33719
27758	28500	33187	33705	33942
27793	30423	32948	33714	33818
27828	32182	33943	33696	33532
27863	33092	36018	33691	34026
27898	33254	34724	33716	34117
27933	37355	33760	33715	33543
27968	31882	34708	33732	33447
28003	31450	31393	33711	33900
28038	9034	33555	33718	33526
28073	38403	33303	33712	33636
28108	38919	33361	33707	33999
28143	38313	31657	33727	33935
28178	33818	32621	33717	34137
28220	29033	33283	33708	33935
28255	31484	33054	33717	33911
28290	32711	33812	33708	33759
28325	32784	33212	33714	33557
28360	35205	34350	33707	33815
28395	35088	31903	33714	33586
28430	30984	32858	33717	33776
28465	46237	34548	33725	33546
28500	36599	36092	33725	33412
28535	38285	33617	33723	33892
28570	38521	34934	33708	33783
28612	34225	32248	33718	33715
28647	28539	34226	33728	33534
28689	30448	34114	33718	33765
28724	32162	34138	33695	33763
28766	32645	33782	33695	34025
28801	33830	33999	33718	33571
28836	36323	32754	33722	33515
28878	31507	33541	33714	33424
28913	48700	34286	33705	33465
28948	36341	33800	33713	33964
28983	38199	33417	33707	33605
29025	37872	32651	33715	33813
29060	34242	32445	33687	33784
29095	29428	32845	33711	33593
29130	30510	33262	33695	33493
29165	32224	35004	33716	34036
29200	32993	34987	33705	33673
29235	33278	35343	33725	33462
29270	36565	34481	33713	33571
29305	32483	32595	33703	33832
29347	32486	34286	33697	33513
29382	27637	32965	33710	33787
29417	37598	32423	33700	33749
29459	38359	33476	33738	33699
29494	35579	32633	33718	33565
29529	31879	35062	33701	33457
29564	29782	33997	33713	33841
29599	31677	33267	33721	33650
29634	32382	33968	33706	33797
29669	33280	33948	33701	33964
29704	33554	33343	33719	33780
29746	36670	36019	33719	33565
29781	31052	33385	33726	33704
29816	48460	33190	33732	33683
29851	33460	33441	33689	33566
29886	37409	33202	33720	33739
29921	38234	35088	33699	33429
29956	35824	33046	33725	33529
29998	30952	32745	33735	33780
30047	31151	32935	33714	33613
30089	32594	34911	33720	34072
30131	32905	33983	33716	34078
30166	33729	32611	33719	34054
30215	35665	34015	33707	33292
30250	31991	35219	33688	33602
30285	44458	35059	33714	33534
30320	37082	33897	33713	33747
30355	38772	35207	33698	33883
30397	38277	33558	33726	33766
30432	33787	32753	33714	33357
30467	29570	31369	33710	33580
30502	30342	31437	33708	33342
30544	32164	33487	33726	34054
30579	32009	31880	33720	33998
30621	32743	32713	33710	33509
30670	36021	34249	33714	33148
30705	31206	34632	33705	34135
30740	51370	34028	33715	33438
30775	35266	33765	33718	33718
30810	38658	33422	33713	33742
30845	38915	34404	33701	33570
30880	36133	34499	33698	33713
30915	31582	34058	33717	33999
30950	29016	33827	33692	34056
30985	31641	33694	33708	33386
31027	33119	33881	33716	33354
31069	33101	32873	33728	33483
31118	35949	34440	33729	34521
31181	31775	33992	33710	33763
31223	31602	33325	33696	34194
31265	37711	33464	33699	33359
31307	38505	35643	33699	33393
31342	37439	35442	33700	34010
31384	31700	32909	33730	33209
31433	29773	33482	33727	33436
31475	32119	33060	33708	34339
31510	32868	34678	33710	33078
31545	33416	34272	33720	33142
31580	33793	32237	33723	33131
31622	35806	33589	33706	34125
31657	31223	34327	33730	33572
31692	48642	33276	33722	33116
31727	34251	32866	33706	34262
31762	37760	32802	33716	33511
31797	37406	32961	33723	33751
31832	35755	34725	33725	33311
31867	31843	34419	33695	33507
31902	29705	34830	33717	32974
31937	31483	33125	33701	33574
31979	32392	34652	33709	33289
32014	32697	34990	33722	33356
32049	33174	35320	33713	33451
32091	35475	34006	33705	33465
32126	33174	33126	33698	33608
32161	32356	32367	33707	34030
32196	3447	36487	33703	33933
32231	37331	32859	33723	34224
32266	38490	32075	33723	33455
32301	37374	34134	33697	33615
32336	33957	35199	33678	32725
32371	29382	32559	33720	33479
32406	30183	30580	33714	33473
32448	32257	33868	33728	34543
32483	32691	33822	33719	34275
32518	33139	33796	33705	33474
32560	35921	33049	33708	34388
32595	35416	32973	33721	34096
32644	32044	33669	33708	33850
32686	29801	37736	33732	34052
32728	38650	37108	33711	33421
32770	38185	35976	33707	33080
32805	34781	35727	33716	33231
32847	28327	35167	33704	33334
32882	29270	33038	33713	34211
32917	31785	31881	33705	33415
32952	32213	29868	33725	33583
32987	33053	31596	33721	33656
33022	33886	30834	33717	33773
33057	36914	32212	33722	33956
33092	31667	31591	33699	33468
33127	49950	33341	33706	34019
33162	33567	32754	33699	33584
33197	38608	34325	33723	33767
33239	38678	33163	33714	33942
33288	33503	34813	33689	33750
33337	29187	33379	33712	33563
33379	31243	33704	33719	33235
33428	32540	35057	33722	33949
33477	33036	33975	33704	33216
33533	35705	34410	33727	34069
33589	31973	33532	33732	33825
33624	13024	33725	33729	33843
33659	37716	33241	33716	32992
33694	37688	32847	33719	33957
33729	37151	36581	33712	33712
33771	32843	34155	33717	34045
33806	29858	32786	33715	34152
33841	31271	31079	33693	33560
33876	33042	32530	33714	33180
33911	33218	31253	33706	34550
33960	33772	32138	33728	33439
34002	35968	32953	33729	33319
34051	31902	32119	33701	33863
34093	5320	33586	33706	33298
34135	36711	32980	33734	33109
34177	37693	35161	33725	34024
34219	35018	34431	33716	34330
34254	29472	33651	33716	34550
34289	29429	32927	33714	33177
34324	33563	34584	33732	33034
34359	34210	33829	33699	33329
34408	34750	35078	33704	33060
34443	36040	35516	33699	33127
34478	33412	36246	33714	33694
34513	31920	34450	33713	34105
34548	10843	33665	33709	34033
34583	37701	34420	33701	33950
34625	38875	35334	33733	33988
34667	37125	29340	33729	33725
34716	30045	32463	33715	33635
34758	30040	34629	33718	33020
34800	31510	34924	33707	34039
34849	32024	35509	33731	33035
34891	34737	33766	33712	33426
34933	31655	33453	33708	34115
34975	37127	35283	33721	33494
35010	29446	33609	33714	33070
35045	38417	33695	33723	33221
35080	38611	34182	33702	33204
35115	37392	34292	33710	33106
35150	32812	34120	33719	33327
35185	29382	32375	33717	33794
35227	32150	30639	33697	33960
35269	32861	33185	33708	33188
35304	33048	32808	33723	33292
35339	35093	34054	33728	33463
35374	33210	34819	33696	34089
35409	31748	33871	33717	33710
35444	14706	32626	33709	34145
35486	37256	33069	33723	33274
35521	38168	34375	33724	33780
35570	35650	34277	33730	33569
35633	29749	34724	33746	33704
35682	32258	33747	33708	33140
35731	32534	32729	33733	32997
35787	35230	34120	33723	33530
35836	33095	31079	33710	34175
35871	32611	32540	33701	33693
35906	1075	33025	33714	33258
35941	36807	34174	33712	33634
35976	37072	34702	33703	34425
36011	37035	35909	33717	33413
36053	32885	35256	33727	33976
36088	29801	36678	33705	34093
36144	32862	33966	33720	33574
36200	41692	34779	33718	33453
36249	38350	33755	33724	33835
36305	27588	33544	33737	33229
36354	3618	32354	33743	33381
36403	34211	32188	33733	34046
36438	35321	29937	33715	33951
36473	34141	32605	33700	33014
36515	30542	32590	33721	33189
36550	28845	31770	33726	34037
36592	32197	32776	33709	33130
36634	33324	32039	33719	34487
36676	33907	34197	33685	32981
36718	36710	27069	33691	33912
36753	32781	31447	33705	33284
36795	40511	36014	33708	33540
36830	39292	36345	33704	33327
36872	39744	37643	33713	33398
36907	39083	36357	33692	34187
36956	32997	34768	33713	33778
36998	29416	45284	33703	34334
37040	32002	35618	33719	33086
37096	32440	30567	33709	33811
37145	34998	29587	33709	33564
37187	32371	30850	33731	33909
37250	12299	30988	33700	33645
37306	37517	31429	33707	32969
37348	38000	33022	33712	34046
37383	34416	31540	33736	34586
37418	30344	33114	33727	34027
37453	30114	36032	33685	33387
37488	32230	34962	33703	33789
37523	32697	34571	33696	33889
37558	32696	34276	33720	33282
37593	33399	33804	33720	33292
37628	36825	33055	33717	33746
37663	30903	34565	33714	34214
37698	40391	33564	33697	33426
37733	31271	33731	33695	32836
37775	37423	35794	33718	33617
37810	37821	34038	33693	33838
37852	34312	33689	33736	33349
37894	30364	30554	33731	33182
37929	30492	34764	33722	33820
37964	31936	34143	33700	33479
38006	32417	33933	33696	33842
38041	32996	33510	33698	33975
38076	35522	34845	33695	33192
38111	33435	33996	33702	33080
38146	32354	30965	33711	33969
38181	26728	32597	33707	33134
38223	37537	30435	33718	33390
38258	38493	32848	33721	33545
38293	37180	33838	33707	33779
38328	33134	33873	33710	34168
38363	29331	32731	33720	33670
38398	31243	34615	33712	33714
38440	32229	33359	33708	34015
38489	32674	32786	33706	33356
38545	38151	32169	33714	33870
38580	32646	35799	33717	33311
38615	32070	34273	33716	33624
38650	12496	34156	33706	33614
38685	37856	33952	33720	33423
38720	38367	32518	33713	33487
38755	37078	24894	33697	33272
38790	33172	30713	33714	33603
38825	28471	35830	33719	33245
38860	30048	37859	33714	33564
38902	32033	36778	33707	34208
38937	32558	36265	33724	34178
38972	32977	35330	33737	33626
39007	36497	41164	33702	33863
39042	33100	34279	33711	33931
39084	31981	31718	33729	33848
39126	34594	30959	33722	33417
39161	37914	30750	33699	33728
39196	38298	29121	33732	34061
39238	34788	30696	33708	33856
39294	29333	31417	33737	33527
39343	31763	31402	33728	33918
39385	32624	36071	33708	33479
39420	33367	34235	33693	34205
39462	33308	31287	33725	32865
39497	36547	34417	33721	33816
39553	32016	34277	33719	33865
39609	35922	34653	33720	33251
39644	37781	33503	33710	33829
39679	37724	33143	33703	33878
39714	34544	34192	33728	33611
39749	31334	35295	33710	33357
39791	30863	33248	33714	34037
39826	32164	32883	33712	34046
39861	32845	33576	33710	33593
39896	33168	32767	33685	33637
39931	33623	35700	33688	33293
39966	37551	35461	33700	33900
40001	31628	32855	33719	34584
40036	44310	29789	33698	33381
40078	34835	34264	33714	33459
40120	38048	34365	33715	33329
40169	36744	33453	33713	33841
40218	31978	34203	33689	33356
40267	31132	31187	33709	33461
40309	33053	32630	33703	33284
40344	33207	34931	33728	33737
40379	33415	35366	33723	33749
40421	37689	34451	33740	33956
40456	31137	33072	33709	33730
40498	48758	31598	33724	33259
40540	36700	32888	33702	33789
40582	38962	33007	33726	33652
40624	37171	35326	33683	33467
40673	31015	33216	33717	33926
40708	28020	35258	33705	34044
40743	30280	33004	33715	33635
40778	31334	33276	33701	33315
40813	32134	33122	33710	33973
40848	34033	32481	33692	33577
40883	36396	33566	33710	33837
40918	31387	33697	33706	33308
40953	46257	32877	33737	33756
40988	35500	32136	33713	33509
41037	39007	33441	33693	33488
41079	37606	31237	33722	34457
41114	33683	35045	33726	33239
41163	29609	34796	33702	33927
41212	32197	34397	33701	33562
41254	32164	34587	33699	33529
41296	33119	33545	33697	33728
41338	37755	33955	33698	33798
41387	31148	34793	33718	33516
41443	31857	33261	33696	33843
41492	38331	34059	33711	33508
41548	36753	33716	33725	33845
41604	30296	32852	33711	33490
41639	30470	33124	33698	33693
41674	32033	33743	33705	33542
41716	32293	31274	33694	33544
41751	33212	31443	33702	33653
41786	35629	32997	33741	33774
41821	33389	34929	33711	34065
41863	29955	33829	33687	33797
41898	20286	33746	33715	33712
41933	36952	32979	33698	33783
41975	37918	32888	33729	33445
42010	36006	34018	33688	33561
42045	32686	33438	33694	33678
42080	30239	35249	33696	33620
42115	31804	31964	33705	33223
42150	32519	36112	33725	33276
42185	32643	34232	33687	33736
42220	33017	31405	33691	33383
42255	35075	34327	33712	33860
42290	35598	33448	33702	33734
42325	30917	32420	33726	33441
42360	50241	37046	33706	33991
42395	35615	34416	33719	33594
42430	38618	33612	33716	33603
42465	37830	34835	33729	33742
42500	34470	33608	33694	33763
42549	30363	34808	33719	33923
42584	31618	34358	33718	33932
42619	32547	32975	33701	33903
42654	32615	34258	33710	33788
42689	32764	34233	33707	33517
42724	36054	32697	33723	33491
42766	31002	33649	33729	33350
42801	32825	33168	33736	33755
42836	24854	34042	33700	33926
42871	38896	31665	33706	33769
42906	39156	33635	33714	33812
42941	37414	32752	33715	33558
42976	32695	32612	33717	33973
43011	28291	32477	33716	33521
43046	29991	34563	33715	33641
43081	31870	34189	33720	33409
43116	32033	36417	33722	33420
43158	33341	34703	33724	33746
43200	35078	32777	33711	33639
43242	31586	35900	33720	33660
43284	5498	31626	33716	33539
43319	37444	33098	33704	33545
43354	38817	33165	33721	33639
43396	37669	34037	33718	33351
43438	32180	32866	33719	33923
43473	29927	35027	33709	33857
43508	31564	36224	33698	33584
43543	32766	35117	33710	33743
43578	32871	32593	33725	33636
43620	33457	32781	33707	33918
43669	34913	33662	33726	33535
43704	31233	32366	33697	33693
43739	41183	33367	33717	33712
43774	35981	35079	33712	33643
43809	38009	34392	33705	33824
43844	37678	33616	33690	33270
43879	34290	34292	33703	33974
43921	29887	34318	33726	33829
43977	31827	34156	33721	33564
44012	32760	34291	33712	33490
44061	33032	33367	33734	33838
44096	34068	33829	33725	33877
44145	34371	33519	33731	33776
44187	31544	33661	33716	34101
44236	34526	32266	33710	33992
44271	37596	33524	33697	33760
44306	37757	33200	33721	33788
44341	35682	32606	33687	33236
44383	31929	35571	33719	33711
44418	29568	33601	33715	33599
44453	32846	31692	33705	33811
44488	32640	32915	33713	34034
44523	32898	33568	33727	33353
44558	33837	33610	33709	33869
44593	38014	35247	33714	33778
44628	31020	34414	33714	34175
44663	35154	33533	33733	33746
44698	27948	33182	33728	33328
44747	38378	34239	33726	33856
44796	37751	33123	33716	33362
44845	30924	36426	33729	33580
44880	28629	34084	33725	33947
44915	30920	33183	33707	33777
44950	32715	32973	33707	33756
44985	32376	34307	33709	33663
45020	33312	33389	33712	33390
45055	34863	33838	33716	33573
45104	33481	33897	33714	33239
45153	49316	35231	33720	33643
45202	36217	35455	33719	33707
45244	37897	32372	33724	33605
45300	35171	33643	33709	33585
45356	29373	34269	33722	33565
45405	31872	32204	33704	33528
45454	33022	36052	33725	33613
45489	33165	34757	33698	33769
45524	34002	33814	33721	33394
45566	37709	35172	33721	33445
45601	31782	34267	33688	33907
45636	30604	32102	33713	33851
45671	24520	34240	33721	33508
45720	38007	32894	33708	33680
45755	38283	32791	33734	33722
45790	35150	34051	33718	33639
45825	31210	33821	33709	33471
45860	29781	33259	33734	33614
45902	32020	34654	33714	33451
45930	32616	33719	33672	33476
45965	32813	33667	33692	33984
46000	33993	33643	33684	33652
46035	35745	34841	33698	33873
46070	34621	34688	33717	33375
46105	31457	34116	33730	33852
46140	30749	34284	33709	34057
46175	36580	33589	33718	33459
46210	38127	34133	33701	33335
46245	37519	33043	33712	33539
46287	33632	33701	33711	33671
46329	29611	32587	33714	33753
46378	32264	35123	33721	33368
46427	33069	32511	33709	33791
46462	33364	34979	33729	33559
46504	36035	34244	33732	33789
46546	31051	35077	33721	33523
46588	51510	34511	33704	33659
46630	35594	33526	33719	33433
46686	38451	31529	33707	33633
46728	35779	32568	33693	33887
46763	31935	32139	33707	33857
46798	28921	32549	33697	33646
46833	30775	34274	33716	33644
46868	32665	32667	33699	33446
46903	33775	33964	33707	33696
46931	33576	34139	33722	33723
46966	36058	32732	33727	33616
47001	34151	33616	33739	33572
47036	31763	33852	33709	33816
47071	6753	34046	33710	34099
47113	37362	35059	33697	33635
47162	37993	33836	33727	33556
47197	35537	33130	33716	33592
47232	31160	33264	33690	33908
47274	29735	34368	33710	33558
47309	31853	34956	33717	33628
47344	32882	34126	33710	33608
47379	33017	34148	33710	33688
47414	33845	33931	33734	33837
47449	38216	34457	33720	33784
47484	31815	34062	33721	33465
47519	30435	33222	33715	33605
47554	23189	31993	33706	33799
47589	37044	30858	33705	33487
47624	37777	31814	33726	33665
47659	37445	34276	33695	33862
47701	32644	33360	33721	33835
47750	30710	34669	33721	33671
47792	32475	34280	33725	33998
47834	32548	34124	33714	33688
47876	33408	34553	33732	33582
47911	35873	33950	33695	33628
47953	31419	29440	33700	33596
47995	50599	33221	33722	33782
48037	35041	33636	33708	33504
48079	38334	33401	33708	33779
48121	37508	33154	33706	33728
48184	30879	32741	33708	33905
48240	32306	33916	33724	33665
48282	32446	33183	33725	33752
48317	33307	34897	33727	33686
48366	38018	34600	33702	33441
48408	31611	34188	33708	33637
48471	16487	33679	33707	33576
48513	39091	32500	33719	33601
48555	38584	32254	33728	33563
48597	34428	33179	33696	33843
48639	28395	35041	33717	33470
48681	29833	33990	33720	33675
48723	30231	32910	33722	33572
48765	31803	32816	33692	33538
48807	37505	33894	33706	33495
48842	32138	34445	33715	33792
48884	46844	35272	33717	33697
48926	36831	33508	33705	33652
48982	39556	34630	33734	33737
49038	35231	33795	33698	33663
49080	29468	34024	33714	33598
49136	31849	34941	33705	33720
49178	32621	32286	33716	33734
49241	33353	32092	33689	33535
49297	31777	33193	33721	33639
49353	48323	34802	33717	33769
49409	37760	32558	33703	33671
49451	38122	34762	33718	33590
49493	34320	32477	33722	33585
49535	30460	33496	33709	33527
49591	31556	33935	33711	33789
49647	32760	34719	33718	33695
49703	33498	33209	33714	33751
49759	32485	34723	33702	33507
49822	36238	31855	33717	33655
49864	37555	32621	33715	33665
49913	38755	31803	33703	33608
49962	35536	33623	33698	33515
50018	29720	34189	33721	33912
50060	32618	34596	33715	33703
50102	33153	32323	33727	33583
50144	32951	34178	33707	33416
50200	37080	34343	33702	33518
50242	31313	31741	33738	33856
50284	28420	32828	33709	33613
50326	38853	35436	33703	33568
50368	38973	34974	33709	33412
50424	34792	36107	33701	33637
50487	29435	33362	33710	33553
50536	32068	34563	33719	33711
50592	32841	33008	33715	33598
50655	37433	32068	33711	33571
50704	30776	34541	33699	33530
50767	36021	35570	33715	33515
50830	38504	34193	33700	33783
50879	34665	33916	33709	33743
50914	29423	32118	33716	33522
50949	30201	34158	33730	33677
50984	31853	34641	33720	33640
51019	32592	34782	33716	33982
51054	33060	33439	33716	33597
51089	33378	32387	33709	33632
51124	38226	32820	33690	33760
51159	31503	32393	33701	33667
51194	32215	34508	33709	33833
51229	25644	34686	33719	33527
51264	37770	35884	33688	33556
51299	38634	33435	33715	33548
51334	36725	33156	33715	33369
51369	33125	35170	33716	33724
51404	30322	33713	33727	33614
51439	31441	32407	33703	33726
51474	32783	37445	33713	33689
51509	33021	37075	33714	33558
51551	33036	33561	33714	33745
51586	33492	31407	33721	33636
51635	34590	31994	33702	33845
51677	31595	32994	33709	33929
51726	31670	33119	33706	33659
51775	36731	31865	33709	33571
51810	37408	34009	33729	33685
51845	35258	42643	33701	33680
51887	30046	26722	33711	33948
51936	32158	27407	33711	33707
51978	33368	27155	33727	33697
52027	33663	28955	33718	33566
52069	35849	29477	33713	33764
52111	34280	33235	33706	33717
52160	45002	35484	33725	33744
52202	36238	35063	33729	33705
52244	38821	37219	33721	33694
52279	38595	34619	33711	33641
52314	35309	34399	33729	33625
52349	30970	34455	33726	33687
52384	29794	33927	33693	33583
52419	32058	33734	33706	33546
52454	31823	33346	33715	33795
52489	31985	32828	33717	33493
52538	37583	33939	33720	33789
52580	30962	32770	33711	33502
52615	49190	33813	33723	33274
52657	36613	33218	33704	33605
52699	37899	33770	33697	33654
52748	36616	31720	33718	33752
52790	32028	32711	33686	33723
52839	29806	32520	33702	33784
52895	32426	33818	33710	33649
52944	33154	39136	33696	33809
52979	35418	35213	33717	33685
53014	34111	29697	33730	33542
53063	33895	32247	33715	33524
53119	37147	30551	33710	33695
53154	37806	31009	33693	33716
53196	37587	32514	33719	33729
53231	32861	32700	33717	33781
53280	29912	36317	33714	33821
53329	32512	35027	33693	33625
53371	33442	33631	33719	33826
53406	33028	34202	33710	33722
53441	35809	36145	33716	33549
53476	34010	33781	33716	33606
53511	31628	33243	33724	33715
53546	20638	33122	33716	33733
53581	36997	33551	33737	33648
53616	37802	34664	33719	33274
53651	37943	32593	33701	33777
53686	34109	33175	33730	33950
53721	30452	34075	33709	33768
53756	30033	35924	33715	33856
53791	31634	34863	33710	33700
53833	33269	38409	33698	33695
53868	33053	37322	33708	33228
53903	37312	34272	33695	33410
53938	31280	36229	33724	33592
53973	30763	33745	33707	33755
54008	15804	31658	33698	33606
54043	38502	33170	33712	33831
54078	37968	30705	33704	33675
54120	36759	28814	33714	33610
54155	33141	29463	33739	33680
54190	28872	30657	33695	33966
54225	31330	31016	33711	33718
54260	32738	31499	33721	33566
54295	32785	33158	33722	33619
54330	34968	33996	33695	33857
54372	32954	33232	33699	33936
54407	31662	33327	33710	34031
54449	17447	35293	33689	33671
54491	40953	35713	33713	33883
54533	38872	34533	33699	33786
54568	35310	33202	33733	33784
54603	30244	33080	33713	33520
54652	29789	35000	33732	33566
54694	31650	35636	33718	33829
54729	32604	35941	33693	33654
54778	34373	33138	33718	33585
54820	33656	33251	33725	33840
54862	32300	33138	33723	33740
54911	35593	35292	33711	33573
54967	38640	33453	33718	33692
55016	36372	32370	33716	33720
55065	30104	32997	33729	33923
55114	30836	33353	33715	33714
55170	32835	32405	33730	33629
55226	33038	32731	33714	33731
55268	37636	21379	33730	33512
55303	32316	21516	33718	33670
55338	29942	30781	33699	33424
55373	23311	39665	33698	33735
55408	36485	46159	33701	33580
55464	37357	45270	33735	33656
55520	32469	39889	33713	33814
55569	30438	36065	33721	33544
55604	32179	32383	33708	33900
55639	32723	33236	33717	33442
55674	33335	31693	33721	33926
55709	34531	29450	33709	33585
55751	34842	28344	33701	33555
55793	32185	28761	33711	33901
55828	3654	28517	33694	33765
55863	37392	29546	33705	33479
55898	39210	30957	33732	33641
55940	37161	33979	33700	33434
55982	33144	32980	33720	33624
56031	30368	34175	33714	33700
56087	32302	34058	33720	33403
56136	32306	36144	33729	33469
56171	34861	33951	33704	33582
56213	31761	33460	33695	33802
56255	48571	34425	33694	33761
56297	35319	34594	33710	33854
56346	38458	32943	33726	33656
56409	34481	35654	33709	33517
56451	29419	33748	33729	33863
56493	30702	33046	33701	33707
56528	32212	34196	33722	33811
56570	32345	33267	33720	33573
56605	33612	33295	33732	33647
56640	36739	32830	33687	33584
56682	31756	33342	33714	33728
56724	9222	32705	33714	33948
56766	37958	31086	33715	33748
56808	38744	32805	33698	33750
56850	35630	33907	33718	33485
56885	31997	32771	33721	33513
56920	29250	34248	33715	33674
56969	31743	34186	33700	33755
57011	32280	34634	33689	33665
57046	32969	33107	33701	33764
57088	37466	34887	33710	33583
57123	31494	33608	33712	34008
57158	30401	33814	33714	33624
57193	24132	32885	33707	33669
57228	37430	33008	33709	33738
57263	37812	32959	33713	33725
57298	36757	32617	33713	33771
57333	33085	33771	33693	33595
57368	30652	34227	33702	33609
57410	32277	35312	33707	33453
57445	32697	33469	33710	33581
57480	32612	31628	33751	33517
57515	33225	31603	33721	33736
57550	37676	32684	33707	33549
57592	31187	34566	33711	33853
57627	46292	36675	33728	33630
57662	31806	34676	33689	33524
57697	37522	32964	33705	33760
57732	37695	33281	33716	33673
57774	35648	33814	33715	33739
57816	30773	32495	33734	33550
57851	30577	34786	33713	33822
57886	31842	33975	33736	33656
57921	32767	33219	33722	33693
57956	32911	31673	33714	33616
57991	34201	32523	33709	33427
58026	36596	33950	33711	33734
58061	31545	33644	33717	33639
58096	46244	34902	33690	33678
58131	35830	33744	33703	33567
58166	38732	32981	33703	33525
58201	38295	32806	33699	33680
58236	35405	34791	33718	33430
58271	32089	33112	33721	33670
58306	29590	33528	33727	33696
58341	31469	33576	33708	33848
58383	32074	33095	33707	33633
58425	33368	32832	33720	33855
58467	35225	32471	33719	33579
58509	31423	32603	33724	33988
58544	31103	32888	33713	33655
58579	13969	34774	33707	33870
58614	38323	33451	33725	33541
58649	38633	31325	33722	33564
58691	36349	35185	33705	33892
58726	31373	35580	33713	33723
58761	28748	35371	33718	33605
58796	31427	33218	33717	33709
58831	33252	32216	33709	33534
58866	33254	33600	33721	33776
58908	34499	34676	33712	33738
58950	36352	35575	33704	33640
58992	32437	33024	33723	33631
59034	46740	33671	33717	33611
59069	32748	34902	33709	33466
59104	37920	35597	33718	33537
59139	38376	32150	33720	33623
59174	35164	33413	33718	33820
59209	32072	33605	33711	33754
59244	29965	34195	33729	33539
59279	31175	34375	33724	33867
59314	32452	31993	33741	33744
59349	32992	34701	33713	33598
59384	33343	33932	33749	33597
59419	34488	33888	33735	33728
59454	36436	33211	33726	33861
59489	30937	33937	33710	33720
59524	45119	33303	33708	33692
59559	34646	33383	33720	33735
59594	37100	33465	33738	33677
59636	38138	33407	33704	33507
59671	34768	33980	33703	33767
59706	31151	34962	33700	33494
59748	31250	34727	33724	33729
59790	32664	34291	33722	33415
59825	32688	34002	33724	33716
59860	33105	33803	33723	33801
59902	34280	35257	33698	33529
59944	34864	32944	33718	33726
59979	31594	31699	33697	33564
60021	1737	34597	33683	33830
60063	37312	33537	33713	33774
60112	38051	33515	33704	33698
60147	35152	34976	33718	33389
60189	31414	32992	33714	33482
60231	30700	34991	33720	33702
60266	31775	33466	33726	33453
60301	30927	35523	33708	33534
60336	31343	32829	33715	33659
60378	35548	35050	33713	33667
60413	35002	31920	33727	33787
60448	32370	32066	33698	33650
60483	26267	33441	33704	33781
60525	38523	34810	33700	33596
60560	38870	33855	33706	33638
60595	37371	34140	33721	33793
60637	33123	34627	33721	33739
60672	29041	34172	33717	33659
60721	31905	34698	33725	33813
60770	32317	33907	33728	33458
60805	33079	34120	33727	33827
60840	35067	34954	33680	33551
60875	35612	32204	33716	33620
60910	30976	30903	33731	33674
60945	49225	33752	33718	33642
60980	35538	33262	33716	33773
61015	37757	34155	33710	33802
61050	37591	35146	33705	33563
61092	33689	33774	33720	33685
61127	30759	34412	33715	33548
61162	31293	34554	33705	33471
61204	32999	34677	33697	33526
61239	32589	35636	33723	33687
61281	32905	33048	33729	33659
61316	34986	33655	33713	33393
61358	32040	33936	33722	33617
61400	44640	32860	33710	33713
61449	35839	32333	33712	33514
61498	37859	33067	33690	33737
61533	36578	33086	33725	33645
61568	33660	35266	33700	33612
61603	31260	33729	33697	33509
61638	31492	31642	33712	33700
61680	32480	32806	33708	33491
61715	32674	33971	33695	33607
61750	32829	34091	33722	33604
61799	34360	33201	33702	33540
61841	31973	32130	33717	33643
61876	12320	34005	33693	34067
61911	37515	32751	33708	33724
61953	37565	32035	33694	33544
61988	37092	32956	33715	33611
62023	34516	33693	33711	33541
62058	30979	35933	33700	33617
62093	31938	35568	33702	33606
62128	31896	31973	33705	33593
62163	32721	36076	33729	33574
62205	35731	35198	33721	33549
62240	35663	34734	33711	33942
62275	31004	34255	33715	33722
62317	13072	34091	33723	33896
62366	39559	33101	33731	33559
62401	38735	33118	33707	33617
62443	35469	34841	33701	33754
62492	29028	31849	33720	33658
62527	29155	34894	33725	33715
62562	31262	33304	33724	33589
62597	32239	32639	33711	33665
62639	34268	35670	33694	33517
62674	36105	34702	33723	33842
62716	31723	31874	33700	33615
62751	45387	34015	33705	33663
62786	36961	34999	33698	33555
62821	38129	34655	33701	33643
62856	37919	34042	33715	33842
62891	34884	33652	33705	33839
62926	31434	34748	33717	33676
62961	30114	34036	33700	33712
62996	31189	33796	33714	33852
63031	31772	34555	33694	33746
63066	34136	36320	33713	33617
63101	34597	29757	33714	33701
63136	35611	33194	33720	33651
63171	30614	33856	33730	33737
63206	44523	36076	33713	33680
63255	37851	33877	33702	33767
63290	38308	36830	33707	33557
63325	37530	28566	33715	33713
63360	33276	32388	33719	33617
63395	31191	35515	33712	33755
63437	30736	36222	33722	33693
63493	32831	34170	33708	33797
63535	33592	36319	33717	33559
63584	34526	42320	33724	33617
63647	31953	36513	33713	33637
63710	34276	28198	33716	33720
63745	37313	29283	33715	33791
63780	38227	30555	33718	33808
63815	35276	29004	33720	33582
63850	32278	32705	33722	33639
63885	29853	33446	33726	33734
63927	31892	30728	33701	33596
63969	32634	32136	33715	33606
64011	34021	32760	33715	33566
64046	35484	36392	33715	33578
64088	31465	36583	33748	33571
64130	50780	37904	33700	33792
64165	33363	34187	33741	33507
64200	38317	33447	33736	33786
64249	38343	32904	33694	33777
64298	33362	33424	33711	33925
64333	29112	35590	33705	33867
64368	31013	34395	33705	33526
64403	32481	32445	33707	33445
64445	32178	32992	33710	33560
64480	32940	32270	33728	33727
64515	36789	33941	33706	33748
64550	30909	35324	33716	33719
64585	51897	34072	33685	33669
64620	34908	34854	33707	33598
64655	38017	33519	33722	33612
64690	38782	34763	33713	33328
64725	36570	33916	33710	33562
64760	32226	32907	33708	33630
64795	29532	33391	33724	33467
64830	30694	34372	33744	33652
64865	32316	35133	33716	33424
64907	32353	31806	33709	33875
64942	34231	34800	33732	33738
64984	37703	34957	33683	33742
65026	30558	32881	33713	33813
65061	48799	33111	33737	33801
65103	36108	34463	33721	33665
65145	38483	32849	33687	33600
65180	38150	33004	33714	33559
65215	34882	37112	33726	33578
65250	30114	34231	33714	33392
65292	30294	31365	33724	33832
65348	31732	33039	33696	33598
65404	32890	34074	33701	33613
65453	34896	32854	33702	33588
65495	34604	33968	33718	33715
65544	39561	32430	33726	33801
65586	33637	32355	33703	33440
65621	33855	32272	33723	33975
65656	39035	37319	33709	33488
65691	38578	34856	33707	33777
65726	33093	36131	33703	33847
65761	30741	33436	33706	33411
65803	32482	31117	33712	33621
65838	33064	32818	33723	33567
65880	32466	31652	33700	33661
65922	38670	32620	33721	33635
65957	46940	31287	33711	33695
65992	41804	33976	33713	33533
66048	44905	35194	33748	33577
66097	27517	32611	33716	33517
66146	30439	33325	33726	33719
66195	41945	34393	33712	33621
66251	14547	34281	33711	33905
66286	15110	34692	33698	33933
66321	26233	32242	33710	33638
66356	49864	34679	33719	33557
66412	43512	34756	33718	33773
66468	39426	32648	33699	33714
66503	35865	33797	33722	33514
66538	33540	33604	33730	33628
66580	31927	34126	33714	33751
66636	31130	33689	33724	33835
66692	31282	33554	33712	33579
66748	31882	33113	33711	33685
66804	32566	33500	33711	33503
66860	33203	31503	33706	33751
66909	33634	32366	33722	33269
66951	33920	34454	33711	33753
66986	34094	32777	33736	33826
67021	34204	34066	33711	33724
67056	34271	34786	33715	33617
67098	34295	33502	33726	33870
67133	34284	35018	33718	33632
67175	34243	31602	33753	33659
67210	34194	35100	33692	33677
67252	34119	31922	33724	33565
67287	34059	33266	33714	33620
67322	33996	32921	33717	33597
67364	33927	34289	33711	33676
67399	33873	35308	33718	33549
67441	33820	34454	33707	33861
67490	33762	33780	33744	33845
67532	33729	36030	33707	33652
67595	33693	35181	33721	33809
67644	33677	31886	33704	33826
67686	33663	32296	33721	33655
67735	33657	32106	33732	33590
67784	33653	33337	33715	33472
67826	33647	33044	33723	33670
67861	2158	34772	33713	33956
67903	43780	33318	33703	33791
67938	38829	34470	33701	33716
67973	35533	34373	33699	33728
68008	15128	33087	33716	34022
68043	8673	34952	33701	34017
68078	17731	34427	33711	33507
68113	24596	33326	33702	33625
68155	32682	35132	33737	33814
68197	39848	34562	33705	33654
68239	48805	34383	33690	33807
68274	51917	33758	33719	33873
68316	44777	34380	33678	33621
68351	46945	33882	33726	33509
68386	28403	33836	33720	33600
68428	45401	32678	33704	33803
68477	42679	33335	33698	33776
68512	36637	34516	33726	33818
68554	24255	33824	33726	33487
68589	25090	32814	33693	33748
68624	28385	32715	33719	33673
68659	28622	32669	33721	33775
68694	27595	31849	33714	33780
68729	29747	33317	33724	33710
68764	30733	31872	33709	33566
68806	32863	31170	33704	34083
68869	52677	33275	33733	33584
68918	38601	35872	33710	33557
68953	40153	32012	33733	33839
68988	43894	31311	33699	33427
69023	38009	34098	33693	33553
69058	23697	32853	33723	33981
69100	25801	33463	33728	33718
69156	31172	35520	33723	33704
69198	32230	32145	33707	33534
69233	33731	33064	33711	33753
69268	35187	32836	33693	33587
69310	40721	31100	33717	33901
69345	32034	32618	33719	33923
69380	52688	31478	33703	33760
69415	33145	32826	33729	33675
69450	41782	32362	33721	33666
69492	40718	34003	33710	33628
69534	36110	34388	33712	33446
69576	22876	34532	33685	33779
69611	25479	35339	33707	33503
69646	29496	34157	33686	33478
69695	32121	34632	33710	33578
69730	32797	33408	33709	33574
69765	34246	31966	33725	33551
69800	38140	33783	33732	33636
69835	32727	31995	33719	33639
69870	31749	32003	33726	33367
69905	24056	33159	33695	33525
69940	40228	32550	33700	33525
69975	39894	32684	33709	33651
70010	39942	33198	33719	33618
70052	29990	33912	33740	33600
70087	23244	34589	33713	33541
70122	27987	34650	33728	33809
70157	31137	31775	33714	33747
70192	33074	32174	33684	33722
70234	34190	32556	33715	33664
70276	38260	34414	33727	33691
70318	32647	36876	33699	33685
70353	38835	34625	33704	33630
70388	26467	33598	33705	33873
70423	39984	34123	33723	33934
70458	40184	34076	33701	33786
70493	39442	34511	33715	33969
70528	31335	31986	33721	33673
70563	24891	33873	33707	33930
70598	27399	35352	33725	33656
70633	30472	33526	33718	33939
70668	31472	33470	33693	33661
70710	32884	34090	33703	33723
70766	38667	35288	33709	33696
70815	31286	33623	33703	33942
70850	21743	34728	33734	33582
70892	39309	34481	33713	33563
70934	40397	33793	33702	33752
70969	39126	32063	33716	33599
71011	29518	33553	33717	33752
71046	24507	33426	33709	33644
71081	29153	33862	33723	33595
71116	31186	33580	33723	33507
71151	32336	35607	33723	33677
71186	33918	32982	33717	33973
71221	37201	31730	33739	33555
71256	34256	32132	33699	33669
71291	31679	33302	33724	33878
71326	20697	33496	33692	33530
71361	39298	34350	33689	33313
71396	40102	33508	33703	33743
71431	40791	34188	33699	33609
71473	32112	33454	33708	33753
71515	24337	33684	33703	33684
71557	28480	33416	33710	33474
71592	31884	34179	33705	33687
71634	33157	31684	33726	33521
71676	34247	30839	33694	33583
71711	38942	32641	33714	33579
71746	30914	33643	33714	33820
71788	46410	34706	33713	33609
71830	37674	33378	33719	33674
71872	38894	34995	33701	33501
71914	38881	33495	33709	33863
71956	31419	34896	33697	33488
71998	26780	32965	33729	33794
72033	28997	33795	33696	33654
72075	31705	32351	33702	33700
72131	33294	34935	33730	33503
72194	35744	32453	33693	33864
72236	31075	30897	33702	33640
72271	11711	34573	33699	33754
72327	37251	32805	33696	33848
72376	38486	33724	33709	33724
72418	33565	33530	33693	33842
72453	29499	34485	33706	33673
72495	31132	34063	33694	33795
72530	32719	34511	33692	33683
72565	32425	35276	33698	33848
72600	33809	34021	33717	33666
72635	38824	35138	33692	33503
72677	30073	31702	33704	33680
72712	51845	29434	33691	33477
72761	33772	33204	33728	33486
72796	36814	33245	33691	33459
72838	37749	32544	33714	33538
72880	33824	32099	33685	33652
72915	29972	32363	33719	33766
72950	30930	32053	33697	33837
72992	32099	33658	33711	33357
73027	33315	31815	33714	33581
73069	33684	35482	33702	33418
73111	36651	33831	33688	33675
73160	29792	33152	33710	33859
73216	33163	35573	33714	33543
73258	37059	34493	33707	33686
73300	37962	32496	33702	33640
73335	33776	31861	33683	33473
73370	29425	33402	33718	33590
73412	31513	33616	33725	33388
73447	32724	35109	33701	33595
73489	32442	33003	33730	33708
73531	34685	33793	33702	33626
73580	32657	31802	33709	33544
73615	30417	33479	33705	33418
73650	6973	33659	33693	33803
73706	37067	35117	33725	33618
73755	37513	32385	33695	33698
73797	35144	32827	33712	33730
73832	29715	33333	33707	33514
73867	30879	33776	33727	33884
73902	32136	33092	33731	33553
73937	33209	34914	33723	33528
73972	35066	32659	33714	33834
74007	34283	34586	33689	33878
74056	31303	32735	33715	33498
74098	31588	33821	33734	33492
74140	38129	35841	33715	33921
74175	38798	34361	33702	33807
74210	35515	34238	33704	33725
74245	32130	33242	33731	33737
74287	30396	32943	33698	33661
74322	32071	34332	33706	33702
74364	32305	33673	33698	33565
74406	37913	34479	33735	33681
74455	29311	32520	33715	33669
74490	51400	31642	33718	33699
74532	36433	33048	33716	33589
74574	38724	33527	33714	33723
74609	39025	34174	33697	33698
74644	34230	34211	33720	33671
74679	29399	34024	33705	33705
74714	30029	33821	33720	33458
74749	31467	31195	33724	33837
74791	31955	33951	33684	33849
74840	38030	32189	33730	33759
74889	29654	36244	33713	33517
74945	30140	33073	33703	33543
74994	39733	34053	33698	33805
75050	37934	34403	33704	33578
75092	31821	33661	33730	33705
75127	28803	33586	33738	33952
75162	30120	32747	33711	33621
75197	30403	33283	33718	33797
75232	30907	34906	33708	33645
75267	34332	32812	33687	33559
75309	32960	34068	33728	33684
75351	29786	32518	33712	33781
75386	15457	32752	33736	33654
75421	37613	32831	33724	33385
75463	42443	33378	33713	33593
75498	38157	32102	33711	33854
75540	31834	36260	33692	33551
75575	29713	34063	33712	33945
75610	30210	31340	33729	34145
75645	31990	33292	33710	34001
75680	32634	33055	33725	33422
75722	35584	36943	33741	33627
75778	31369	38526	33702	33217
75813	38222	35804	33712	33365
75848	26073	23069	33713	33736
75890	37770	30643	33681	33890
75925	38069	30206	33694	34181
75967	36003	31655	33700	33699
76023	28890	37373	33722	33352
76086	32895	39436	33726	33929
76128	32248	34485	33722	33892
76163	33905	31769	33696	33699
76205	34835	30055	33712	34375
76240	29462	30569	33693	34132
76282	4547	32940	33713	33651
76317	38320	30809	33725	33783
76359	41229	34171	33715	33459
76401	37850	38092	33618	33534
76450	28090	33759	33711	33939
76485	28320	28401	33707	33658
76527	31054	33792	33707	32851
76576	31746	31422	33705	33190
76625	34327	30837	33724	33565
76667	30016	24542	33721	33970
76702	28524	27118	33710	34269
76744	30890	32359	33710	33726
76786	38871	37363	33699	33835
76835	39193	36785	33706	33260
76877	35091	37231	33720	33684
76919	29428	36856	33649	33467
76954	30785	33854	33715	33561
76996	33074	36690	33691	33599
77045	33117	34347	33704	33855
77094	37369	34916	33685	33872
77143	29537	31235	33710	33460
77178	51495	34550	33692	33676
77220	33658	31661	33722	33679
77255	36358	35823	33626	33310
77297	38113	32966	33717	33614
77332	36070	34383	33717	33586
77367	30730	36107	33673	33837
77409	30620	33438	33724	33738
77444	32703	31253	33715	33938
77486	32022	31987	33654	33570
77528	34150	33655	33701	33720
77563	37625	42453	33704	33037
77612	31319	32885	33698	33504
77647	27923	30404	33712	33582
77689	30505	30381	33730	33896
77724	36755	30736	33732	34133
77759	38609	31695	33713	33864
77794	37125	34712	33743	33686
77829	32607	33220	33714	33929
77878	28318	34213	33710	33856
77920	32245	33233	33720	33889
77955	32970	36018	33722	33679
77997	33570	33722	33697	33570
78032	39195	33363	33723	33518
78074	30101	32450	33668	33554
78109	52539	37664	33729	33667
78151	36810	34775	33699	33605
78186	39456	33053	33689	33570
78228	39117	33478	33720	33579
78270	32864	33019	33706	33752
78312	26866	34140	33690	33767
78354	29783	35720	33691	33476
78389	31208	34155	33703	33887
78431	32643	32625	33711	33829
78466	37868	32972	33726	33756
78515	30031	33839	33748	33745
78550	52579	34083	33708	33584
78599	37747	32032	33729	33672
78641	39625	32532	33693	33779
78676	39458	33756	33689	33438
78718	32887	32980	33714	33678
78760	27338	30699	33733	34005
78816	32575	36088	33726	33334
78851	32529	33299	33701	33554
78886	32842	31542	33735	33930
78928	37516	33249	33707	33673
78970	29784	32870	33730	33732
79012	7473	33858	33709	34092
79047	36545	23533	33700	33731
79082	38627	33452	33709	33501
79117	39931	35005	33725	33526
79152	35359	38993	33690	33621
79187	29197	38430	33694	33732
79222	28814	36704	33725	33611
79257	31041	37383	33706	33802
79299	31665	32057	33718	34055
79334	33312	38352	33722	33745
79376	39012	36806	33706	33439
79411	31974	35705	33681	33249
79453	52077	33989	33709	33243
79495	33404	36877	33717	33779
79537	36990	27677	33732	34102
79572	38521	27465	33728	33965
79614	35016	19683	33708	34020
79649	28203	26084	33718	33621
79684	30439	34155	33731	33992
79726	33183	34418	33709	33710
79768	33341	48854	33704	33459
79817	37994	44427	33726	33230
79859	30395	35126	33695	33375
79894	28975	30203	33709	33630
79936	32229	28945	33702	33696
79971	38753	30456	33711	33788
80013	39471	30007	33709	33756
80048	36544	31833	33712	33918
80083	30596	44334	33708	33549
80125	28729	65535	33704	33841
80167	31002	17916	33720	33699
80202	31736	36294	33715	33888
80237	34621	22067	33740	33659
80272	37636	20829	33718	33539
80307	30508	21914	33740	33647
80342	52524	28575	33718	33561
80377	35039	30229	33721	33574
80419	39930	30364	33687	33577
80454	38531	36730	33702	33522
80489	35884	37495	33722	33698
80524	29195	38097	33691	33578
80566	29716	36445	33672	33431
80601	30970	35990	33728	33696
80636	32465	35536	33690	33803
80671	32648	25196	33692	33776
80713	37627	33931	33713	33793
80748	29831	35242	33695	33450
80790	52320	39565	33699	33611
80825	33104	38188	33719	33665
80860	38710	33429	33722	33407
80902	38789	35010	33698	33671
80937	33097	35488	33698	33878
80979	28000	33996	33704	33711
81014	28054	33973	33717	33925
81056	28103	33319	33726	33668
81091	27918	31953	33713	33757
81126	31652	32146	33713	33563
81161	36555	31383	33690	33576
81203	33534	41557	33718	33431
81245	13188	41009	33705	33908
81287	39262	29065	33725	33631
81329	43372	26366	33733	33739
81371	41399	24111	33719	33812
81406	36492	27146	33715	33552
81441	30432	29497	33739	33549
81483	31949	32911	33723	33755
81525	31517	32268	33708	33764
81567	31800	35171	33709	33684
81602	33380	34381	33745	33637
81637	26957	35477	33709	33681
81679	19320	34933	33720	34059
81714	33047	35706	33718	33943
81756	38360	35008	33690	33687
81798	36988	34958	33717	33564
81833	32711	34889	33718	33882
81875	28145	34201	33693	33728
81910	30372	34181	33690	33617
81945	31364	34335	33729	33740
81987	33255	33403	33684	33560
82022	37976	33210	33714	33626
82057	31305	33574	33722	33728
82099	52594	33611	33720	33542
82134	36219	33980	33728	33610
82169	39805	32660	33712	33393
82211	39830	32028	33720	33777
82246	36276	31856	33705	33786
82281	29253	36081	33696	33675
82316	29179	19299	33700	33405
82351	31447	19915	33688	33872
82393	32215	33480	33719	33506
82428	33683	41185	33704	33547
82463	38630	44272	33689	33639
82505	29895	45540	33724	33413
82540	52132	44213	33725	33760
82582	35107	49248	33699	33709
82617	38342	65535	33727	33868
82652	39986	32100	33713	33686
82694	34340	23063	33734	33545
82729	29162	20898	33687	33552
82764	29815	19498	33718	33696
82799	29970	18719	33735	33609
82834	30631	13838	33718	33724
82869	32825	12492	33670	33834
82904	37908	21841	33718	33586
82939	31874	34139	33737	33672
82974	30383	43283	33708	33687
83009	12151	47700	33723	33443
83044	36109	49341	33711	33541
83079	38828	37577	33707	33559
83114	38072	41079	33693	33806
83149	36183	40538	33714	33795
83184	31240	39063	33698	33781
83219	30199	33758	33743	33636
83261	33171	35514	33715	33636
83296	33443	34482	33699	33876
83331	37384	35128	33704	33607
83373	33421	31452	33716	33842
83408	28623	29269	33728	33474
83450	1063	29546	33708	34079
83492	36135	29450	33718	33750
83527	39497	30961	33724	33584
83569	37585	30461	33692	33850
83604	31898	34374	33700	34007
83639	29263	38243	33706	33831
83674	30417	35906	33688	33461
83716	32387	31972	33712	33306
83751	34314	32291	33711	33571
83793	37471	32966	33712	33666
83835	30803	31887	33698	33690
83884	23799	31528	33699	33484
83919	37658	31512	33695	33401
83961	38801	31947	33706	33650
83996	36018	33982	33688	33735
84038	31656	34569	33726	33896
84080	29654	36494	33700	33986
84122	30736	36054	33693	33796
84164	32048	35296	33719	33679
84206	35792	31572	33698	33461
84241	31220	28992	33729	33747
84276	30538	32265	33709	33765
84318	23658	32681	33713	33550
84353	34980	31575	33706	33654
84388	37911	33492	33707	33458
84423	37388	34851	33730	33752
84458	33810	35768	33709	33916
84500	29710	33533	33737	33856
