timestamp	ch1	ch2	ch3	ch4
0	36902	14861	32786	32596
64	41559	14203	32747	32660
224	12121	46988	32757	32660
352	8854	42178	32737	32606
480	10786	33948	32671	32639
576	46217	45574	32672	32717
704	39134	44655	32743	32662
800	36759	15026	32755	32645
896	17282	49950	32719	32666
1024	17005	47243	32766	32652
1120	51609	17193	32780	32710
1248	51611	26587	32684	32694
1376	45850	34883	32660	32714
1504	33493	41321	32736	32711
1632	21314	50099	32721	32660
1760	9269	52693	32722	32615
1888	10613	41880	32733	32598
2016	21611	43382	32703	32548
2112	41130	17704	32645	32686
2208	35092	35845	32738	32603
2304	28727	43115	32716	32686
2432	17752	37369	32723	32640
2560	11459	41391	32747	32599
2688	8276	45524	32736	32595
2784	51487	14993	32757	32747
2912	41401	18440	32768	32748
3040	32755	29626	32753	32738
3168	21260	40409	32746	32665
3296	13121	45081	32728	32639
3424	11500	51984	32723	32624
3584	51170	19186	32741	32741
3744	26277	48989	32638	32555
3904	23932	27016	32795	32696
4064	48806	24503	32723	32686
4192	51657	16180	32778	32704
4320	51621	13345	32768	32756
4416	16525	53559	32765	32549
4544	25777	44597	32627	32549
4672	36853	35834	32619	32619
4800	45712	27424	32735	32620
4928	51389	19152	32730	32699
5056	51729	15214	32767	32751
5184	51330	20372	32774	32711
5312	40788	16531	32802	32740
5440	34540	26292	32732	32662
5568	19688	33051	32720	32698
5696	13053	65502	32719	32589
5824	13038	47355	32718	32620
5952	15698	65506	32679	32599
6080	21689	45091	32653	32614
6208	32508	41608	32643	32608
6368	17053	25656	32757	32630
6496	9736	36227	32713	32680
6624	9673	42070	32735	32667
6752	13489	65506	32704	32608
6912	42418	12719	32754	32739
7104	27881	47586	32742	32692
7296	14148	37739	32741	32644
7456	51771	11214	32751	32683
7616	16505	50217	32714	32602
7744	24518	45374	32630	32564
7904	29110	29749	32740	32659
8096	13989	39383	32722	32628
8288	11145	65506	32705	32644
8512	42750	18012	32810	32733
8704	25652	31448	32762	32673
8896	13266	40299	32727	32646
9088	10782	47423	32755	32575
9312	45520	15403	32785	32787
9504	29832	46250	32723	32737
9696	12522	32004	32741	32637
9888	11675	47235	32723	32589
10080	19833	52594	32724	32617
10272	35757	32458	32606	32579
10464	47664	23653	32756	32656
10656	51753	14300	32815	32721
10880	18549	49166	32744	32621
11104	28353	27044	32749	32681
11328	51070	21616	32782	32756
11552	6572	49785	32733	32528
11776	40448	18600	32784	32735
12000	41549	32342	32620	32611
12224	8443	44987	32703	32571
12480	18221	48646	32757	32597
12736	36015	36801	32598	32595
12992	51640	18801	32775	32662
13248	51315	14597	32816	32765
13472	30432	43284	32599	32600
13728	49525	25524	32732	32757
13984	51731	14868	32728	32743
14240	38838	19894	32776	32760
14496	17465	32831	32747	32575
14752	7288	50220	32721	32648
15008	25287	45136	32649	32521
15264	44737	28648	32761	32686
15520	51781	14403	32755	32752
15776	42813	20212	32758	32696
16032	22847	31539	32751	32676
16288	10064	44310	32716	32483
16544	17998	46603	32683	32664
16800	40362	36857	32615	32645
17056	51725	19391	32745	32710
17344	18569	52837	32749	32580
17600	44249	36417	32626	32647
17888	10547	45144	32726	32648
18144	18335	65464	32708	32537
18432	22730	28924	32758	32700
18720	51700	14832	32790	32764
19008	23188	47574	32627	32624
19296	18697	39700	32730	32676
19552	9739	46955	32726	32575
19808	23595	50820	32744	32578
20128	45318	27032	32752	32657
20384	51795	14550	32771	32681
20640	40570	17841	32683	32715
20928	51762	29992	32761	32681
21184	51806	16044	32772	32720
21472	26911	48549	32649	32612
21728	51761	30847	32707	32667
22016	7114	47917	32723	32630
22272	26124	48966	32608	32553
22592	51769	25486	32747	32706
22880	11960	46374	32713	32587
23168	35260	22210	32763	32701
23456	51455	21525	32740	32710
23776	47555	14896	32795	32764
24064	43063	35275	32619	32656
24352	9410	42627	32714	32558
24672	24231	47437	32619	32554
24960	22527	32941	32756	32714
25248	51802	14930	32785	32769
25536	26351	45908	32658	32644
25824	12516	40188	32729	32636
26112	51156	13496	32777	32773
26400	31662	42639	32631	32656
26688	10973	45075	32749	32631
26976	49279	12992	32772	32765
27264	42169	39154	32618	32588
27584	51770	18390	32772	32731
27872	22905	65347	32660	32571
28192	51773	24224	32768	32711
28512	51792	13234	32808	32760
28800	28950	44176	32638	32592
29088	11707	36531	32735	32634
29408	16607	50804	32727	32581
29728	39879	38033	32605	32621
30048	51817	16693	32805	32713
30400	34170	47660	32664	32671
30752	10719	43329	32722	32596
31072	18231	49390	32715	32633
31424	22280	34843	32747	32622
31776	51519	12348	32791	32757
32096	30939	24979	32758	32685
32448	51813	15056	32791	32760
32768	41091	19743	32660	32755
33056	44962	29464	32745	32688
33376	51579	14644	32786	32801
33696	32224	24897	32727	32688
34016	11959	39060	32745	32601
34304	47899	17205	32779	32759
34624	18799	29960	32766	32652
34912	51766	16318	32768	32727
35232	35814	18332	32765	32718
35552	13172	38524	32724	32669
35840	51535	15002	32765	32746
36160	27706	29081	32754	32672
36480	5010	47038	32749	32544
36768	45930	19290	32764	32713
37088	17017	32958	32745	32609
37408	12131	50985	32741	32585
37728	33098	42491	32629	32658
38048	51749	20086	32715	32709
38368	45278	16626	32756	32722
38688	23181	39242	32777	32673
39008	9726	65502	32788	32608
39328	32025	42627	32635	32632
39680	10426	44100	32729	32582
40032	40798	16492	32749	32704
40384	50016	25732	32748	32706
40736	17509	48873	32743	32634
41120	51772	30190	32732	32689
41472	12981	48198	32718	32554
41824	27688	24549	32764	32677
42240	51782	14685	32795	32741
42624	26265	24558	32758	32681
42976	51817	15698	32810	32730
43328	30790	47166	32622	32668
43712	51799	18056	32769	32712
44096	38886	19253	32650	32699
44480	8419	43732	32717	32612
44864	22873	55170	32639	32596
45216	17446	35804	32771	32612
45600	17834	51333	32740	32601
45984	51825	29748	32728	32726
46400	17226	65501	32721	32591
46816	10145	32533	32736	32631
47328	25357	45750	32616	32629
47680	6286	37782	32730	32652
48064	19962	49646	32651	32600
48416	15862	31817	32715	32618
48800	13625	49530	32742	32630
49184	51788	29612	32765	32668
49568	50859	11653	32775	32689
49952	19544	31429	32754	32664
50336	12923	65455	32702	32562
50720	48791	36291	32623	32675
51104	51785	14745	32763	32750
51488	28923	49554	32724	32693
51872	5256	47582	32739	32588
52256	35413	41863	32633	32726
52640	51813	16669	32734	32736
53024	31784	21716	32760	32721
53408	11153	49490	32722	32580
53792	30174	46530	32645	32582
54176	51807	18992	32728	32686
54560	39248	17983	32674	32701
54944	11169	40575	32726	32623
55328	22409	41922	32633	32633
55712	51814	21537	32768	32741
56128	21829	44198	32644	32579
56512	51817	24517	32763	32683
56928	22066	48542	32628	32539
57344	14031	43013	32758	32595
57760	41059	29614	32656	32760
58176	51813	18023	32758	32703
58656	34719	40696	32616	32596
59104	51792	15081	32757	32754
59520	37348	38174	32614	32616
59936	12750	65214	32710	32608
60352	25673	29428	32771	32648
60800	10107	52203	32718	32583
61216	17219	29992	32739	32731
61664	18753	51220	32715	32651
62112	51828	22533	32770	32673
62592	26566	42054	32628	32620
63040	51818	15899	32763	32736
63520	43270	40147	32641	32601
63968	51681	15461	32772	32830
64416	19747	34703	32769	32633
64864	14815	65492	32719	32620
65312	51822	25129	32768	32689
65792	25438	42938	32631	32536
66240	51843	17092	32774	32679
66720	43283	38232	32753	32606
67168	51774	13856	32775	32743
67648	46377	28022	32617	32699
68128	22334	44023	32640	32633
68608	8123	47560	32701	32626
69088	32197	25661	32773	32686
69568	51820	15337	32775	32733
70048	51802	27487	32759	32706
70528	21841	59281	32629	32644
71008	8343	42615	32787	32672
71488	33050	20595	32767	32685
71968	51764	14555	32773	32827
72480	13789	38022	32716	32643
72992	27200	44757	32642	32600
73504	51845	16559	32779	32782
74048	47559	28639	32712	32607
74592	25832	47595	32637	32658
75136	9174	65498	32668	32571
75648	45880	29833	32628	32641
76192	25812	49010	32616	32600
76736	11693	47424	32708	32613
77248	45556	30725	32625	32639
77792	23862	44264	32646	32610
78336	6560	51018	32766	32557
78880	15546	30352	32766	32634
79424	37234	23539	32745	32763
80000	14028	49709	32705	32555
80512	51789	26356	32722	32716
81056	33854	44312	32636	32577
81600	13751	52440	32726	32547
82176	51808	21177	32741	32667
82784	48495	34654	32629	32640
83360	45229	19752	32791	32752
83904	51836	15672	32737	32747
84480	21823	39978	32751	32630
85056	28029	44969	32610	32556
85664	13098	51624	32736	32570
86240	51819	16688	32786	32680
86816	23938	33689	32753	32708
87392	27118	46374	32633	32595
87968	51809	15904	32792	32773
88576	51842	21104	32749	32722
89152	26552	31636	32744	32692
89760	44023	18545	32784	32797
90368	51450	15833	32775	32743
90944	7221	43113	32741	32622
91520	41201	39717	32623	32623
92096	45195	13506	32788	32786
92704	51848	14903	32788	32735
93280	17373	30091	32741	32639
93888	32656	25932	32764	32729
94464	15878	48826	32749	32649
95040	51818	16565	32740	32703
95648	51797	27661	32729	32735
96256	34504	42150	32640	32624
96864	14922	50173	32752	32500
97472	10552	46451	32741	32637
98112	51791	24505	32733	32703
98720	37351	38809	32638	32640
99328	22646	45731	32649	32590
99936	10436	51059	32764	32547
100544	5652	41925	32721	32649
101152	21946	29836	32774	32696
101760	38127	17788	32675	32757
102368	51701	15357	32790	32782
102976	51796	20229	32781	32710
103584	51774	32555	32616	32577
104192	27852	45110	32636	32618
104800	11946	65488	32712	32601
105376	51789	19637	32734	32693
105984	42765	32067	32614	32580
106560	41554	22096	32660	32709
107168	51656	14063	32754	32722
107744	13001	39154	32736	32676
108352	24725	33706	32777	32720
108928	9315	32091	32708	32632
109536	9133	44775	32728	32624
110112	47804	7987	32752	32675
110784	29817	19561	32777	32617
111360	30258	38887	32660	32730
111936	15186	50022	32713	32597
112512	36278	21896	32733	32553
113120	22013	35107	32686	32529
113696	51731	27336	32738	32461
114304	47657	11924	32812	32502
114880	31431	41334	32734	32486
115488	46541	25345	32671	32351
116096	51670	22247	32771	32350
117600	14325	48234	32698	32546
