timestamp	ch1	ch2	ch3	ch4
10	39439	21663	32721	21885
10	24745	32992	32715	32367
10	43756	28725	32674	32727
17	43258	32473	32702	32549
31	43538	28459	32707	31323
38	42392	32099	32694	32403
52	42205	30102	32696	32248
66	40694	24415	32718	33157
80	39804	21391	32736	32823
94	36599	25694	32678	32510
108	33430	24070	32661	32787
122	29155	27195	32659	33193
136	26658	31745	32668	32801
150	27916	32105	32697	33482
164	30601	29963	32694	32722
178	28535	38100	32746	32269
192	28999	43014	32716	32187
206	27222	39179	32690	32982
220	30047	36800	32723	33152
234	29632	40440	32725	31972
248	29211	38921	32715	34577
262	28689	31772	32678	33902
276	30801	33893	32684	32633
290	35325	38907	32681	30326
304	34694	33015	32717	32722
318	34670	29802	32720	33190
332	29457	36491	32686	32499
346	24183	28464	32728	31743
367	28811	25624	32661	31923
381	48126	24142	32719	31877
388	29710	33475	32738	31450
402	15	25510	32710	33261
416	37864	22289	32725	31826
430	39639	31572	32645	32906
444	39924	34065	32661	32512
458	40873	29562	32693	33164
472	40844	32400	32708	30285
486	38637	41597	32609	32363
500	46267	38985	32637	32218
514	45355	25554	32714	33190
528	30965	29069	32703	32253
549	27291	28414	32692	33094
563	27378	32624	32730	32949
577	25167	32870	32640	33198
591	27959	30240	32697	33022
605	29024	33419	32686	31467
619	30453	40124	32597	34339
640	29637	35747	32713	34688
654	29255	34568	32692	28972
675	30065	40465	32702	32734
689	30312	32136	32725	32929
703	32148	32767	32670	32615
717	31684	40990	32706	32937
731	30522	32588	32745	33158
745	33071	29594	32755	32761
759	36781	38285	32698	32681
773	36689	38909	32676	31970
794	32258	36615	32714	32838
808	26345	30930	32718	33212
822	27983	28450	32691	32582
843	51002	28512	32717	32681
864	776	24154	32727	32704
878	44722	29213	32718	32181
892	51526	34651	32711	32707
906	49103	29064	32734	32815
920	46041	22581	32691	32699
934	42818	31496	32652	32894
948	39853	32677	32731	32808
962	37342	27082	32711	33495
976	35246	33887	32703	32754
990	33495	65505	32686	32896
1004	32025	31032	32702	32652
1025	16663	31946	32739	33287
1046	14598	31418	32711	33203
1060	16511	46716	32724	32706
1074	22041	27803	32698	33149
1095	25074	20913	32705	32369
1109	26547	24233	32702	32538
1123	27916	27346	32708	32540
1137	28740	24894	32694	32631
1158	30325	31341	32673	32829
1172	30717	31097	32709	33077
1193	33705	28265	32690	32361
1207	37989	34914	32625	32696
1228	38979	32433	32756	32421
1249	31932	32529	32693	33175
1270	29869	32663	32692	32488
1291	51869	35773	32751	31783
1312	5682	36541	32739	32641
1333	38957	32546	32674	32135
1354	42355	36799	32694	32421
1375	44537	37013	32689	32209
1389	43122	29335	32632	32492
1403	42523	30513	32685	32124
1424	51484	31690	32701	32742
1445	48523	30024	32717	32853
1466	28356	25883	32691	33991
1487	25171	28674	32634	32565
1508	25492	33391	32678	32300
1529	26812	30639	32748	32560
1550	27582	30465	32712	33087
1571	27115	33083	32766	32652
1592	28420	34096	32729	31758
1613	27615	35314	32681	35513
1634	30537	36458	32729	35384
1655	35791	36026	32735	30876
1683	37503	33399	32749	32582
1704	30383	39717	32733	32880
1725	27860	40527	32737	32848
1746	45668	41972	32671	32200
1767	6289	35791	32675	32184
1788	38213	33825	32658	32109
1809	43286	32469	32645	32409
1837	42469	36276	32726	32852
1858	42048	36400	32703	32673
1879	42122	33358	32744	32565
1900	39346	37788	32696	32478
1921	33173	34358	32731	32201
1942	25340	34481	32695	32876
1963	25784	27235	32768	32994
1984	26774	31699	32649	32316
2005	28335	29393	32677	32880
2026	29477	30293	32689	32998
2047	28158	31597	32665	32786
2068	28498	33124	32693	32750
2089	35460	32089	32675	32566
2117	36702	36858	32727	31962
2138	27237	35338	32737	32941
2159	27014	33766	32658	32829
2180	51861	32538	32706	32666
2201	6574	32527	32698	32548
2222	37971	25107	32719	33066
2243	38042	29345	32683	32992
2271	41587	34685	32705	33080
2299	39171	29652	32727	32862
2320	37149	31519	32672	32569
2341	33851	33632	32694	32286
2362	29171	33094	32759	32366
2390	29434	31721	32631	32473
2411	30882	29621	32659	32884
2432	30406	32909	32642	33030
2460	31286	37026	32723	32098
2481	31964	38511	32771	32617
2509	37442	31182	32698	32500
2537	26245	35161	32697	32874
2558	25338	34419	32744	32556
2579	50715	39769	32772	32011
2607	7818	30155	32756	32870
2635	42087	34801	32695	32460
2656	43026	32467	32652	32586
2684	43337	27363	32691	32494
2705	34854	27186	32682	32943
2733	43081	37908	32709	32342
2754	27365	36624	32759	32310
2775	24419	37582	32679	32374
2796	25597	36178	32695	33034
2817	27043	36183	32707	32702
2838	27565	33797	32714	32553
2859	28027	29562	32650	33027
2880	28507	29618	32692	32889
2908	36298	38212	32698	32785
2929	33851	36510	32673	32542
2957	25400	31390	32725	32540
2985	41292	39458	32661	32303
3013	2522	33705	32724	32817
3041	40942	35545	32698	32578
3062	42426	36151	32667	32508
3090	50671	32223	32622	33233
3111	46369	31672	32763	32479
3132	41711	31254	32665	32030
3153	17196	28705	32716	33249
3174	21523	27092	32678	33323
3202	18913	34375	32727	32728
3223	23220	34462	32616	33148
3244	26992	33356	32777	32670
3272	25384	26606	32749	33228
3300	29178	36352	32708	32565
3328	31409	29841	32714	32463
3356	39222	39152	32674	32362
3384	28804	30465	32751	32218
3412	29172	38357	32675	32759
3440	3129	32817	32665	32602
3468	40695	33248	32699	32526
3489	41097	34246	32720	32697
3517	43080	34072	32605	32428
3545	42378	33259	32695	32824
3566	48450	37227	32685	32646
3587	45471	35398	32628	32435
3615	24041	29147	32767	33046
3643	22692	31478	32697	33155
3671	27434	32593	32715	30692
3692	28916	31276	32728	29936
3720	31391	33859	32691	30674
3741	29477	29936	32729	33623
3769	33476	30357	32751	33464
3797	30268	31829	32621	32611
3825	38511	38441	32754	32316
3853	34192	33656	32735	32426
3881	29199	41455	32712	32554
3909	51867	38371	32710	31954
3937	6362	37553	32689	32640
3965	43584	30742	32683	32614
3993	44488	35790	32656	32475
4028	41150	32705	32649	34289
4056	46547	36481	32677	32458
4084	25456	27877	32749	32325
4105	21475	27408	32716	33534
4126	20070	30615	32739	32618
4154	26161	35742	32706	33193
4182	26309	29755	32711	32029
4210	28716	35250	32695	31699
4238	27244	29634	32675	32732
4259	31762	29560	32661	33291
4294	31664	30660	32679	32783
4322	38634	37582	32692	32524
4350	32397	32691	32660	32444
4378	27961	34733	32666	32311
4406	35227	34545	32656	32234
4434	36267	29594	32713	32248
4462	42177	37151	32713	33027
4490	42932	28708	32729	32912
4511	43221	28437	32751	31865
4532	41121	29861	32676	33248
4560	33087	36048	32731	32281
4588	25480	30418	32690	32169
4616	25821	36647	32722	32885
4637	29246	36983	32698	31210
4658	30159	35986	32694	33631
4679	30822	32708	32682	32574
4700	31287	30994	32733	31363
4728	30108	32526	32701	32628
4756	35207	37167	32698	32215
4777	37949	33964	32728	32578
4805	31496	33061	32685	31206
4833	27539	32309	32706	31855
4861	51497	58934	32683	30429
4889	22753	33063	32733	32163
4917	40881	30537	32678	30682
4938	43156	29164	32683	32647
4987	39306	30210	32668	33251
5015	32893	28261	32747	31603
5043	28291	30113	32624	33078
5071	26116	22794	32731	32426
5099	27324	32677	32702	32838
5141	29678	35552	32720	33379
5176	29308	36314	32646	33409
5204	32104	33925	32706	32771
5232	32552	38545	32732	33001
5267	39034	30999	32726	31609
5302	30436	34582	32743	30263
5337	31997	34968	32704	32089
5379	33836	30465	32705	32192
5414	44289	33074	32681	32697
5442	41775	28798	32704	32984
5477	46705	29414	32697	32564
5512	15716	32866	32700	32864
5547	19924	34487	32657	33073
5582	25464	34033	32714	32578
5617	27997	29154	32716	32823
5652	31396	32386	32658	32078
5680	31520	33840	32690	32587
5715	33211	30838	32629	33269
5750	38245	29754	32663	32684
5778	37556	34292	32689	32671
5806	29386	31344	32710	32306
5841	51866	43597	32749	31938
5876	35071	35435	32645	32858
5904	44156	30632	32675	32260
5932	43806	33577	32707	32806
5967	47706	33593	32680	32382
6002	42029	26336	32715	32919
6037	20524	28956	32679	33545
6072	22015	35868	32686	33101
6100	25730	29164	32674	33322
6135	26452	33781	32719	32313
6170	29418	33546	32717	32663
6198	30340	32601	32679	32846
6233	33026	32086	32738	32733
6268	42697	37157	32647	31992
6303	28937	39534	32704	32967
6338	36956	36535	32616	32515
6380	33380	35146	32758	32773
6422	42887	33426	32709	32901
6450	39526	30070	32647	33038
6478	40998	36880	32696	32716
6513	32684	35573	32774	32408
6548	25006	29667	32637	33386
6583	28531	25259	32750	33097
6618	31829	34730	32700	32037
6653	33009	35186	32714	32667
6681	32059	28921	32679	32519
6716	37405	30584	32694	32350
6744	35559	32147	32758	32443
6779	27480	26078	32720	33625
6807	51603	35343	32678	32819
6835	24955	28029	32713	32538
6863	41579	30057	32659	32449
6891	43519	33031	32695	32203
6919	40733	39612	32717	32626
6940	41131	35002	32652	32346
6968	31960	32492	32648	32698
6996	24602	29267	32702	32949
7024	24321	37231	32664	31691
7052	26418	30191	32663	33279
7080	28976	37522	32644	32680
7108	28249	31650	32664	32242
7136	28638	36666	32729	32817
7157	35795	37618	32665	32692
7185	31345	30014	32737	33246
7213	26012	36643	32618	32666
7248	50991	34790	32692	32790
7269	9842	30493	32589	32629
7297	40798	34630	32725	32768
7325	41878	28176	32621	33106
7360	40288	26781	32656	32335
7395	32871	30761	32674	32424
7437	21635	26942	32703	31986
7479	23941	27939	32714	32197
7521	29168	34320	32682	33062
7556	27123	31667	32699	32690
7584	34770	35377	32663	33412
7619	40197	35787	32702	32538
7654	33331	31612	32712	32537
7689	33824	29918	32636	32470
7724	5661	31835	32746	32668
7759	42877	41129	32635	32275
7794	43836	32951	32691	32699
7843	38342	30724	32692	32761
7878	28611	33455	32652	32529
7906	20414	28766	32738	33338
7934	26309	35474	32705	32156
7969	28755	36845	32700	32863
7997	29174	31440	32695	32850
8032	30979	34212	32717	32230
8060	29709	30417	32767	32466
8088	40180	36762	32695	32671
8116	33175	27845	32701	32501
8144	28681	36093	32724	32585
8179	6569	35250	32707	32446
8207	38176	30391	32704	32566
8235	40805	30576	32683	33056
8263	41927	37778	32610	33087
8291	42402	31070	32689	32483
8326	22251	32093	32656	32876
8354	23405	31501	32764	32970
8382	21303	32174	32672	32531
8410	26308	31207	32693	32487
8438	28028	34906	32733	32454
8466	29151	32119	32687	32865
8494	29717	40657	32696	32372
8522	31302	31510	32689	32478
8557	36244	34305	32685	32826
8592	37534	40116	32685	32296
8627	28607	34630	32742	32552
8655	51851	36773	32700	31879
8690	36621	36689	32731	31882
8718	42598	25239	32769	32030
8746	42846	35636	32635	32943
8774	42691	26189	32688	32323
8802	29529	35195	32686	32818
8830	27412	28887	32738	33154
8858	18846	32576	32664	33068
8886	24053	34073	32631	32771
8914	25294	27784	32665	32808
8942	29192	38665	32705	31993
8970	29469	30693	32661	32708
8998	32582	37187	32653	32266
9026	33315	30595	32687	32159
9054	37220	37548	32713	32328
9082	38057	35521	32698	32845
9110	26369	35240	32708	32389
9138	30993	32249	32664	32785
9166	2851	28655	32690	33271
9194	39414	33362	32695	32251
9222	41477	27486	32743	32703
9250	40190	40358	32740	32759
9278	39494	29615	32740	32937
9306	35652	36629	32637	32629
9341	24098	28750	32754	32360
9376	26681	30901	32769	32123
9404	28768	38109	32719	32361
9432	29699	31880	32751	32670
9460	28054	34443	32692	32956
9488	30907	31956	32731	32686
9516	37535	31464	32672	32061
9544	31954	32446	32717	33092
9572	25028	27474	32730	32881
9600	51708	35304	32694	32610
9628	31520	24160	32703	32858
9656	41672	39454	32746	32811
9698	43040	36884	32739	32371
9733	38167	34660	32724	32201
9761	33259	29743	32639	32276
9796	26581	36282	32736	32622
9824	25385	31922	32688	33185
9852	29387	38082	32656	31429
9887	29034	33476	32576	32892
9915	30979	35473	32674	31527
9943	30203	36860	32701	32347
9971	33496	37667	32726	32685
10006	35186	37269	32662	32824
10034	27286	28421	32644	30597
10062	31838	38522	32694	30239
10090	594	32623	32710	32605
10118	41241	28020	32673	33043
10146	42347	34215	32739	32815
10174	47755	30682	32663	32881
10202	41847	36841	32686	31663
10230	36427	30111	32709	32544
10258	16403	38120	32674	32879
10286	15559	33129	32582	33301
10314	21724	37592	32679	33235
10342	26447	30733	32742	32247
10370	26233	34464	32731	32274
10398	31505	33702	32699	32822
10426	30589	31849	32738	32021
10454	37868	35942	32663	32107
10482	37977	30995	32710	33663
10510	29690	35975	32650	32811
10538	31214	31842	32686	31902
10566	7220	35724	32692	32983
10594	42119	32967	32749	31725
10622	41518	34958	32696	32283
10650	44933	33653	32753	32002
10678	43763	29340	32659	32811
10706	36824	39063	32671	32491
10734	26291	26790	32741	32753
10762	23334	36983	32770	32943
10790	30694	30791	32740	32601
10811	31387	27589	32736	33262
10839	32494	35398	32711	32526
10867	30747	34693	32736	32540
10895	31068	38591	32666	32792
10923	33554	32071	32685	32414
10951	31007	30324	32757	32754
10979	38517	33000	32710	32042
11007	26471	27403	32669	32930
11035	26109	35379	32679	32916
11056	48033	39431	32672	32005
11084	4482	28668	32706	32842
11112	40409	34718	32684	32556
11140	35555	33383	32714	32786
11168	9446	40053	32694	32021
11196	20033	34550	32710	32477
11217	28013	33264	32726	32508
11245	31484	38645	32668	32513
11273	35650	33401	32693	32763
11301	43506	33560	32688	32066
11329	47924	31188	32677	32903
11350	47179	33447	32710	33058
11378	44565	34845	32685	32242
11406	39697	34483	32723	32591
11434	35693	28302	32738	31735
11462	42801	36621	32735	32102
11490	38065	30583	32692	32501
11518	30619	35782	32727	32319
11539	35338	38099	32664	32907
11567	5819	30141	32742	33361
11588	40652	30865	32741	31126
11616	43301	36900	32714	31699
11644	39695	28428	32736	32848
11672	36172	33608	32697	32328
11700	33541	29482	32670	30679
11728	31591	30575	32666	31907
11756	9447	30883	32731	32881
11784	18266	29901	32708	30858
11819	20890	32236	32676	32273
11847	22730	34120	32710	31100
11875	26151	32748	32679	31873
11903	28609	35762	32703	32537
11924	42146	36204	32675	32200
11945	40839	32647	32659	33093
11973	23073	29096	32719	31995
12001	44185	39151	32669	31866
12029	37059	34781	32655	32041
12057	50860	31281	32714	32468
12085	45816	35983	32759	33508
12113	40248	31731	32706	32779
12134	37019	32428	32736	32796
12162	33811	38261	32702	33317
12183	19829	33230	32699	31215
12204	18991	30688	32691	32544
12232	23065	34526	32669	31700
12260	26154	35983	32693	31845
12288	24578	29739	32684	32486
12316	29863	34983	32748	32309
12344	30382	27713	32769	32969
12372	32385	33120	32710	32750
12400	37244	30580	32659	32359
12428	36641	35929	32689	31626
12456	29824	30647	32688	33275
12484	38081	34913	32634	31883
12512	7394	35798	32761	33751
12540	43508	31243	32706	30372
12568	44764	39673	32694	32372
12596	42572	29345	32763	31837
12624	50390	38708	32659	31578
12652	28026	28008	32684	32425
12673	21460	29681	32684	32548
12701	18592	31327	32678	32195
12729	24818	28604	32811	33591
12757	28071	36685	32665	32582
12785	27693	34774	32735	32003
12813	31314	32222	32820	32746
12841	35463	35608	32661	32788
12869	36400	26554	32664	33330
12897	40691	36808	32734	32802
12925	46128	29925	32707	32934
12946	38758	31006	32693	32937
12974	33511	33644	32707	33292
13002	51839	31670	32668	31321
13030	19177	37103	32698	31439
13058	42605	31399	32661	32299
13086	41198	32453	32736	33089
13114	36655	31614	32702	32901
13142	35378	28944	32721	32655
13170	28976	35094	32696	31874
13198	19627	27553	32662	32518
13226	22295	31450	32767	33183
13254	27078	35292	32698	31669
13282	31300	40314	32682	33465
13310	34771	34614	32700	32622
13338	36519	32803	32729	33470
13366	31876	38375	32711	32526
13394	30517	28098	32685	32526
13422	36554	33450	32674	33044
13450	26519	25568	32646	32891
13478	27129	34549	32618	32605
13506	37994	27014	32704	31933
13534	34312	32462	32688	32399
13562	41016	31647	32696	32266
13590	42022	23701	32740	32948
13618	41299	26467	32730	32229
13646	36445	30083	32678	32863
13674	32803	35916	32687	33820
13702	23586	35962	32727	32683
13730	28283	43457	32717	33053
13758	29629	31405	32637	32790
13786	30642	34389	32696	32275
13814	30561	33112	32688	32390
13849	32747	37375	32700	33638
13877	40974	30139	32650	31873
13905	31551	38241	32709	32954
13933	27897	28635	32656	32851
13961	51813	41170	32596	31841
13989	32618	28745	32712	32701
14017	41850	33865	32690	33106
14045	41471	32843	32730	32253
14073	40222	28270	32701	32551
14101	36729	33070	32710	33062
14136	27817	35013	32712	33138
14164	23501	29268	32678	32965
14199	31573	33132	32627	32092
14227	29420	28104	32675	32763
14262	30600	26170	32683	32849
14290	30259	33843	32713	32600
14318	31857	30404	32688	33025
14346	30710	33945	32679	32140
14374	38425	37609	32699	32048
14402	28010	29768	32708	32481
14430	29185	37433	32665	32457
14458	50447	28631	32727	33050
14486	38057	31548	32632	32677
14514	40641	28652	32678	32876
14542	39235	37350	32693	32516
14570	49176	33700	32741	32578
14598	21465	31299	32741	33455
14626	25631	35274	32719	31903
14654	17286	31669	32709	32104
14682	23009	39571	32684	32625
14710	25340	28918	32690	32465
14738	29223	41335	32701	32536
14766	31278	32729	32729	32338
14794	31399	36716	32713	32590
14822	36940	34269	32624	32155
14850	39792	32719	32616	33490
14878	40698	33581	32722	32333
14906	28946	29697	32718	32503
14934	30129	36193	32707	32568
14962	3533	31619	32702	32587
14983	36360	28836	32704	33217
15011	39819	38153	32706	31911
15039	39904	26517	32661	32746
15067	39652	38009	32709	32519
15095	36170	31739	32717	32261
15123	28841	28811	32668	32750
15158	21145	26984	32609	33150
15186	29423	37219	32651	32845
15214	30534	29243	32663	32771
15249	31526	30815	32637	32122
15277	32705	29469	32656	32626
15305	33950	35048	32642	32421
15333	37947	33788	32649	32710
15361	33924	36394	32676	33004
15389	27048	31417	32699	33093
15417	51860	44372	32704	32444
15445	16085	29172	32718	32934
15473	41547	34213	32689	33000
15501	43485	32930	32693	32567
15529	42036	33459	32684	32493
15557	38880	38232	32681	32403
15585	32979	29136	32695	32774
15613	25020	38666	32658	32774
15641	24995	28488	32736	32609
15669	28454	33859	32652	32211
15697	27248	29809	32705	32928
15725	28382	37276	32677	32830
15753	28637	33458	32728	32365
15781	35327	30888	32687	32414
15816	29474	31387	32715	32960
15851	27995	29402	32664	32881
15879	15482	37209	32704	32696
15907	38231	35990	32681	32738
15935	40782	28564	32663	32990
15963	41594	38975	32701	32630
15991	39069	24516	32587	32526
16019	35856	34993	32697	32071
16047	28155	25065	32664	32516
16075	21629	32252	32680	32681
16103	27346	34058	32649	32704
16131	28746	32814	32800	32437
16152	29034	35555	32704	33619
16180	32366	31506	32739	31968
16208	31392	33680	32676	33361
16236	35014	35501	32690	32299
16264	36711	32001	32666	33065
16292	36164	37040	32708	32482
16320	28939	31099	32623	32620
16348	51841	42689	32654	32237
16376	24124	32256	32726	32000
16411	43776	33611	32652	31845
16439	42214	29095	32685	33156
16474	45840	27741	32736	32751
16502	24290	38869	32688	32298
16530	20431	32907	32694	32828
16558	16151	26738	32577	32625
16586	24728	31375	32695	31737
16614	27200	30977	32690	32439
16642	20121	35093	32646	32901
16663	26842	36578	32661	31959
16691	27136	28894	32750	32420
16719	35966	37642	32756	32504
16747	34003	31215	32782	32657
16775	43088	35961	32739	33062
16803	37625	29127	32757	32342
16831	39224	32523	32652	32747
16859	12840	32159	32735	32751
16887	45662	26812	32733	32667
16915	50770	38081	32657	32641
16943	49334	29427	32671	32939
16971	43582	38254	32697	32333
16999	39000	26607	32723	33383
17027	35356	33658	32672	32332
17055	19776	29153	32724	32236
17090	19947	34923	32738	33191
17118	20165	25867	32677	32401
17146	21775	37766	32737	33039
17174	22047	32653	32735	33029
17202	20388	39592	32709	32845
17223	22211	39773	32674	32867
17251	32835	32869	32722	33130
17279	25609	38158	32743	31797
17314	25717	33283	32751	32136
17342	9234	34285	32678	32956
17370	36328	26304	32721	33176
17398	43911	35619	32672	33021
17426	43019	28461	32658	32355
17454	40543	65507	32651	32498
17482	40267	30978	32694	32654
17510	30582	29909	32656	32631
17538	30132	33050	32735	31961
17566	33221	47363	32701	32333
17594	34993	33427	32682	33127
17622	31989	47568	32703	32602
17650	33653	34707	32709	33327
17671	37885	35407	32717	32203
17692	37630	24578	32729	32821
17720	32884	32194	32679	32297
17748	31376	33898	32655	33458
17783	3434	27467	32691	33347
17811	45784	29453	32672	32520
17839	44298	31530	32698	32050
17867	44997	25032	32724	32608
17895	40642	47393	32676	34271
17923	37147	20772	32648	32211
17951	10397	24628	32687	33671
17979	20072	33098	32686	34448
18007	24113	26388	32685	31942
18042	26858	32012	32677	31882
18070	23936	30322	32670	32129
18098	39490	41890	32717	32229
18126	20187	30472	32774	32996
18154	18657	34717	32723	32545
18182	43349	28984	32745	32296
18210	34150	35193	32687	32456
18238	43386	33134	32734	32904
18266	50718	32576	32657	32585
18294	44924	40678	32633	32488
18322	39248	32402	32749	32690
18350	35052	38557	32722	32931
18378	14460	27343	32686	32923
18406	20395	33402	32752	32619
18434	26684	31499	32727	32112
18462	27791	35766	32721	32080
18490	30406	28818	32706	32005
18518	33917	32676	32734	32555
18546	38046	35864	32784	33376
18574	28573	30866	32729	33163
18602	49330	39848	32676	32114
18630	8153	29892	32718	33249
18658	43706	34109	32718	32342
18686	46617	31229	32681	32058
18714	51856	34271	32678	31759
18742	47848	37627	32730	32983
18770	40990	27516	32742	33036
18798	19718	33841	32729	32845
18826	19690	26299	32658	32871
18854	24478	39692	32766	32935
18882	28827	30738	32701	33271
18910	26950	35545	32679	33107
18938	30050	29189	32715	31766
18973	33028	36301	32697	32844
19001	36633	29685	32677	32782
19029	38361	38351	32713	32706
19057	27564	29161	32730	32100
19085	32726	36081	32695	32858
19113	4894	31138	32693	32758
19141	41366	32636	32704	33303
19176	42499	26378	32669	33031
19204	44572	38294	32642	32236
19232	49692	27407	32680	33310
19260	45551	38036	32683	32568
19295	15543	29865	32674	32360
19330	22143	29050	32686	32641
19365	28627	33116	32692	32456
19400	32265	39792	32678	32362
19435	33018	38329	32730	32673
19470	33689	32950	32702	32460
19498	34436	34906	32636	32264
19533	39951	38456	32694	32170
19568	33686	34813	32752	31985
19603	28993	31768	32749	32285
19631	1761	37086	32716	33018
19659	40152	30362	32686	33467
19687	42031	32569	32628	32124
19722	40809	26307	32797	37365
19757	45840	23064	32693	32542
19792	24990	28301	32688	31982
19827	21661	35412	32683	32772
19862	27079	38207	32656	32574
19890	28619	33176	32676	33018
19918	27922	36816	32654	33457
19953	30308	32722	32705	33427
19988	31617	31383	32706	32793
20016	33896	37459	32683	32672
20044	37169	29488	32763	33003
20072	38896	31729	32680	32622
20100	33276	31062	32671	32310
20135	34520	33178	32679	31908
20170	14424	31697	32685	32850
20198	39534	32624	32718	32245
20226	41351	34399	32697	32777
20254	40940	38944	32704	31992
20289	38617	37671	32704	31869
20317	28103	31752	32715	32820
20345	21949	32070	32612	32725
20373	25054	30858	32671	33010
20408	30750	37349	32648	32841
20429	32096	35199	32707	32904
20464	30603	37066	32677	33101
20499	31933	34423	32634	32903
20534	31707	32971	32681	32278
20569	41921	29226	32776	32608
20597	32302	32286	32701	32802
20625	29292	32396	32669	33265
20660	5425	31633	32718	33261
20695	38231	34888	32689	33172
20730	40019	31590	32750	33783
20765	40908	29657	32687	32991
20800	36180	27815	32653	33145
20835	28028	34574	32677	33075
20870	25315	36234	32756	32860
20898	28006	33196	32712	32628
20933	30233	32639	32624	33383
20961	28935	29599	32665	32557
20989	31772	38495	32725	32462
21024	35583	35118	32643	32779
21059	31668	30468	32761	32470
21094	29433	32120	32762	31781
21129	636	31196	32684	32912
21164	40610	34223	32671	32406
21192	41342	26394	32680	33270
21227	41428	32705	32713	32559
21255	38676	29983	32656	32715
21283	30747	38075	32781	32559
21311	22281	29873	32694	32342
21346	25766	32681	32718	33020
21374	27047	35737	32662	32337
21402	28553	33514	32706	32986
21430	28837	32149	32683	33128
21465	29579	29986	32730	32630
21500	33638	35263	32679	31910
21528	38559	32999	32754	33313
21556	30779	36653	32677	32129
21584	28730	28671	32697	33132
21619	1541	33361	32738	32648
21654	40813	30049	32670	31994
21689	42830	36477	32663	32373
21724	40701	36639	32648	32275
21752	46405	30662	32699	32478
21780	26544	33765	32609	32549
21815	21426	27448	32696	32873
21843	27649	35165	32691	32652
21878	27700	33207	32712	33211
21913	30278	30661	32756	32263
21948	32252	30309	32734	32159
21983	35161	35157	32655	32436
22018	40155	40576	32657	32116
22046	29025	26865	32709	32819
22081	36584	37771	32682	32907
22116	22450	38419	32746	32440
22151	39826	38024	32762	32548
22186	39314	33522	32793	32453
22214	41813	39408	32713	31930
22242	34870	32423	32710	33001
22277	26217	28493	32723	32998
22312	26374	36411	32748	32431
22347	29738	35104	32714	32632
22382	30273	33143	32688	32540
22417	31199	29991	32710	32120
22452	34086	29110	32666	32013
22487	38753	35717	32695	32308
22515	33284	27375	32736	32812
22543	30073	36244	32640	32677
22578	36885	38047	32616	32393
22606	36781	30870	32680	32306
22641	41206	37520	32718	32453
22676	41173	37565	32669	32016
22711	37997	30803	32723	33656
22739	32735	35094	32696	32787
22767	22105	29804	32739	31764
22802	23698	31186	32743	33161
22830	27935	38360	32673	32184
22858	29629	32110	32718	34720
22893	33067	27535	32693	29863
22921	30627	27103	32640	35721
22949	31518	35074	32652	34003
22977	40162	26356	32673	28404
23005	29782	32231	32663	32325
23040	27075	27818	32664	30544
23068	6580	25988	32753	33850
23096	35568	47363	32715	34625
23124	42081	37137	32711	30610
23152	41397	26829	32719	30559
23180	42234	35533	32651	33280
23208	38668	29884	32727	33039
23236	29804	36153	32690	32261
23271	24341	27887	32753	33991
23306	28981	31899	32719	31442
23341	30295	39043	32717	32906
23369	29434	31808	32670	33752
23404	31541	29805	32736	32770
23432	39435	37966	32689	32702
23460	32185	33941	32646	32726
23488	27322	33501	32749	33658
23523	1835	32297	32665	32443
23551	38825	35993	32667	32522
23579	41084	28033	32702	32762
23607	40985	36520	32665	32950
23635	39270	33357	32728	32420
23663	33964	31566	32691	32716
23691	28832	33404	32731	32462
23726	27272	35497	32666	32396
23754	29148	28850	32682	33001
23782	29443	34232	32733	32356
23817	30086	33995	32781	32065
23845	31006	38838	32745	32561
23873	34630	31859	32732	32475
23901	38187	35458	32655	32168
23929	25340	31278	32764	32415
23957	28144	36879	32646	32797
23985	11	31479	32703	33037
24013	37820	31955	32767	32744
24041	41051	31698	32666	32371
24069	38873	33144	32697	32503
24097	40426	35130	32668	33210
24125	33914	30455	32661	31946
24153	28630	32632	32716	33236
24181	21849	29097	32625	32347
24209	29247	34566	32677	32753
24237	28616	29932	32675	32064
24265	29786	34712	32593	32420
24300	30492	31040	32744	32733
24328	32770	36336	32677	32726
24356	38145	28432	32750	32588
24391	37450	30099	32687	32805
24419	26982	32655	32734	33297
24447	51861	44635	32625	31612
24475	8454	29613	32608	32779
24503	42735	33279	32742	32695
24531	41018	26994	32757	32814
24559	41547	37184	32708	32440
24587	38664	31721	32674	32233
24615	31432	34638	32705	32821
24643	26053	32013	32674	32270
24678	26581	35558	32665	31858
24706	26558	28741	32685	32658
24734	31292	38461	32685	32063
24769	29826	30550	32737	32934
24797	32122	36579	32728	32101
24825	31133	32282	32755	32701
24853	34698	39166	32721	32549
24881	40392	29118	32672	32927
24909	30293	34713	32659	32713
24944	29200	30707	32738	32667
24972	1492	32992	32746	32836
25007	41437	35385	32683	33048
25035	41170	27855	32765	32936
25070	41991	31315	32659	33090
25098	36368	31121	32752	32787
25126	30243	37382	32679	32780
25154	19733	28934	32715	32408
25182	26157	37111	32697	31621
25210	26133	27175	32742	32267
25238	29633	36862	32752	33039
25266	29167	32022	32790	32611
25294	28908	35754	32670	32891
25322	33507	34304	32702	32553
25357	34264	37724	32680	32811
25385	36688	29311	32695	32223
25413	38201	35725	32720	32499
25448	27038	30057	32705	32262
25483	36356	31366	32655	33047
25511	36497	38353	32706	32380
25539	40284	28491	32691	32712
25567	42791	36295	32713	32765
25595	41551	34446	32789	32520
25623	39140	31313	32662	33032
25651	32851	31781	32715	31890
25686	24787	35696	32704	32831
25707	26991	37988	32688	32126
25742	29043	34020	32641	33135
25770	30214	34383	32688	32306
25798	29623	31727	32583	32611
25833	30464	28339	32731	32701
25861	37863	37550	32672	32491
25889	37783	30051	32710	32311
25917	27260	38187	32720	33000
25945	32076	34855	32725	32875
25973	3779	33912	32714	32444
26001	40375	32948	32674	33018
26029	40872	28069	32722	32886
26057	42547	35593	32743	32121
26085	38434	30017	32729	32688
26113	35087	38578	32708	33147
26141	25558	30334	32718	33255
26169	23280	31853	32706	32570
26197	28236	29274	32720	33030
26232	29408	34795	32728	32359
26260	29050	30629	32697	32300
26288	31884	38480	32780	32825
26323	33020	34827	32703	32547
26358	35870	31034	32738	33239
26407	29301	32856	32718	32671
26435	14806	32169	32688	33185
26463	37900	38266	32669	32465
26498	40645	35194	32681	32928
26526	40772	33367	32654	32559
26561	28361	40538	32688	32548
26596	27671	65509	32718	32588
26631	19487	27557	32710	32916
26666	23653	30407	32701	32883
26694	26584	65505	32663	32823
26722	29633	29309	32772	33186
26750	29832	35173	32639	32567
26778	32881	31366	32686	31806
26813	34279	35094	32704	32815
26841	37523	28999	32760	32118
26869	34457	35081	32716	32454
26904	28821	32131	32721	32496
26939	434	31659	32765	33041
26974	41007	27030	32688	33118
27009	41990	36140	32707	32232
27044	41983	41235	32693	32628
27072	30051	29687	32722	32570
27107	25908	34311	32742	32530
27135	18403	33167	32677	32627
27163	26779	35137	32664	32367
27198	30104	38065	32645	33096
27233	27980	32082	32679	32760
27268	30697	30900	32658	32585
27296	31868	37207	32710	32791
27324	31994	31061	32754	32094
27352	39501	36352	32683	32285
27387	30924	30423	32648	32695
27415	29780	35993	32764	31920
27443	30792	21695	32689	33589
27478	37412	28561	32660	32407
27506	40679	30817	32641	32857
27534	42994	35963	32638	32415
27569	42652	41119	32745	33037
27597	33034	30504	32688	33039
27632	24905	32655	32711	32190
27667	26726	38311	32746	32719
27702	27399	37878	32683	32951
27730	28943	31414	32695	32738
27758	30350	33573	32654	32662
27786	33893	34576	32719	32792
27821	37620	37430	32637	32940
27856	30311	32755	32707	31961
27891	27375	30979	32767	32898
27926	643	32460	32739	33008
27961	41363	34265	32717	32445
27989	39395	26894	32694	32868
28017	41063	33977	32629	32277
28045	37069	24772	32744	33151
28080	30669	28909	32743	32514
28108	21630	30044	32723	32975
28136	26743	29503	32712	32780
28164	27341	31845	32715	32790
28192	32093	33113	32743	32334
28227	30834	38685	32714	32806
28255	31552	30996	32660	32444
28290	40035	39214	32723	32257
28325	27736	40535	32669	32626
28353	28674	27846	32687	32383
28388	2893	32276	32666	32528
28423	42655	32752	32695	32732
28458	41551	35562	32732	32284
28486	42061	35133	32687	32461
28514	38854	32492	32670	32683
28549	28790	29094	32700	32271
28584	24706	30822	32685	32849
28619	28974	36826	32699	31724
28654	31116	37521	32708	32627
28689	29332	31490	32751	32320
28724	30654	30351	32698	32276
28759	33954	30765	32710	33095
28794	39501	37881	32744	32812
28829	28422	36929	32670	31933
28864	37043	32563	32672	32450
28899	20093	27280	32610	31986
28934	40718	30097	32763	31879
28969	42611	37126	32665	32111
28997	41408	29864	32687	32539
29032	33019	28790	32771	32705
29067	23555	29982	32687	32872
29095	21742	29885	32702	33172
29123	30950	35859	32651	32106
29151	27164	28235	32706	32532
29179	29882	39597	32731	31710
29214	28855	36030	32691	32099
29242	35115	35856	32676	32679
29270	34068	33067	32724	32951
29305	38398	29615	32643	32685
29340	29494	34136	32703	32479
29375	51844	46276	32652	31811
29403	15973	28490	32720	32709
29431	43015	40259	32687	32730
29459	41050	28527	32745	32738
29494	40669	35223	32692	32494
29529	37119	39522	32718	32730
29564	23591	33582	32694	32627
29599	21183	27885	32670	33467
29634	27271	26479	32689	33071
29662	29824	32121	32668	32765
29697	30605	31562	32685	32936
29725	32167	37833	32744	33105
29753	31068	28785	32712	32712
29788	32552	32740	32686	32172
29823	40813	38545	32677	31947
29851	29182	27614	32694	33301
29879	28317	36980	32699	33061
29914	23475	36988	32616	32636
29949	34977	28223	32716	32619
29984	42257	29861	32708	32847
30012	42291	36289	32702	32331
30040	40897	29375	32715	32635
30068	33235	32395	32720	32797
30103	21493	28397	32692	32062
30138	25225	32902	32710	32935
30173	29793	36744	32642	33292
30208	32545	41172	32667	32573
30243	31607	32312	32722	32545
30278	35188	29778	32646	33424
30320	32153	31254	32717	32600
30355	26094	30074	32738	32674
30390	50	34487	32740	33146
30425	39424	39236	32708	32865
30460	42913	38032	32702	32380
30488	38791	28013	32688	32718
30516	38935	34991	32696	33136
30544	31915	24169	32695	32836
30579	26106	37102	32638	32461
30614	29886	32340	32700	33706
30649	28726	32451	32683	33013
30684	29398	30858	32694	32729
30719	32467	28396	32676	32944
30761	36409	28239	32682	32412
30796	28080	31293	32683	32883
30831	51638	42100	32695	32004
30866	35917	35680	32715	31420
30901	40178	33328	32727	32964
30936	39967	24763	32720	32664
30964	47691	37066	32729	32423
30999	27141	32139	32644	32205
31027	22392	34999	32660	33144
31055	19313	36512	32706	32631
31090	22137	32780	32673	32385
31118	27720	37674	32695	32198
31146	25478	31814	32678	32202
31174	28225	36453	32716	33019
31202	35827	32532	32676	31737
31237	44334	39811	32729	32574
31265	31540	30508	32754	34514
31293	33824	37887	32655	32980
31321	27083	33498	32707	33128
31356	43280	36699	32689	32372
31384	43284	29452	32663	32952
31412	45403	37390	32742	32819
31440	40336	30103	32700	31596
31468	36674	37114	32721	32535
31496	25043	29602	32734	32315
31531	24357	32264	32742	34312
31566	30681	38813	32699	32425
31594	28733	32907	32690	33340
31622	32184	34666	32749	32685
31650	30683	34032	32670	31331
31685	34380	35625	32683	31314
31713	37663	26382	32701	33645
31741	38056	34232	32694	31889
31776	26746	33410	32670	31877
31811	48979	25387	32699	32780
31839	33373	31285	32696	33284
31867	38590	28091	32741	32931
31902	40831	33980	32726	32482
31930	39760	30195	32707	34502
31958	26754	38421	32687	31519
31986	25419	32080	32733	33877
32014	21936	37358	32711	32428
32049	25404	30572	32710	33122
32077	29370	29367	32762	31947
32105	28274	31410	32729	32474
32140	29738	29601	32739	32488
32168	33030	37373	32647	33915
32196	35133	28849	32708	32461
32231	36258	32991	32662	32740
32259	30159	26281	32731	33169
32294	51690	32188	32692	32773
32329	42687	30464	32628	34484
32357	40810	32978	32687	31348
32385	41082	41425	32689	32402
32413	39375	32602	32646	32547
32441	27926	44051	32744	32001
32469	27993	28720	32621	33536
32504	24158	34311	32666	31128
32532	27319	32943	32652	33680
32567	28594	28848	32715	32199
32602	29690	31957	32702	32348
32637	33580	36085	32691	32833
32665	35018	33876	32745	32482
32693	34482	36387	32686	34202
32721	23122	27091	32698	32860
32756	51626	33082	32737	30866
32784	23008	27872	32662	32137
32812	41038	32743	32698	33196
32840	41674	30763	32709	34099
32875	49939	25686	32655	32330
32917	42383	28037	32682	32595
32952	18886	26505	32715	33098
32980	22698	17911	32686	33479
33015	24757	12465	32661	33879
33043	34371	20992	32757	33971
33085	33956	32883	32642	32203
33120	33834	48798	32719	32847
33155	33416	65506	32632	32491
33183	40373	48153	32641	32614
33218	34041	65503	32767	33042
33253	30435	47991	32742	34027
33288	4489	39069	32699	32071
33323	40305	36577	32734	32611
33358	40288	42558	32777	30963
33393	26795	49987	32716	33663
33428	20513	42635	32710	30804
33456	21535	39013	32658	33292
33484	20650	7383	32679	32089
33512	26221	27	32687	32049
33547	30934	24664	32699	32988
33582	30261	24784	32705	32910
33610	30795	25980	32721	32553
33638	32960	4390	32699	31502
33666	38195	19172	32680	31802
33694	33094	36270	32726	33082
33722	29865	26728	32771	30945
33757	51866	45137	32707	31706
33785	15789	26319	32704	32788
33820	41519	36779	32673	32299
33848	38464	29873	32720	32770
33876	41533	39686	32683	31693
33904	37331	30506	32658	32970
33932	32187	40763	32696	33223
33960	24086	30681	32747	31257
33988	26302	36207	32696	33292
34016	31284	32101	32736	32336
34044	30341	39563	32720	32004
34072	33473	42527	32667	32549
34100	33281	32148	32696	32109
34128	33820	40695	32613	32823
34156	40530	34027	32724	33437
34191	28566	33979	32638	32774
34226	29914	37391	32761	31718
34261	2420	30354	32702	32125
34289	41274	27412	32731	33802
34317	40077	34704	32793	33165
34345	40935	35787	32662	31915
34373	47164	26081	32664	32193
34401	45207	33964	32721	32003
34429	24516	28847	32679	33233
34457	25737	37955	32645	31318
34485	27495	30002	32703	32934
34513	28353	34614	32678	33632
34541	28066	33054	32760	33337
34569	28431	34002	32676	33104
34597	30636	37716	32689	30966
34625	30072	29313	32727	31838
34653	39010	42227	32692	32949
34681	31198	27097	32704	33570
34709	28713	38895	32705	31488
34737	51825	34045	32709	32361
34765	27334	34611	32638	33759
34793	42253	28296	32678	32953
34821	39719	39088	32719	32770
34849	41590	26062	32722	33225
34877	25457	23970	32691	33327
34905	31694	24416	32675	33508
34933	20275	36320	32727	32461
34961	27183	34076	32699	33166
34989	24572	32760	32650	33268
35017	30966	32098	32753	32647
35045	30714	31956	32725	32699
35073	32051	32040	32726	32020
35101	35082	12982	32642	32030
35129	32232	40102	32708	32471
35157	37134	28636	32654	32952
35185	40485	23232	32671	32053
35213	30597	32060	32691	32977
35241	27686	32176	32707	33456
35269	29531	40556	32647	32654
35297	37130	37057	32719	31820
35325	38258	32287	32731	33132
35360	39288	32173	32752	31675
35388	49055	30809	32740	32980
35416	44811	17032	32752	33073
35444	23067	24876	32665	34584
35472	18462	35396	32632	33804
35500	21998	45412	32693	32640
35528	27754	46376	32647	32066
35556	27569	45902	32672	32429
35584	30096	65504	32685	32846
35612	30006	44732	32657	33612
35640	35262	48930	32732	33838
35668	38279	36470	32718	32445
35696	39743	44184	32710	33086
35724	30491	32367	32690	32802
35752	31677	32724	32752	32645
35780	6142	33424	32730	33515
35815	41176	31461	32711	32470
35843	40955	25906	32743	31723
35871	41427	32588	32773	33763
35899	38838	28119	32672	32281
35927	33379	28632	32665	32195
35962	25614	21861	32686	33739
35997	28892	25003	32668	32422
36032	32331	29650	32701	31860
36060	29323	29383	32700	32403
36088	30671	36955	32718	32000
36116	30160	25135	32759	31636
36144	40740	38935	32629	31979
36172	32633	28944	32712	32730
36207	29637	33539	32698	31355
36242	6	33403	32702	33673
36277	38133	32419	32703	32446
36305	41656	34802	32659	32214
36333	38905	34347	32705	32203
36368	37590	29652	32739	32242
36396	32195	37652	32666	33959
36424	24246	30151	32689	32224
36452	25520	34750	32675	32608
36480	29526	36321	32650	32869
36508	27519	34315	32660	31507
36536	29411	36936	32734	33187
36564	30429	30055	32729	32589
36592	34795	38665	32716	33101
36620	35030	31968	32736	31454
36648	35343	37660	32694	32286
36676	24905	29430	32667	32830
36704	34070	34232	32594	31996
36732	4393	34514	32710	31625
36760	39386	33315	32679	31689
36788	43173	41025	32725	32247
36816	43407	27704	32700	33181
36851	41651	33101	32681	32891
36886	32430	32523	32657	33132
36907	24457	29385	32709	31157
36935	23701	30291	32729	33848
36970	27431	30749	32736	33054
37005	32938	29297	32732	33307
37033	31933	29349	32592	31371
37061	33073	32819	32638	31369
37089	31637	31783	32781	33326
37117	37052	32976	32696	33189
37145	34576	28064	32716	31347
37173	28736	40149	32690	32480
37201	26486	31647	32655	31471
37229	608	33957	32657	32878
37257	36758	31579	32711	31884
37285	36789	33510	32766	33069
37313	41419	37412	32675	31875
37348	41881	38760	32737	30825
37376	31224	26642	32741	32721
37404	26651	34273	32713	32889
37432	24545	33641	32685	32505
37460	28124	34306	32715	33210
37488	29331	34764	32668	33261
37516	25717	29584	32668	33407
37551	29845	30463	32725	33318
37579	37279	41239	32634	32937
37607	35093	28338	32694	33637
37635	26142	35290	32699	33258
37663	35994	37199	32772	32747
37698	19872	42267	32683	32029
37726	40002	29991	32702	31577
37754	43820	35800	32688	31516
37782	42697	26098	32701	33677
37810	38032	36929	32668	33740
37838	33068	36078	32673	33373
37866	25795	34302	32693	30889
37894	27342	34395	32732	31883
37922	26448	29235	32682	33084
37950	31887	37175	32710	32244
37978	29161	30724	32655	32165
38006	32445	35791	32670	32313
38034	36999	30276	32646	32215
38062	35816	33924	32706	32679
38090	27238	33086	32634	32718
38118	33760	32280	32661	34040
38146	1866	32108	32656	31544
38174	39843	25954	32735	31290
38216	37723	32586	32765	32930
38244	38328	29868	32752	33006
38272	33845	27772	32736	33094
38300	30079	33617	32660	31666
38328	20964	31996	32746	32023
38356	28551	36515	32711	33675
38384	28868	29423	32734	32229
38412	31445	35423	32771	33324
38440	30001	33002	32729	31489
38468	30275	30494	32712	33162
38496	37823	35659	32706	33495
38517	41426	32591	32726	32786
38545	28294	33190	32681	33450
38573	31129	37277	32715	33216
38601	20094	32007	32657	31972
38622	32754	28056	32696	32104
38650	42446	35358	32714	32508
38678	41408	31344	32701	32443
38706	41714	37347	32658	33061
38734	47181	30960	32754	34683
38762	32737	35915	32665	33105
38790	20481	31260	32727	32137
38818	20718	34535	32729	33093
38853	26110	26471	32727	33847
38874	27552	29694	32758	31719
38902	31685	35942	32754	33336
38930	27837	31181	32673	32195
38958	33899	39157	32655	32796
38986	39066	30262	32722	32455
39014	33271	40026	32731	32598
39042	28515	30548	32668	32626
39070	51864	65507	32731	31390
39098	30236	31185	32738	31189
39126	40757	28108	32674	32657
39154	43513	35103	32643	32111
39182	40619	29093	32692	32542
39210	40061	38250	32706	33250
39238	32202	29761	32675	34071
39266	26617	34752	32738	32422
39301	26318	34205	32668	32460
39329	29133	36281	32666	32967
39364	30914	36572	32718	34228
39392	29038	28252	32766	31264
39420	32962	35987	32635	32695
39448	36742	31361	32636	33038
39476	34052	35134	32724	32807
39504	27544	35428	32713	33509
39532	45545	34263	32660	31205
39560	2509	36470	32723	32662
39595	39437	38243	32755	33121
39623	42230	31508	32621	32874
39658	40845	38061	32756	32702
39686	36984	28036	32729	33334
39714	31278	37165	32738	31907
39742	23100	30343	32717	33586
39770	26665	37971	32713	34013
39798	28016	30744	32639	32030
39826	27556	30004	32708	33902
39854	29207	33311	32662	33523
39882	30164	29949	32618	33242
39910	33283	38155	32729	32512
39938	30789	28097	32714	32626
39966	40669	39073	32721	33354
39994	32340	27352	32822	33058
40022	28392	37514	32649	33195
40050	51720	24484	32693	32114
40078	29189	31672	32563	32570
40106	42996	31868	32719	31800
40134	40490	27827	32677	33704
40162	40349	36931	32694	32560
40190	27626	28163	32716	32321
40225	24339	31269	32642	33173
40253	20171	35169	32698	32123
40281	26025	31546	32695	32849
40309	28771	28381	32713	31826
40337	28939	40773	32686	31559
40365	28103	31744	32737	32683
40393	31053	38921	32697	32435
40428	31961	34432	32649	33593
40456	35040	36720	32698	33934
40484	37957	29745	32681	32622
40512	33277	34029	32727	30944
40540	28145	27621	32734	33004
40568	25118	39521	32669	31602
40603	39463	31761	32692	32132
40631	41411	31930	32709	33220
40659	38815	31352	32657	33424
40687	47849	35287	32697	32538
40715	21448	28805	32748	33149
40743	22218	35559	32693	31490
40771	16211	29658	32725	33337
40799	23194	36484	32708	32160
40834	27494	31645	32705	32617
40869	26256	29788	32732	33567
40904	30084	31442	32704	31714
40932	30045	32825	32725	33492
40967	36033	29201	32735	32174
40995	42481	37341	32684	32332
41023	27898	31264	32757	33380
41051	31075	40947	32660	31167
41079	8564	36292	32683	33863
41107	36494	36814	32683	33781
41135	41246	32911	32703	31717
41163	43785	30683	32708	31882
41191	43208	38503	32691	32769
41219	36856	32349	32710	33495
41240	32914	29429	32668	31624
41268	28325	31999	32775	32860
41296	26195	31381	32693	32268
41324	31583	38642	32771	34040
41352	28467	27843	32708	33496
41380	29656	34335	32694	32621
41408	29025	33231	32713	33011
41436	34470	31765	32746	33633
41464	37831	31882	32692	32413
41499	27156	36734	32691	32703
41520	28490	36499	32626	32734
41548	6	29462	32646	33185
41576	41130	34490	32691	31919
41604	40254	26414	32770	32129
41632	40947	33716	32632	31940
41660	38661	65506	32677	33404
41688	34656	21253	32719	32790
41716	27303	30162	32694	30818
41744	21838	24497	32669	32993
41772	27798	32096	32722	32088
41800	25622	23139	32731	31974
41828	29760	32638	32667	32743
41856	28625	26191	32694	32844
41884	30789	32328	32685	33278
41912	37891	32092	32656	31879
41947	33534	36952	32685	31850
41975	25659	30469	32685	32164
42003	51819	65505	32709	32407
42031	24703	24853	32743	33835
42059	43268	33248	32739	32664
42087	42852	32544	32769	34172
42122	43152	39501	32637	32779
42150	35954	32072	32682	33589
42185	29014	27285	32637	31693
42213	22501	36363	32694	32726
42241	27331	32797	32684	33459
42269	25848	34697	32725	31082
42297	30625	38122	32687	31737
42325	30014	34687	32705	33726
42360	31609	31373	32731	31700
42388	32665	37456	32683	33548
42416	39566	33875	32659	31940
42444	30425	31247	32619	32575
42472	28975	35237	32711	30631
42500	39451	30112	32712	33756
42528	35566	37931	32736	32025
42556	40231	27903	32724	31768
42584	42389	37109	32664	33114
42612	42235	31225	32684	32783
42640	38193	32439	32707	33624
42668	29762	33783	32751	31913
42696	18139	36847	32727	32750
42724	24702	36569	32667	31871
42752	25552	27847	32736	32921
42780	30080	34001	32726	32421
42808	28940	29512	32725	33496
42836	32493	34621	32660	32529
42864	32104	30314	32631	32947
42892	34610	34523	32757	33921
42920	38466	34418	32707	32438
42948	27433	32600	32756	34559
42983	30761	31044	32810	32127
43011	5302	33822	32746	34124
43039	39886	27803	32742	34059
43067	42737	36799	32668	32176
43095	41853	37954	32666	30548
43123	40021	28690	32711	31307
43151	35166	39660	32685	33727
43179	24681	31124	32725	31381
43207	24652	38427	32731	33573
43235	25500	29787	32755	33652
43263	28616	35188	32711	33805
43291	32012	27106	32742	32905
43326	32663	34469	32643	32245
43354	33611	27976	32722	30709
43382	40426	38126	32773	31301
43410	28402	27816	32694	31898
43445	28597	31482	32730	32313
43480	1085	35650	32680	32168
43515	40143	36119	32737	33238
43550	39126	34955	32700	32974
43585	39602	22338	32740	34440
43620	34670	14849	32751	33015
43648	26654	12172	32702	33480
43676	27522	8016	32743	31861
43704	27083	20891	32731	32392
43732	30814	31727	32679	32498
43760	27446	32628	32653	30904
43788	31502	41261	32660	30920
43816	30216	39299	32700	30537
43844	33125	45160	32649	32804
43872	39481	42017	32703	32681
43900	29943	41761	32663	32327
43928	29947	37516	32760	32874
43956	51737	37133	32716	32509
43984	34782	39382	32695	32450
44012	39543	31134	32731	33377
44040	41234	38873	32690	31561
44068	41278	29846	32641	33998
44096	39666	33848	32751	32153
44131	27300	25147	32720	32323
44159	24103	32730	32753	31852
44194	27281	34248	32672	32026
44222	28645	28957	32690	31798
44250	24753	34019	32641	31690
44278	26586	31990	32686	30949
44306	27387	30983	32685	32409
44334	34983	38854	32733	33285
44362	33007	26733	32742	33792
44390	44425	37532	32725	31297
44418	33000	28738	32717	31886
44446	30899	35516	32721	32608
44474	39552	29137	32648	32487
44502	33247	34222	32718	32485
44530	41747	35870	32732	31037
44558	42269	27454	32646	33964
44586	43685	40213	32730	31446
44614	39289	26139	32748	32920
44642	33359	34836	32702	33214
44670	21182	30005	32632	33723
44698	27578	38060	32663	33597
44726	27153	31738	32744	31943
44754	28006	35571	32680	33088
44782	29342	35994	32654	32608
44817	31562	35255	32712	31291
44845	29966	19409	32703	31244
44873	34424	11747	32677	31786
44901	36606	15982	32715	34308
44929	34556	27393	32700	34313
44950	31048	33892	32664	33432
44978	28073	40410	32644	31954
45006	555	49590	32711	32769
45034	39089	65504	32666	32102
45062	40942	65508	32743	33045
45090	42366	65507	32640	32415
45118	39190	65505	32693	30916
45146	35523	48151	32706	32715
45174	27082	43398	32695	32550
45202	24274	28588	32690	33293
45230	27244	7804	32725	32835
45258	26981	28195	32715	33380
45286	30590	11023	32667	32861
45314	27937	31686	32691	32585
45342	33282	15545	32683	32772
45370	35167	17898	32733	32484
45405	34656	13554	32744	31616
45426	27081	25706	32667	32083
45461	51826	34869	32648	31593
45489	4787	30298	32693	33293
45517	40260	32852	32684	33263
45545	41342	27910	32673	33000
45573	40873	37743	32694	32369
45601	39319	33942	32729	32851
45629	34324	37613	32643	32750
45657	26573	35278	32699	32781
45685	25215	34675	32659	33333
45713	26907	38872	32762	32279
45741	26873	34932	32716	33591
45769	30818	40610	32678	32799
45797	30942	35700	32678	32031
45825	32519	38196	32688	32478
45853	35272	32457	32704	34526
45881	37114	35031	32743	33035
45909	26259	33292	32732	31747
45937	27925	35758	32755	33055
45965	1858	32979	32763	33195
45993	35779	27899	32740	32826
46021	42303	35294	32587	32640
46049	39395	25371	32693	32633
46084	38054	32347	32651	31139
46112	32263	33137	32678	32835
46140	26412	31694	32633	33200
46168	20516	29865	32670	31999
46196	29358	39633	32737	31831
46224	30804	32304	32706	32985
46252	32741	33354	32702	32031
46280	31223	28673	32699	32788
46315	35474	32585	32711	32130
46343	37921	27204	32710	32821
46371	40606	36611	32725	33985
46392	34930	31737	32681	31930
46420	27017	28869	32731	32214
46448	24492	40652	32703	32517
46476	38304	28162	32715	33065
46504	42077	42190	32663	33606
46532	39534	34056	32696	32953
46560	40516	35330	32681	32885
46588	37138	31816	32628	31796
46616	27834	31228	32783	32261
46644	20044	44671	32676	33234
46672	18995	32474	32705	33160
46700	27066	39631	32585	31312
46728	27303	27574	32710	33150
46756	30462	35338	32699	32957
46784	30561	28426	32732	32261
46812	34973	36456	32700	32135
46840	37928	31313	32694	32604
46868	25977	26659	32709	33127
46896	29685	28319	32685	33008
46924	14631	29859	32713	32400
46952	39463	36503	32692	32790
46980	41530	34891	32659	33071
47008	42836	41954	32701	32696
47036	42710	40102	32662	31785
47064	37050	35949	32612	32590
47092	31081	36862	32752	31561
47120	24221	35568	32697	32489
47148	28610	37086	32655	33154
47176	28199	32578	32699	33081
47204	30054	39073	32749	32675
47232	30344	31322	32690	33251
47260	32100	28101	32724	31789
47288	38028	29040	32691	32382
47316	29060	32858	32685	33458
47344	27760	33126	32723	32759
47372	51565	32465	32719	32548
47400	26482	35044	32731	32879
47428	38765	25601	32691	32216
47456	41132	37055	32652	33115
47491	40276	35508	32755	33368
47519	37724	34438	32651	32320
47547	29689	65506	32694	32648
47575	24644	35100	32674	33167
47603	25240	24863	32673	32394
47631	30111	31463	32704	32611
47659	29280	27207	32692	32159
47687	31804	34640	32697	32595
47715	31191	30813	32727	32458
47743	35421	34311	32718	32591
47771	39855	33689	32649	31897
47792	30160	34352	32721	32379
47820	26168	28085	32673	33062
47848	50572	34620	32762	31515
47876	34461	28217	32711	31768
47911	40988	30030	32664	32630
47939	40542	38977	32737	32095
47967	40906	35462	32718	32036
47995	44702	36784	32668	32551
48023	27987	36403	32668	32703
48051	20027	32659	32679	33641
48079	27780	35330	32682	32700
48107	27848	22751	32731	32315
48128	27565	27970	32691	33512
48149	28305	32134	32744	33393
48177	31393	36979	32716	32277
48205	29167	26139	32718	33125
48233	37254	38328	32700	32342
48261	35525	27886	32730	32772
48289	26896	35296	32723	32211
48310	29623	35690	32690	33022
48338	2518	32129	32598	33385
48366	38280	32214	32776	32440
48394	40843	32284	32718	33121
48422	41874	32345	32709	32746
48450	42199	36232	32634	32095
48478	36266	47903	32664	32064
48506	29643	24936	32698	32850
48534	22035	28049	32711	32604
48562	26810	46815	32693	32728
48590	29049	44146	32699	32697
48618	30349	18033	32691	32454
48646	32300	23964	32728	33134
48681	35709	27029	32728	33170
48709	32293	20897	32639	33102
48737	37925	34679	32647	31824
48765	38083	25782	32699	33467
48800	28516	33857	32682	32099
48828	40997	34043	32704	31966
48856	3039	36077	32647	32539
48884	38123	29377	32656	33104
48912	41472	42429	32680	32293
48940	36602	32115	32637	32510
48968	39502	37451	32702	32984
48996	33663	36993	32697	32453
49024	24767	34214	32721	33543
49052	25773	36303	32700	32733
49080	24375	34086	32714	33470
49108	31586	37364	32651	32512
49136	29898	26742	32661	31895
49164	34992	36634	32728	32884
49192	32488	29111	32691	32566
49220	40998	37449	32671	33339
49248	35862	31985	32738	32484
49276	27667	35286	32667	32543
49304	51786	43263	32729	32785
49332	18905	27765	32714	33080
49360	41946	33911	32721	32422
49388	39670	26519	32694	33291
49416	42508	36584	32667	32363
49444	38012	24747	32705	32522
49479	31964	29125	32676	32080
49507	20933	28786	32763	32913
49535	28502	36129	32686	32969
49563	26412	28902	32676	32946
49584	26755	31229	32694	33119
49612	31233	40812	32721	32780
49640	26451	32045	32708	32772
49668	31382	35544	32738	32629
49696	36396	30545	32707	31754
49724	27573	34991	32692	33330
49752	19685	33174	32745	32667
49780	47547	36106	32702	32587
49808	20892	33864	32633	31919
49836	36914	26567	32662	32360
49864	42471	38473	32755	32640
49892	33723	37386	32780	33314
49920	30058	40226	32726	32224
49948	28179	28876	32694	32698
49976	32246	34630	32689	33647
50004	35220	26313	32670	31510
50032	37138	27386	32706	32571
50060	38221	32686	32627	31601
50088	38676	25646	32690	32603
50116	38667	33587	32635	33089
50144	40234	27240	32718	34466
50172	51845	34299	32691	31618
50200	46794	31586	32644	30122
50228	40731	35717	32670	31054
50256	47028	38974	32704	32690
50284	33681	32314	32676	33072
50312	42124	35564	32663	32682
50340	36319	33280	32753	32676
50368	34395	42296	32699	32967
50396	31974	32428	32743	32970
50424	28610	39447	32648	32584
50452	20139	39038	32738	32956
50480	15486	65504	32694	32975
50515	23114	30164	32639	32159
50543	23528	31190	32674	32894
50571	21902	22185	32724	31912
50599	24205	29920	32687	32585
50620	31274	33577	32702	32273
50648	30676	16382	32655	32499
50676	23383	25504	32682	32591
50704	30449	24506	32694	32420
50732	564	32759	32735	32706
50760	38657	32920	32646	32226
50788	39611	33011	32662	32830
50816	43160	42312	32690	32807
50844	42401	35842	32714	32448
50872	49460	42198	32736	32595
50900	28938	33805	32626	32697
50928	21889	39186	32705	32461
50956	40914	35023	32635	32840
50984	11963	37954	32684	32817
51012	20047	31286	32695	32799
51040	12536	31817	32757	32021
51068	30314	33901	32688	32610
51096	19386	27565	32806	32723
51124	27199	35710	32799	33345
51152	51705	31899	32736	32939
51180	37356	65504	32655	32640
51208	45623	29402	32674	32267
51236	51317	65504	32655	31158
51264	45190	17349	32758	32418
51292	39302	26809	32756	34489
51320	19430	39429	32681	33882
51348	15590	24310	32704	31882
51383	12308	20670	32704	33552
51411	15536	20609	32730	33378
51439	14768	24326	32642	33289
51467	21111	37952	32703	32917
51495	31318	37128	32681	31970
51523	35654	36354	32672	32188
51551	39727	35848	32757	33243
51579	42269	19511	32677	32991
51607	47674	14316	32694	31331
51635	43496	24371	32673	33028
51663	43412	38554	32680	34201
51691	42778	13242	32744	32563
51719	41801	23360	32720	32586
51747	51429	22361	32705	33153
51775	44152	29006	32735	31810
51803	40935	38867	32712	33264
51831	31333	65503	32739	31542
51859	34918	65504	32713	32241
51887	31242	42386	32628	33563
51915	42709	65500	32715	32442
51943	49054	31115	32713	32722
51971	43084	45063	32707	32785
51999	38129	41362	32759	33259
52027	34559	13779	32707	32241
52062	17252	19183	32659	31782
52090	19360	25995	32736	32598
52118	27016	26724	32735	32589
52146	27968	31918	32761	32341
52174	41941	34630	32677	33147
52202	33321	27006	32740	32394
52230	21570	49467	32696	32961
52258	9183	30145	32735	32083
52286	23401	33151	32704	32489
52314	40417	32328	32680	32972
52342	45027	47376	32655	32227
52370	49419	43799	32716	32813
52398	38826	25569	32685	31879
52426	31394	30647	32653	32428
52454	6	30771	32702	32372
52482	30379	29695	32652	32871
52510	31654	26310	32690	32554
52538	38640	31421	32769	32642
52566	39395	31120	32693	32414
52594	33503	35137	32620	32310
52622	26632	36887	32729	31870
52650	22130	37234	32666	32807
52678	29053	42958	32690	32601
52706	26934	35784	32687	32194
52741	31804	35087	32694	32141
52769	37256	39673	32715	32474
52804	24291	33588	32716	32189
52839	49914	38374	32636	32516
52867	11554	34264	32670	32907
52902	35847	31226	32669	33197
52930	40031	34595	32694	31967
52958	39178	34429	32681	32753
52986	41540	30499	32672	32344
53021	33804	30344	32682	32036
53049	27639	29423	32720	32283
53077	27480	30708	32690	32788
53105	31827	33087	32670	32462
53140	31982	29878	32687	32576
53168	34658	32089	32708	32369
53196	34426	33402	32687	33111
53224	25242	34364	32718	33065
53252	41077	32484	32707	32683
53280	10204	30852	32736	33349
53308	34410	29870	32633	32385
53343	39844	26930	32710	32805
53371	39728	36059	32652	33045
53406	37991	31951	32675	33285
53434	34045	35380	32741	32021
53462	21717	29647	32714	32590
53497	26350	31405	32671	32655
53532	31556	34030	32644	31921
53567	30919	35213	32641	32430
53595	37027	32689	32656	32352
53630	36597	34817	32684	31872
53658	25402	31020	32642	32972
53693	51842	65504	32662	32326
53728	31818	31407	32773	32994
53763	40885	28768	32641	33025
53791	39095	29123	32725	32911
53826	40511	30537	32699	33231
53861	36192	35950	32651	32364
53889	23991	30273	32688	32962
53924	26847	31634	32675	33146
53959	30329	31634	32647	33413
53994	31246	33303	32718	32342
54029	32551	34235	32754	32165
54064	36239	31036	32726	32904
54099	29679	32694	32721	32218
54134	29483	28282	32744	32973
54169	5733	25700	32677	32994
54204	36587	30449	32689	32106
54239	38734	30998	32676	33330
54274	39697	25251	32653	33332
54302	39704	35177	32723	37194
54337	27279	29231	32636	30722
54365	26870	31132	32707	32290
54400	28311	36404	32692	34086
54428	30029	33452	32691	33981
54456	30290	32431	32659	32788
54484	33185	29341	32684	32234
54519	35130	34585	32703	33386
54547	38828	65503	32663	33056
54575	31846	35558	32724	32840
54603	27954	29444	32696	33222
54645	4082	28896	32701	32894
54673	38283	33382	32667	34272
54708	38682	33128	32723	37497
54743	40042	29000	32680	37098
54771	42383	33288	32656	33293
54799	32497	28943	32634	33088
54827	26053	32819	32658	33118
54855	25299	30518	32619	32310
54883	29033	33599	32643	32435
54911	31185	33848	32624	32774
54946	33139	34492	32719	32941
54974	31285	27999	32707	32623
55002	35228	36501	32673	31746
55030	37903	29605	32718	32607
55058	35057	65502	32675	31887
55086	27180	30874	32711	33152
55114	51758	33883	32661	31930
55142	17574	33197	32660	31717
55170	36347	30570	32706	32917
55198	40462	34980	32707	32573
55226	39927	28892	32677	32764
55261	39521	30170	32649	32738
55289	33809	33055	32609	32785
55324	22121	30994	32697	32733
55352	26891	38900	32638	32275
55380	27061	30596	32780	33098
55408	30797	51088	32610	32458
55436	32013	28704	32690	32702
55464	31611	34250	32728	32586
55492	33525	31777	32716	31996
55520	32611	30582	32626	32525
55555	40587	26152	32677	33169
55583	32199	29695	32724	32245
55611	26114	29928	32633	32245
55646	15	21933	32674	32841
55681	36177	35028	32664	32823
55716	39564	35666	32574	32191
55744	40623	33962	32598	32212
55772	38030	32549	32694	32699
55807	32921	30197	32685	32310
55842	23272	31136	32688	32706
55877	29427	34791	32704	32905
55912	31005	37277	32696	32497
55947	30465	30182	32701	32232
55982	31159	31562	32772	32240
56017	31962	30066	32691	32059
56045	42185	36410	32660	32394
56073	31368	35975	32682	32411
56108	29130	38740	32694	32738
56136	9280	25314	32721	32557
56164	35511	31672	32671	32821
56192	38814	22849	32677	32426
56220	40401	28495	32733	32598
56255	40360	47745	32669	32705
56290	35666	26395	32694	32651
56318	26701	30611	32709	32752
56346	23285	28165	32721	32411
56381	29413	24633	32663	32564
56409	27393	29462	32688	32822
56444	30435	28046	32699	32434
56472	32230	29042	32630	32687
56514	38536	34761	32711	32726
56542	35227	29108	32679	32301
56570	28076	33172	32617	33864
56598	51708	51916	32661	33190
56633	30885	27809	32698	31949
56668	39293	35806	32613	34340
56703	40817	31807	32668	33182
56738	39065	29610	32680	32990
56773	32484	31153	32703	32630
56801	23713	30967	32744	32763
56829	25005	29879	32711	33111
56864	32002	36541	32694	33042
56892	28602	30093	32719	32020
56920	32831	34450	32678	31808
56948	31826	33653	32584	31520
56976	33691	35102	32742	32075
57004	38330	35341	32707	33393
57032	37866	30579	32636	32124
57060	29364	31662	32667	32949
57088	23790	31602	32710	32979
57116	34	33442	32712	32485
57144	33735	27067	32700	32534
57179	38448	28666	32714	32146
57207	39571	32132	32737	33582
57235	40541	36363	32661	31933
57270	35255	34303	32669	33766
57312	24238	33859	32642	32201
57340	24005	32647	32729	32275
57368	29350	35183	32649	32027
57396	26302	32899	32659	32042
57431	29377	29452	32664	31544
57452	31638	30278	32730	32159
57487	35103	35416	32677	32444
57515	35789	32974	32692	32679
57543	41461	38505	32719	31988
57571	26535	27801	32671	33033
57599	30390	34996	32680	33542
57634	1293	31285	32722	32623
57662	35631	29162	32612	34201
57690	37396	29762	32673	32330
57718	41976	31893	32694	31988
57746	38606	27162	32661	33531
57774	33519	39306	32617	34102
57802	25602	28768	32709	32073
57837	22748	29303	32702	31907
57865	24497	30175	32714	32455
57893	28526	33331	32664	32146
57928	30797	36402	32728	32564
57956	30518	29725	32741	32827
57991	34275	33269	32646	32943
58019	32693	34793	32666	33588
58047	35601	35447	32752	32327
58082	40289	39881	32744	32894
58117	26832	31707	32630	32961
58152	40380	33333	32721	32394
58187	24790	28625	32672	32783
58222	38596	30800	32677	33015
58257	40314	32765	32649	32987
58292	40569	36409	32795	33207
58327	45019	30264	32734	32110
58362	20594	27441	32666	32488
58397	25609	35111	32717	32447
58432	30001	38241	32695	32816
58460	27798	30928	32666	32116
58488	33000	36348	32664	32725
58516	31988	30058	32721	32292
58544	31865	35082	32663	32877
58579	32615	29996	32677	32062
58607	39805	35378	32739	32751
58649	34216	32483	32685	32985
58684	30036	36865	32706	32326
58719	403	34791	32689	33272
58747	37282	28205	32713	32249
58775	37248	32133	32671	33261
58803	41444	30409	32676	32996
58831	38524	27327	32726	32762
58859	30746	35835	32595	32227
58887	28916	28324	32675	32484
58915	22187	36369	32755	33472
58943	22371	28113	32713	32320
58971	26618	35230	32619	34105
58999	30427	32307	32699	32758
59027	29609	33865	32680	31807
59055	31862	37923	32654	33128
59083	31751	33422	32682	32729
59111	34914	35872	32700	32795
59139	35040	30404	32660	32423
59167	41828	37746	32698	32619
59195	27336	27309	32671	32690
59223	28865	35591	32742	32636
59258	2440	25659	32647	33215
59286	37133	31908	32628	32470
59321	38817	35183	32737	32781
59349	41083	29018	32756	32449
59377	38620	33450	32686	32947
59405	34926	32004	32693	33488
59433	24665	30628	32651	32378
59461	24768	32018	32697	32844
59489	24917	32650	32698	32659
59517	29488	35679	32736	32295
59552	31542	34608	32637	32106
59580	31052	35531	32691	32000
59615	36726	36992	32761	32614
59643	32339	31020	32767	32466
59671	39274	36365	32650	32601
59699	41277	34131	32656	32760
59734	28853	30928	32706	33070
59762	35392	32447	32636	32002
59790	2734	31860	32728	33391
59818	33388	25495	32724	32690
59846	40609	34927	32705	32244
59874	39786	27613	32714	33175
59902	43532	34967	32662	33237
59930	40209	29934	32615	32737
59958	28168	33281	32680	32002
59986	22131	33867	32668	32559
60014	22350	31420	32727	32754
60042	27856	34269	32640	32834
60070	28858	27264	32682	32487
60098	31810	38591	32662	32027
60126	28972	30284	32670	32917
60161	33606	32071	32690	32577
60189	38772	32269	32717	32360
60224	24326	27880	32725	33270
60259	32070	38925	32669	31986
60287	3879	34757	32688	33184
60315	34776	31219	32641	33443
60343	34483	30247	32656	32481
60371	42588	36432	32726	33013
60399	42731	31249	32762	33129
60427	44025	38066	32700	32510
60462	25055	35278	32666	32933
60490	26783	26915	32708	33577
60518	25669	32823	32781	33490
60546	30984	32901	32677	31955
60574	29688	31822	32653	32479
60602	32667	34547	32685	31859
60630	34217	31920	32658	32460
60658	40225	35515	32669	32966
60686	22686	29026	32698	32551
60714	27023	31855	32659	33065
60742	970	31497	32651	33279
60770	34068	29121	32637	32873
60798	40358	35873	32684	31873
60826	39730	27342	32688	32852
60854	43930	36158	32699	33128
60882	38900	30852	32677	32202
60910	32040	33535	32648	32145
60938	21249	31021	32668	32716
60973	27738	33379	32725	32427
61001	25793	31004	32673	32297
61029	31430	35684	32659	32232
61057	30209	30714	32717	33083
61085	33170	38953	32650	32336
61113	33184	35683	32785	32463
61141	38828	35913	32730	32274
61169	33709	30277	32650	32837
61197	27285	33848	32667	33023
61232	50776	32347	32684	32255
61260	35630	34950	32717	32201
61295	38824	33069	32664	32598
61323	42143	32250	32701	32191
61358	47286	35247	32643	31730
61386	43463	28702	32627	32325
61414	25688	35250	32742	32636
61442	20572	27981	32709	33059
61470	23891	34442	32688	32435
61498	27686	30995	32692	32762
61526	27893	33272	32636	32307
61554	31445	31534	32670	33584
61582	31165	31332	32726	33304
61610	34749	35842	32731	31773
61638	32603	31475	32749	32814
61666	38251	34826	32693	32941
61694	43015	31297	32642	32786
61722	30147	36659	32716	31339
61757	26027	32339	32678	31705
61785	7	28541	32584	33084
61813	33678	28267	32693	31711
61841	39147	33656	32689	32500
61876	40786	35134	32666	32507
61897	42394	35028	32707	32993
61925	46843	31819	32671	32159
61953	27854	36628	32677	32593
61981	20894	31304	32637	31724
62009	23051	32526	32690	31844
62037	28797	33585	32661	34120
62065	26354	30108	32668	32649
62093	33256	32636	32704	32725
62121	31035	31548	32692	33831
62149	33511	36155	32736	31261
62177	33771	35566	32624	32814
62205	34556	35567	32593	31962
62233	38124	30458	32728	33508
62261	41941	31683	32698	31224
62289	32836	34355	32677	31734
62317	26096	28789	32701	33039
62345	51524	42325	32699	32479
62373	31858	26532	32720	34262
62401	38160	36273	32660	31585
62429	39907	31910	32706	32525
62457	40059	36987	32720	32695
62485	40649	34043	32670	31652
62513	44578	33952	32708	32181
62541	22507	33702	32718	33243
62569	21452	27780	32657	32668
62597	26857	37029	32686	31845
62625	27110	27524	32675	31976
62653	30787	34663	32660	33146
62681	29715	28509	32624	32612
62709	32038	33733	32675	33161
62737	34399	34286	32671	32008
62765	37177	30742	32645	33247
62793	43001	34559	32697	30967
62821	24877	32255	32644	29573
62849	28261	37769	32635	33559
62877	1029	34730	32749	33844
62905	35227	34429	32675	32556
62933	40222	27361	32709	33405
62961	40459	33824	32751	32354
62989	43837	34781	32651	32644
63017	39925	33071	32651	32614
63045	31269	33356	32614	32083
63073	18758	28927	32718	32585
63101	24329	33726	32659	32875
63129	25933	31054	32733	32787
63157	31568	33306	32637	32490
63185	30307	32827	32642	32544
63213	32615	36688	32654	33453
63241	34059	31991	32661	33254
63269	33374	35552	32688	32792
63297	41886	39009	32740	31975
63325	28091	33557	32697	32533
63353	28508	37431	32701	32359
63388	5	36371	32666	32411
63416	34718	34254	32687	32662
63444	35349	33980	32693	32686
63472	40309	34268	32694	32794
63493	39992	32727	32690	32420
63521	35991	37122	32760	32121
63542	33615	37345	32707	32747
63570	24834	27871	32739	32650
63598	18717	31270	32675	32119
63626	26690	31680	32666	33029
63661	31201	35179	32677	32243
63689	32275	28813	32727	32846
63717	33287	34598	32697	32379
63745	36189	29768	32650	32515
63773	35217	32216	32693	32287
63801	36480	33023	32691	32226
63829	42373	31636	32717	32677
63864	28330	26475	32638	32120
63892	29377	31680	32669	29464
63920	5	29644	32632	33422
63948	34902	31790	32623	32688
63976	37493	32996	32670	32244
64004	39909	25599	32693	33710
64032	41437	36021	32627	32893
64060	46783	27722	32695	32843
64088	28151	29297	32727	32420
64116	21093	25193	32734	32539
64144	23523	36850	32636	32065
64172	27269	33038	32754	31953
64200	28177	33270	32721	31772
64228	32245	28345	32648	32410
64256	29950	51162	32671	33375
64284	35651	37171	32725	30762
64312	32538	29370	32684	32641
64340	37053	34469	32662	34937
64368	42140	30841	32695	32232
64396	30675	36576	32680	31578
64424	29361	33288	32718	34980
64452	29061	22055	32623	33299
64480	35366	32391	32711	32078
64508	37491	29044	32759	31003
64536	43392	32477	32685	32221
64564	38505	48758	32731	32197
64592	40779	33013	32680	32414
64620	33282	30618	32675	32013
64655	25297	35089	32691	32466
64690	29211	35764	32700	32023
64725	27524	34145	32657	32530
64760	27510	33056	32692	32609
64788	32774	35619	32736	32466
64816	31858	31655	32662	32565
64844	34926	37719	32674	32919
64872	33770	31432	32706	32910
64900	38689	33089	32624	32337
64928	34783	31607	32648	32969
64956	26921	34230	32705	32021
64984	51833	52641	32695	32570
65012	17453	28316	32693	32927
65040	38839	33954	32704	32359
65075	39035	34320	32608	32758
65103	40471	31564	32647	32711
65131	42088	31186	32684	32926
65159	31544	28006	32615	32282
65194	23456	33063	32664	32899
65222	24016	28137	32719	33792
65250	29523	35128	32739	28749
65278	30899	32475	32710	28877
65306	29282	36832	32698	29699
65334	33044	31776	32643	32926
65369	34405	37681	32678	32401
65397	38411	28436	32767	32149
65425	39711	37768	32624	32246
65453	24880	30669	32729	32056
65481	26907	32933	32679	33579
65516	4589	31150	32632	32102
65544	36472	30902	32720	31678
65572	38065	30877	32723	32351
65600	41812	36609	32699	31983
65628	41193	34940	32679	32136
65656	39053	38828	32709	32711
65684	25572	35831	32721	32253
65712	19405	32005	32765	32826
65740	26585	34507	32683	31766
65768	26055	31855	32713	33495
65803	30609	32794	32710	29529
65831	33495	34492	32705	30621
65859	36964	29221	32718	32518
65894	45377	35089	32666	32727
65922	32293	28201	32689	33031
65950	31881	34211	32698	32640
65978	51754	26596	32677	32070
66006	30476	31471	32661	33217
66034	38742	28357	32700	31583
66062	39182	30594	32695	33435
66090	41308	30825	32731	32502
66118	40072	31905	32727	33076
66146	35339	30144	32675	31547
66174	21637	28371	32696	32634
66202	22265	33444	32662	32509
66230	25472	30461	32681	32835
66258	27840	34232	32636	32551
66293	27561	33797	32706	32399
66321	32926	27652	32672	32993
66349	30459	33240	32777	31830
66377	36053	36421	32664	32481
66405	38654	29899	32641	32984
66433	28945	37568	32643	32484
66461	28029	30347	32705	32006
66489	37086	27077	32625	31775
66517	35052	26612	32754	32526
66545	37532	29678	32659	32766
66573	41889	34468	32719	32378
66601	39638	32800	32695	32116
66629	43208	36711	32686	32217
66657	30985	29806	32603	32588
66692	22064	33338	32625	32751
66720	26060	34402	32686	32924
66748	30748	31283	32762	32848
66776	28655	28365	32749	33333
66804	32493	33420	32683	32036
66832	31776	30129	32638	33411
66860	33062	33763	32768	33496
66888	35225	30871	32714	32602
66916	38154	33991	32680	32803
66944	35502	33135	32669	32705
66972	25871	31533	32637	33045
67000	51848	63318	32692	31995
67028	13906	27145	32735	33055
67056	40458	31749	32642	32190
67084	39106	29764	32712	33032
67112	41011	33361	32697	32228
67140	40439	32228	32629	33084
67168	36590	35698	32721	33185
67196	26169	33522	32700	32872
67224	20673	31122	32705	32508
67252	28694	37131	32700	32313
67280	27959	31561	32654	32360
67308	31749	33843	32679	32902
67336	30755	28459	32643	31991
67364	33671	37297	32689	32800
67392	33004	28952	32666	32482
67420	34309	35345	32664	32660
67448	34827	31199	32699	32601
67476	38769	32607	32625	32291
67504	34358	31938	32715	32529
67539	29339	35727	32687	32727
67574	24	33354	32585	33443
67609	33381	26804	32741	32927
67637	39904	35029	32638	32777
67665	39891	27676	32715	32564
67693	42208	33886	32685	32789
67721	39677	31001	32758	32669
67749	26584	29958	32665	32652
67784	19796	29679	32618	32942
67812	28851	36410	32665	32658
67840	28708	30176	32690	32549
67875	33372	33975	32705	32739
67896	31807	29381	32622	32432
67924	33229	32736	32685	32096
67959	32051	32886	32763	32268
67994	39011	30146	32656	32983
68022	36134	38229	32701	32563
68050	26502	33222	32687	32974
68078	51841	65507	32717	32383
68106	12457	28152	32635	32742
68134	34627	27681	32712	32972
68162	40529	35226	32709	32458
68190	38038	25646	32676	32142
68218	41659	34576	32645	32730
68246	37532	32422	32709	32722
68274	27303	34281	32695	32620
68302	22126	30683	32782	32671
68330	27224	33360	32630	32321
68358	32876	30246	32622	32978
68386	29656	30450	32722	32991
68414	32577	34533	32733	32187
68442	32246	32338	32731	32771
68470	35943	34594	32715	32762
68498	35555	32323	32671	32138
68526	40781	36736	32613	32590
68554	29394	31671	32747	32568
68582	27336	31373	32644	33343
68610	39286	32459	32715	32839
68638	31862	30253	32681	32809
68673	36102	29702	32615	32051
68701	39305	36744	32690	32869
68729	41550	31176	32629	32719
68757	36923	35359	32698	32932
68785	28143	34088	32606	32275
68813	20425	31384	32697	32099
68841	26553	37031	32667	32552
68876	30183	33062	32684	33211
68911	29680	34946	32629	32606
68939	34956	33739	32752	32834
68967	31299	32175	32684	32775
69002	34751	29125	32734	32984
69037	35829	34054	32704	32487
69065	36202	28063	32656	32703
69100	32992	29810	32647	32866
69142	26319	30496	32615	32853
69177	961	31799	32779	32365
69205	36467	31988	32728	32968
69240	38377	32721	32644	32424
69268	40797	33939	32734	32235
69303	47815	37644	32601	32554
69338	30714	31987	32717	32557
69373	18938	29702	32790	33093
69401	25553	38869	32668	32593
69429	27537	31521	32666	32657
69464	28378	32390	32655	32809
69492	30585	31065	32612	33055
69520	33053	39001	32672	32372
69555	33460	34273	32690	33005
69583	34667	32438	32682	32535
69618	37427	29845	32723	32910
69653	39816	35488	32721	32741
69681	26900	31126	32687	32720
69716	46457	35051	32678	32111
69751	27616	33973	32707	32618
69779	37786	28061	32679	32749
69807	41302	32264	32731	32654
69835	39294	31417	32685	32411
69863	38591	33331	32694	32698
69898	32350	26720	32717	33081
69926	22837	32767	32707	32521
69961	23404	29942	32655	32720
69989	29079	31450	32690	32804
70017	28458	29346	32681	32443
70052	27397	31324	32673	33297
70080	36048	25886	32662	32812
70108	33755	27462	32694	32218
70136	33903	36832	32710	32781
70171	39439	34486	32719	32684
70199	29267	38026	32705	32701
70227	26490	33984	32650	32629
70255	2277	42880	32592	32761
70290	35750	37453	32710	33008
70325	38079	33493	32699	33024
70353	42164	39356	32611	32947
70381	42720	32995	32704	32179
70416	34611	30329	32738	32387
70451	24026	34204	32705	32260
70486	27425	33832	32688	32639
70521	27009	30781	32688	32898
70556	28326	30509	32617	30847
70591	31825	26681	32669	32545
70619	33152	33356	32744	32001
70647	35283	34124	32630	32467
70682	40496	34175	32716	32092
70717	27549	33412	32746	33783
70766	8	33616	32653	33154
70808	34796	24319	32624	33074
70850	38916	29570	32709	32624
70899	40948	34197	32543	32607
70934	42543	32662	32721	32501
70969	20180	39376	32653	32699
71004	20907	31688	32604	33097
71039	27107	29615	32684	31719
71081	25883	34732	32745	32425
71116	30928	37215	32644	32630
71158	30637	29476	32595	32675
71186	41479	31890	32685	32395
71214	32996	28647	32630	32199
71249	29769	31117	32664	32406
71284	7868	37661	32552	33034
71319	39569	30910	32695	32288
71354	38392	30443	32766	32284
71389	51009	26486	32844	32217
71431	38759	30510	32667	32663
71466	20208	24379	32640	33477
71501	23510	30587	32546	32955
71543	24217	30860	32665	32739
71592	31226	31963	32688	32385
71627	32237	31771	32690	32080
71662	32293	26717	32690	32352
71697	39191	27944	32736	31839
71739	34018	32936	32743	32695
71774	30370	50527	32679	32983
71823	19454	35646	32595	32605
71865	40816	34151	32531	32239
71900	42302	36390	32666	32786
71935	49704	32173	32714	33294
71970	44920	31475	32675	33413
72019	23098	51047	32700	32567
72061	30472	31433	32700	32213
72096	32298	19669	32742	34986
72131	31747	27341	32652	34629
72173	32885	34241	32634	34801
72215	45178	33046	32601	32989
72250	29707	31407	32787	34240
72285	26445	33932	32631	31900
72320	3834	33889	32685	32459
72355	39218	29722	32607	34418
72390	47020	37084	32597	33027
72425	42724	28148	32622	32502
72460	44525	32505	32663	31897
72488	25959	30902	32613	32963
72516	18298	31993	32610	32637
72544	26942	35143	32635	32876
72572	25715	31834	32681	32423
72607	33009	30225	32634	32109
72642	30920	36883	32608	33412
72670	28624	25881	32687	33188
72698	37771	33920	32698	32961
72726	38529	31916	32665	32539
72754	38487	30696	32701	32502
72789	22456	32209	32629	32762
72817	51843	35342	32645	32638
72852	33461	29469	32621	34335
72880	39771	65504	32676	33096
72908	42441	47147	32680	32983
72943	50272	43260	32723	32540
72978	44394	27179	32629	31985
73013	24612	23293	32654	33842
73048	21883	19296	32653	33050
73083	26398	12534	32602	32681
73111	29482	40020	32712	33341
73160	30693	11408	32726	32007
73202	33815	22941	32684	32303
73237	34319	36161	32706	32207
73286	43594	36219	32664	32674
73314	33650	35813	32614	33043
73349	26946	34615	32633	31823
73384	500	36914	32687	31954
73412	35433	28578	32689	32315
73440	40038	32604	32571	33389
73475	38629	34659	32651	32876
73510	47578	31337	32678	32665
73545	17123	34234	32642	32181
73573	19993	38362	32634	32561
73601	16235	35068	32675	31358
73629	27873	30751	32769	34051
73657	26870	26346	32662	31889
73685	30086	34514	32679	32907
73713	34516	29923	32696	33652
73741	33344	32683	32789	33169
73769	37186	32665	32682	32268
73797	38088	29007	32582	32453
73825	38771	33714	32632	33332
73853	25321	33713	32759	32107
73881	51846	31576	32665	31857
73909	11890	25154	32856	32339
73937	38185	29224	32648	32183
73965	40601	28854	32576	32402
74000	42549	36076	32724	32602
74035	48121	36998	32657	32651
74063	31500	29436	32644	32511
74098	22927	34035	32613	34584
74126	23324	30120	32727	32170
74154	33554	31386	32656	33680
74189	29684	32405	32661	31399
74224	30139	33707	32717	34091
74259	30958	31064	32609	32671
74294	36607	32790	32556	32549
74329	44589	32113	32706	34276
74364	30012	31987	32746	32283
74385	27761	33720	32630	33074
74413	51425	27507	32690	32511
74441	31542	31126	32655	31005
74469	36039	28645	32773	32599
74497	38513	24076	32739	32360
74525	43119	32625	32659	32810
74553	46342	23238	32638	32834
74581	42425	32690	32592	33717
74609	17255	32239	32675	32908
74637	21789	35435	32739	33144
74665	20222	33015	32632	32699
74693	29381	34318	32685	32951
74721	31978	32726	32555	32493
74749	30900	31645	32628	32438
74777	35862	32235	32631	33085
74805	31439	32898	32617	33313
74833	38343	34674	32725	32537
74861	33991	34207	32636	33118
74889	43054	29885	32713	32070
74917	29580	28780	32611	32067
74945	29854	35484	32630	32473
74973	51647	30942	32608	31976
75001	31007	33644	32577	32833
75029	41267	34706	32580	32764
75057	36506	33225	32676	33063
75085	43449	34954	32835	32404
75113	48538	29353	32758	32554
75141	33706	31903	32696	32691
75169	22111	31562	32576	33221
75197	25429	34940	32732	32605
75225	27917	48700	32646	32509
75260	32943	33818	32651	32979
75288	27737	27260	32644	32241
75316	33128	31587	32519	32887
75344	33972	30744	32684	32833
75372	36623	33029	32724	32652
75400	36267	31539	32715	32508
75428	38392	31212	32690	32374
75456	39128	18965	32644	32295
75484	22236	29099	32641	32868
75512	30203	35084	32659	32675
75540	288	34559	32650	32652
75575	37968	35042	32747	32566
75603	38240	32917	32660	32295
75631	40012	28599	32687	33324
75666	49588	37822	32668	32743
75694	45351	31770	32725	32040
75722	23933	35316	32689	32831
75750	22191	30109	32555	32901
75778	28358	29913	32610	33324
75806	30052	22963	32706	32997
75834	27234	26218	32606	32926
75862	32272	30848	32713	32579
75904	32633	26212	32723	32364
75939	35862	35274	32675	32993
75967	35952	31349	32737	32136
75995	44079	31783	32599	32276
76023	23885	32602	32706	32323
76051	31050	30296	32602	33218
76079	140	37119	32585	31986
76107	34900	31277	32612	32713
76135	39783	29587	32684	32513
76163	51521	28637	32649	32858
76191	50082	36074	32605	32001
76226	43192	33172	32652	33513
76254	25602	34229	32732	31992
76282	17426	34907	32581	32605
76310	23305	36280	32625	32391
76338	24479	27117	32665	33049
76373	25071	32815	32583	31865
76401	32815	33164	32690	32846
76429	35247	31258	32720	33034
76457	35954	35700	32588	31526
76492	40934	34278	32626	32667
76527	24253	34909	32622	33080
76562	51834	28542	32639	31852
76597	37102	34426	32702	32598
76625	37839	32394	32662	32413
76653	42758	29826	32663	32118
76681	40849	27644	32665	31529
76709	50386	32560	32679	33609
76737	25175	32959	32705	32237
76765	16850	33260	32587	32381
76800	23643	36166	32793	31958
76828	32751	34963	32704	32340
76856	26342	31295	32699	32187
76884	30926	38547	32659	32540
76912	32947	33605	32682	32192
76940	33972	29630	32663	33281
76968	43538	33725	32711	32598
77010	22677	65501	32672	31730
77045	51855	30106	32642	32088
77080	35055	47134	32717	32848
77122	40065	37101	32771	32482
77157	42040	31836	32696	32359
77185	40664	31499	32659	32437
77213	24748	22251	32625	31990
77255	22363	25817	32713	34050
77283	22383	42999	32646	32816
77311	26940	28701	32700	32282
77339	28353	23832	32664	33173
77367	29663	29108	32599	32028
77395	32749	21316	32657	32589
77423	32221	27287	32641	32327
77451	40511	20039	32637	32222
77479	41163	32390	32571	32572
77507	33922	28099	32748	31999
77535	25891	30538	32745	32193
77570	780	46065	32609	32967
77598	34130	44708	32601	31982
77626	43742	32755	32665	32344
77654	37566	17886	32811	33036
77682	29677	30060	32641	33418
77717	33915	33861	32724	31798
77759	23481	34343	32531	32531
77787	21945	48057	32664	32133
77815	31751	40221	32672	32883
77843	28976	30366	32599	31099
77878	32343	34874	32663	30351
77906	29881	27856	32656	33041
77934	34638	32087	32766	32726
77962	34085	24899	32711	32377
77997	38683	29503	32710	32603
78025	25158	32003	32675	32667
78053	28959	34784	32572	31786
78081	670	33462	32725	31435
78109	35773	34328	32669	32212
78137	37593	32389	32811	31983
78165	40522	37733	32643	33064
78193	40324	33651	32616	31601
78221	46210	32394	32673	32807
78249	23193	48243	32649	32265
78277	17781	32500	32614	32690
78305	24579	31634	32676	32725
78333	23404	29359	32548	32400
78368	30094	47230	32624	33401
78396	34409	28794	32709	33151
78424	32060	25750	32659	32064
78459	41272	34098	32510	33159
78487	37848	31915	32845	32081
78515	28498	45864	32656	32405
78543	34854	45527	32679	32843
78571	3375	18467	32569	32330
78606	37269	31176	32634	32249
78634	39964	27630	32636	32800
78662	43158	33691	32697	32780
78690	43189	33685	32717	31716
78718	48474	31902	32622	32178
78753	27197	28650	32564	32559
78788	27947	36399	32661	32551
78823	27976	33460	32628	32921
78858	31732	26759	32733	29754
78886	33280	36112	32637	31670
78921	33192	37110	32649	32713
78949	33122	30577	32699	32588
78977	42777	28313	32753	32589
79012	22672	35705	32713	32605
79047	30277	32354	32582	32458
79075	1824	36560	32654	32915
79103	36361	26857	32643	31875
79131	38181	52390	32572	31683
79159	41661	29634	32572	32254
79187	49706	32315	32581	32816
79222	45902	29954	32470	28366
79257	18165	30657	32614	32568
79285	20367	30245	32722	32788
79313	29442	31112	32646	32619
79348	31019	31923	32774	31917
79376	29291	27217	32677	33053
79411	34498	33041	32699	31958
79439	31227	33385	32770	32291
79474	30367	31920	32677	32217
79502	42030	35989	32581	32542
79530	33423	34053	32567	32920
79558	26292	33943	32586	32966
79586	42617	34294	32685	32270
79614	2121	18437	32645	32937
79642	38182	31128	32656	31594
79670	37733	34437	32681	32026
79698	42656	31933	32644	32530
79726	37311	29649	32599	32769
79754	36206	33118	32599	32484
79782	24374	35141	32752	32192
79810	22691	29622	32582	32792
79838	26395	17129	32587	32184
79866	27370	30836	32540	32877
79894	34448	31629	32645	32643
79929	32656	33354	32661	32706
79957	29706	32019	32684	32953
79985	32835	34698	32538	32388
80013	36272	32716	32640	31627
80041	36798	33575	32638	32642
80069	38927	33028	32684	32730
80097	26008	32429	32856	33234
80125	43264	41951	32655	32373
80153	1377	50169	32584	32371
80181	37212	33982	32607	33727
80209	36477	25930	32624	31999
80237	42282	42277	32646	32528
80265	41312	21053	32521	32439
80293	45910	26476	32720	32861
80328	20859	29191	32591	33011
80356	22354	22576	32668	32519
80384	23723	32376	32703	32133
80412	30931	31006	32650	32592
80440	26872	25450	32707	32142
80468	30716	28774	32679	31898
80496	34689	34119	32494	32813
80524	31817	33605	32663	32067
80552	45794	35480	32713	32790
80580	28341	38359	32708	32909
80608	30317	39100	32662	32920
80643	26867	36680	32618	33222
80671	32907	30809	32638	33355
80699	39377	33680	32668	32373
80727	42970	33303	32609	32596
80762	43727	27151	32686	32440
80790	47739	26395	32608	32117
80818	29692	31598	32657	32594
80846	20355	32395	32708	32660
80874	26222	31026	32662	33560
80902	28251	33005	32692	29601
80930	27467	34317	32667	33891
80958	33242	32399	32581	31941
80993	34313	30048	32588	30500
81021	31691	31662	32664	33737
81049	40037	30543	32665	32110
81077	36923	27335	32619	33240
81112	29360	32003	32763	33102
81140	51754	30467	32693	33261
81168	25762	36068	32732	32030
81196	37255	31174	32686	32712
81224	39893	33514	32707	32104
81252	40102	30556	32599	32577
81273	39911	33967	32675	33362
81301	45950	33187	32646	32165
81336	19561	18723	32730	33064
81371	19291	19257	32677	31842
81406	27182	21303	32641	32754
81434	30114	26580	32541	32237
81469	28811	27227	32737	32497
81497	34069	32376	32669	32740
81525	30991	32698	32660	32361
81553	35437	36627	32595	31930
81581	40443	33033	32640	32806
81609	26514	34156	32704	32370
81637	23952	33743	32683	32094
81679	4761	36546	32678	33243
81707	31694	30652	32735	31920
81735	41621	29117	32645	32504
81763	40130	30527	32652	32983
81791	46953	34044	32750	32596
81819	42820	35065	32547	33239
81847	35110	23815	32685	32524
81875	21615	33532	32672	33110
81903	25952	37631	32660	33205
81931	29191	20474	32786	32748
81959	29757	25933	32683	32606
81987	33393	28769	32729	32310
82015	32775	28151	32633	32390
82043	39158	31453	32563	32399
82071	34765	32619	32739	32725
82099	36847	31512	32712	32393
82127	24402	31969	32658	33004
82155	51784	27656	32654	32930
82183	9609	16236	32677	32228
82211	37973	20643	32668	32671
82239	39353	29766	32666	33186
82281	39673	47422	32807	32448
82309	46190	25610	32668	31785
82344	27053	31292	32638	32400
82379	18749	32290	32612	32507
82414	26500	32439	32639	32672
82449	32048	31750	32665	32552
82484	30589	36089	32618	32458
82512	35721	32865	32639	32570
82547	37589	32559	32698	32617
82582	28113	34912	32550	32653
82617	26228	31848	32561	32319
82652	34176	33111	32602	32893
82687	38766	34723	32708	31333
82722	43361	28369	32655	32760
82757	48665	32366	32637	33408
82792	30378	37167	32625	32905
82820	23062	37049	32595	33009
82855	26789	32375	32648	32827
82890	30855	33001	32676	33541
82925	28455	31419	32634	35730
82967	31572	46131	32688	31383
82995	45039	34685	32640	31486
83023	30952	33975	32592	32333
83058	29669	29776	32692	31698
83086	3002	51342	32596	33101
83121	39210	31267	32644	31923
83156	38374	29842	32674	32502
83198	49721	31741	32615	33037
83240	41825	30536	32787	32443
83289	15086	26716	32825	33496
83331	22851	31853	32694	32174
83366	25277	34154	32647	32727
83394	28667	31736	32649	32385
83422	31901	33188	32686	33296
83457	38409	33139	32711	33556
83485	51434	32457	32720	32393
83513	29635	36217	32613	32239
83541	24789	27858	32690	32681
83576	26870	34167	32613	31958
83604	34904	27976	32731	32457
83639	36863	28430	32731	32617
83667	40609	31176	32669	32934
83695	49536	30869	32721	32832
83730	41771	28422	32594	33085
83758	20086	31451	32672	32952
83793	17433	35203	32652	32590
83821	28562	34958	32594	33000
83849	28195	29775	32622	32507
83877	30142	31198	32664	33272
83905	33026	32120	32710	32479
83940	38131	36319	32675	31743
83968	32978	27091	32694	31797
83996	38530	33733	32748	33581
84024	40832	33356	32646	33364
84052	33513	32277	32595	32344
84080	29658	34883	32633	31977
84108	51814	34517	32706	32708
84136	32473	34583	32735	33215
84164	33889	26556	32735	32402
84192	41520	33860	32653	32706
84220	36673	31293	32648	33280
84248	49412	31940	32670	32316
84276	22844	31878	32603	32907
84304	22638	33009	32661	32691
84332	21894	27623	32571	32703
84360	27308	31655	32584	32901
84388	28322	32966	32595	32703
84416	27053	33674	32658	33683
84444	34880	33379	32584	33065
84472	30545	28458	32648	32556
84500	39882	31959	32800	31568
84528	35968	28434	32710	32490
84556	41365	36211	32739	33115
84584	36119	35576	32733	32754
84612	23236	31270	32600	33178
84647	51826	28609	32722	31326
84675	13852	48728	32594	30653
84703	35365	29886	32592	33508
84731	40674	33887	32660	32777
84759	42518	29618	32567	32537
84787	40249	27871	32606	32642
84815	30247	27465	32651	33361
84843	25216	32009	32803	33134
84871	22116	32607	32642	32249
84899	23319	35017	32642	33026
84927	29399	33622	32686	31256
84962	28628	37333	32703	30597
84990	31992	36150	32561	32759
85018	31785	37483	32627	32279
85053	29937	33637	32634	32461
85088	33560	33845	32832	32138
85116	41544	31652	32602	32063
85144	31719	34762	32577	33469
85172	24315	31488	32636	32070
85200	51488	29802	32586	32731
85228	26485	30242	32681	32337
85263	36072	29324	32675	32477
85291	39172	34458	32697	32651
85319	42687	33191	32644	32309
85347	38522	34032	32629	33269
85382	25140	31161	32635	32390
85410	19612	33598	32661	32128
85438	24630	33030	32657	32473
85466	29265	35867	32813	31849
85494	29584	33322	32583	33402
85522	32151	26901	32689	32816
85550	35393	32874	32646	32964
85585	37930	34863	32681	32685
85620	39080	34640	32605	32297
85648	46989	30247	32680	32569
85676	26929	32323	32674	33073
85711	24945	30517	32601	31055
85739	43200	33078	32560	32532
85767	31004	34218	32623	32750
85795	39965	30441	32639	31854
85816	43299	35522	32667	32394
85844	40857	48438	32726	31353
85872	37805	28438	32705	33231
85900	46274	25784	32649	33177
85928	22633	29759	32623	32425
85956	23812	32574	32743	33034
85984	24417	33125	32716	32563
86012	30897	36416	32705	32896
86040	29816	31997	32747	31556
86068	34798	31770	32639	33059
86096	30801	35747	32676	33484
86124	30537	33348	32562	32928
86152	36728	35180	32819	32239
86180	39534	30680	32648	32190
86215	27988	25828	32679	32318
86250	42565	31989	32798	32243
86285	29281	30263	32671	32548
86313	38719	29684	32712	32245
86341	38018	30885	32600	33129
86369	39655	34776	32698	32318
86397	39264	38328	32688	32292
86425	36769	33930	32638	32297
86453	23729	30202	32710	32604
86488	23839	35274	32671	31992
86516	29622	36842	32668	32414
86544	28540	36308	32641	33242
86572	32673	35160	32681	32544
86600	33195	29562	32764	33716
86628	32176	32399	32663	32013
86656	36572	31975	32608	32229
86684	39934	33551	32656	33603
86712	39415	30524	32670	32262
86740	24362	30064	32647	32330
86768	29019	33255	32633	31994
86796	72	33157	32679	32408
86824	36243	33842	32570	32238
86852	37479	30200	32701	32131
86880	36366	30629	32585	33134
86908	42097	32906	32648	31814
86943	44302	33085	32711	32461
86971	11450	31640	32645	33189
86999	21536	34630	32712	32978
87027	24891	31582	32650	32757
87055	24436	31263	32665	33002
87083	31330	32189	32719	30591
87104	32002	34528	32672	33277
87132	30826	33204	32634	33596
87160	31711	36226	32713	31805
87188	38508	45932	32779	32048
87209	36066	29323	32679	32566
87237	27376	42834	32690	32293
87265	38132	39364	32695	32247
87293	4646	37007	32706	33371
87321	34737	21532	32705	32236
87349	40419	24184	32638	32198
87377	41839	23948	32737	31765
87405	41275	32816	32630	32845
87433	40295	32503	32784	33590
87461	27264	34077	32664	34912
87489	27730	33186	32722	32134
87517	27644	32704	32673	32771
87545	31729	35983	32736	32522
87573	30058	32045	32690	31923
87601	36122	33349	32671	30904
87629	31200	28861	32752	31835
87657	32595	36014	32617	32502
87685	40032	36707	32664	32557
87713	26952	35554	32644	32894
87741	27439	36663	32695	32431
87769	50941	37034	32703	32400
87797	34324	35112	32666	32603
87825	35093	31780	32734	33073
87853	40136	35596	32669	32831
87881	40488	30530	32681	31909
87909	39319	32682	32677	32039
87937	34471	32070	32651	32452
87965	21534	28224	32640	33094
87993	27063	32892	32582	32705
88021	28058	30915	32640	32681
88049	32819	35084	32647	32677
88077	30622	27465	32734	32254
88105	33447	32004	32747	32250
88133	36920	27708	32680	32314
88161	35566	33235	32621	31796
88189	41935	28547	32583	33123
88224	29788	27231	32792	32263
88252	24095	24071	32678	33336
88280	13	33837	32672	32402
88308	36950	29232	32735	33090
88336	40488	31754	32613	31961
88364	39873	35688	32576	32370
88392	48475	32265	32590	32559
88420	44624	38822	32681	32214
88448	26381	36147	32709	31183
88476	22611	41727	32719	33894
88504	21437	37250	32627	33254
88532	29118	38075	32651	33253
88560	28961	36498	32740	33401
88588	31228	39368	32607	32572
88616	32871	38568	32708	32862
88644	34128	29349	32647	32456
88672	34834	36800	32695	32621
88700	37005	36221	32621	32667
88728	38547	39628	32657	32153
88756	24941	27841	32627	32916
88784	51850	31542	32692	32407
88812	8425	26287	32705	32138
88840	39892	50547	32713	32352
88868	39305	11535	32679	32216
88896	37687	20086	32700	32696
88924	32078	44577	32629	31102
88952	22245	15284	32641	32110
88980	26957	19745	32747	31999
89008	15501	25177	32688	32582
89036	23624	26913	32690	32903
89064	23039	24680	32726	35245
89092	28737	45366	32699	31775
89120	30537	18362	32659	32587
