timestamp	ch1	ch2	ch3	ch4
0	22253	45735	32646	32623
0.016	26062	42853	32656	32631
0.056	28615	31485	32759	32624
0.08	41817	28825	32615	32771
0.104	15348	40416	32744	32511
0.128	51071	18334	32759	32768
0.152	13647	44779	32746	32508
0.176	50682	20061	32785	32783
0.2	21487	45742	32708	32511
0.232	28124	41622	32668	32653
0.264	36401	34023	32671	32630
0.288	19655	32822	32781	32701
0.312	46547	22034	32742	32775
0.344	51092	17944	32721	32816
0.376	50900	20126	32742	32823
0.4	21074	65505	32693	32538
0.424	40838	20359	32784	32648
0.456	30734	24167	32664	32596
0.48	39380	43811	32652	32776
0.512	46673	23240	32755	32754
0.544	51115	10245	32760	32789
0.576	51495	12655	32794	32816
0.608	46629	16516	32783	32721
0.632	27599	39445	32661	32425
0.664	35290	33921	32647	32720
0.688	21639	32650	32779	32569
0.712	46941	23666	32712	32795
0.744	50957	19430	32735	32830
0.768	14819	45851	32724	32555
0.8	19730	47178	32697	32484
0.832	26308	44473	32658	32700
0.864	34064	39003	32628	32738
0.912	45032	26787	32722	32755
0.944	50454	21205	32763	32858
0.984	16296	47568	32752	32550
1.032	25043	45279	32648	32608
1.064	32814	38888	32634	32696
1.096	40506	30835	32615	32820
1.136	14117	41286	32718	32533
1.192	50782	20087	32769	32783
1.24	40711	25275	32715	32748
1.28	36378	34801	32630	32675
1.312	43978	26560	32616	32771
1.36	51318	19425	32747	32802
1.4	17924	46047	32658	32603
1.44	41832	24467	32709	32725
1.488	25633	31995	32785	32615
1.544	49221	20890	32730	32838
1.592	51408	19113	32765	32797
1.632	23461	43992	32646	32665
1.68	34820	36195	32605	32626
1.728	45977	24259	32756	32811
1.792	51422	19027	32751	32754
1.848	26419	42931	32651	32612
1.896	38506	33445	32620	32717
1.944	48572	21981	32722	32872
1.992	51151	18925	32778	32803
2.04	43620	23561	32716	32785
2.088	28042	30853	32775	32681
2.136	16038	39444	32760	32551
2.184	13975	45131	32757	32429
2.232	21918	45618	32649	32452
2.28	33058	38642	32632	32604
2.328	44802	25739	32615	32763
2.376	51079	18621	32762	32859
2.424	48440	20819	32753	32776
2.488	28533	29356	32767	32593
2.544	47646	22995	32760	32779
2.592	51345	18193	32753	32809
2.64	46164	21974	32719	32805
2.688	30992	28869	32769	32617
2.736	16986	37487	32760	32571
2.784	13906	43853	32752	32442
2.832	20146	45843	32679	32520
2.88	30517	39975	32645	32554
2.936	17745	37609	32748	32606
2.984	13220	43575	32743	32507
3.04	47379	21577	32759	32703
3.096	33951	37494	32614	32677
3.152	15883	39075	32764	32503
3.216	16136	45714	32742	32515
3.28	28767	41521	32642	32546
3.336	19788	35871	32794	32583
3.392	51310	19131	32755	32789
3.448	20931	44758	32701	32526
3.504	30251	29904	32761	32691
3.56	47153	23967	32749	32820
3.624	51397	19247	32763	32766
3.696	30963	39808	32636	32677
3.752	17639	37155	32750	32600
3.816	14753	45384	32744	32458
3.872	43130	23953	32715	32727
3.928	38409	32972	32615	32719
3.984	14083	41990	32743	32577
4.04	50626	19904	32764	32741
4.096	29309	41122	32640	32609
4.152	19190	36267	32754	32578
4.216	13880	44615	32733	32501
4.272	44844	22917	32733	32758
4.336	23917	32657	32742	32596
4.4	13145	42947	32779	32574
4.472	45587	22721	32766	32746
4.536	25491	32433	32737	32591
4.592	49865	21417	32751	32820
4.648	17248	45720	32727	32680
4.704	37011	26561	32656	32681
4.76	42555	28077	32618	32808
4.816	13466	43508	32764	32573
4.88	22703	45481	32644	32529
4.936	27349	31394	32769	32646
4.992	48293	22432	32750	32840
5.056	51038	19675	32791	32801
5.112	28899	40922	32624	32626
5.168	19246	35660	32780	32594
5.224	51424	18918	32757	32831
5.28	21017	46428	32649	32560
5.344	36008	34998	32652	32621
5.4	14581	40212	32758	32519
5.456	51214	19306	32766	32794
5.512	27276	43021	32656	32638
5.576	42676	28111	32606	32774
5.64	51588	18469	32731	32778
5.704	43226	24080	32733	32727
5.76	37902	32795	32633	32723
5.816	13994	41794	32711	32600
5.888	48197	21753	32733	32716
5.944	33047	37534	32624	32688
6.008	48120	22432	32737	32781
6.064	15895	46162	32733	32585
6.136	34754	27468	32687	32659
6.2	16776	38224	32715	32517
6.264	15427	45605	32737	32495
6.336	36490	27329	32692	32696
6.4	17043	37558	32719	32521
6.456	51446	18855	32746	32756
6.52	42548	24287	32717	32777
6.592	42318	28204	32609	32757
6.648	13589	43653	32751	32398
6.72	43541	23898	32711	32709
6.784	23083	33757	32751	32600
6.84	50580	20226	32753	32777
6.904	48480	21455	32746	32808
6.968	28948	30323	32793	32628
7.04	50256	20337	32749	32790
7.112	21192	45526	32658	32497
7.184	24980	32683	32763	32619
7.248	13688	42809	32767	32486
7.32	46742	22423	32704	32774
7.392	38886	31929	32615	32858
7.472	51530	18807	32774	32845
7.552	37635	26363	32674	32687
7.608	42168	28126	32603	32718
7.664	13572	43740	32756	32522
7.736	44116	23768	32696	32765
7.792	37436	33676	32623	32657
7.848	14020	41377	32707	32488
7.904	50667	19914	32742	32766
7.96	29002	41513	32645	32693
8.016	20225	35782	32774	32587
8.072	51331	19247	32703	32763
8.128	21159	45620	32649	32597
8.184	30226	29887	32759	32674
8.24	46793	23214	32763	32796
8.304	51217	19476	32756	32838
8.36	27011	42452	32654	32644
8.424	42872	27390	32615	32779
8.488	51399	18933	32772	32758
8.56	26676	42819	32634	32568
8.616	21625	34263	32745	32571
8.672	50728	19776	32699	32768
8.736	47557	21807	32734	32767
8.792	33592	37518	32630	32775
8.848	15965	38858	32740	32571
8.912	16300	46021	32742	32642
8.976	28987	41866	32628	32632
9.048	16561	38425	32752	32613
9.112	15725	45567	32736	32433
9.176	28134	41818	32647	32609
9.24	43756	26792	32610	32819
9.304	51499	18753	32790	32828
9.36	23605	44419	32633	32585
9.44	42751	27733	32620	32720
9.496	13576	44129	32717	32437
9.56	23014	45129	32632	32573
9.616	26627	31532	32754	32579
9.672	49107	21638	32749	32805
9.736	50283	20130	32737	32796
9.8	32557	28442	32683	32667
9.856	45781	25150	32714	32755
9.912	14239	45241	32726	32493
9.968	43670	23205	32747	32752
10.032	22880	33270	32770	32582
10.088	50706	19680	32726	32870
10.152	48937	20801	32740	32788
10.208	32554	38212	32629	32680
10.272	47800	22834	32766	32845
10.36	21045	45828	32683	32688
10.424	36454	35451	32625	32609
10.488	50431	20771	32728	32849
10.544	17663	46479	32695	32506
10.6	36336	26528	32728	32676
10.656	47119	27775	32626	32693
10.72	51367	19617	32799	32738
10.776	23644	44791	32691	32416
10.84	40602	31397	32643	32767
10.904	51529	22975	32717	32820
10.968	44899	19399	32765	32785
11.032	20688	29336	32779	32630
11.096	12859	42038	32737	32485
11.16	24084	65504	32690	32565
11.216	21851	20929	32772	32664
11.28	13888	39818	32738	32540
11.336	44110	18596	32774	32733
11.4	20538	65501	32735	32790
11.472	51558	21026	32761	32685
11.536	34519	65502	32659	32874
11.608	50789	49666	32723	32632
11.672	51079	44848	32733	32749
11.736	31427	28221	32687	32789
11.8	13646	28461	32660	32647
11.864	15250	27555	32673	32565
11.928	31596	30502	32732	32646
11.992	40735	41442	32680	32634
12.056	20949	37061	32656	32871
12.12	29823	29472	32770	32800
12.184	51873	20166	32770	32636
12.248	51848	21099	32718	32633
12.328	41874	42726	32632	32436
12.4	48547	28082	32775	32836
12.464	48371	23209	32755	32504
12.528	38056	38731	32722	32444
12.592	17664	51597	32714	32579
12.688	14223	45333	32731	32578
12.752	31682	28682	32782	32701
12.808	15186	46303	32720	32738
12.888	15024	43357	32726	32683
12.96	30741	38650	32736	32594
13.024	13638	47079	32698	32633
13.088	13974	37282	32763	32725
13.152	34848	30035	32732	32703
13.224	25197	65502	32687	32645
13.288	18664	40477	32738	32603
13.352	15198	22631	32740	32740
13.408	51427	44528	32680	32651
13.464	27165	24719	32717	32654
13.528	33988	38878	32701	32561
13.6	33456	30931	32684	32697
13.664	24663	19979	32695	32554
13.728	32872	23662	32784	32725
13.792	48286	65503	32667	32672
13.864	9731	7071	32680	32639
13.936	40118	30705	32739	32739
14	21133	8009	32747	32718
14.064	7215	5851	32695	32656
14.136	41199	46331	32609	32705
14.208	43510	65505	32666	32690
14.28	11335	65504	32682	32728
14.352	36296	17227	32743	32649
14.424	35811	42081	32735	32673
14.496	16690	27972	32761	32603
14.56	28570	2	32668	32702
14.632	37008	12865	32788	32741
14.712	32011	49758	32729	32651
14.792	51791	38385	32665	32635
14.864	20147	7987	32795	32619
14.936	39251	27776	32741	32614
15.008	49070	65505	32633	32675
15.08	14557	31094	32646	32681
15.152	28061	42786	32682	32658
15.224	48753	65504	32643	32701
15.296	11459	23733	32661	32655
15.368	31203	20980	32678	32662
15.44	51480	38613	32634	32682
15.512	12525	11507	32658	32678
15.6	21914	18551	32685	32629
15.68	10799	15068	32686	32691
15.752	43175	40583	32726	32679
15.824	43929	65504	32646	32698
15.904	51823	44509	32619	32724
15.976	29599	65495	32710	32624
16.048	15064	12496	32738	32692
16.128	16895	4988	32678	32688
16.2	29169	18336	32721	32657
16.28	12841	8754	32709	32652
16.36	24084	28265	32639	32635
16.44	45064	47317	32627	32580
16.528	15382	21753	32661	32722
16.6	33071	31245	32691	32672
16.68	12604	16579	32709	32659
16.76	20459	29083	32770	32674
16.832	23093	21239	32681	32643
16.904	51674	48521	32619	32656
16.976	23405	26783	32643	32676
17.056	45537	47904	32640	32696
17.144	15579	19072	32675	32644
17.216	30630	25607	32706	32640
17.296	11764	13403	32692	32602
17.368	47500	38456	32607	32646
17.448	21706	16435	32724	32730
17.528	12487	19184	32647	32657
17.616	32709	28575	32722	32687
17.704	51644	53118	32643	32600
17.776	20977	27198	32736	32665
17.864	18517	16253	32717	32667
17.936	51739	46760	32618	32677
18.024	32951	46734	32662	32684
18.104	51422	51737	32644	32682
18.184	46344	39121	32728	32672
18.256	40851	45251	32653	32659
18.328	11920	14709	32688	32669
18.4	42590	31800	32745	32544
18.48	17014	10475	32748	32644
18.552	51699	44139	32629	32621
18.632	32160	25697	32704	32690
18.704	50340	50834	32660	32667
18.776	17560	23991	32782	32673
18.856	38834	44209	32653	32660
18.936	51719	52222	32650	32676
19.016	39563	34897	32751	32647
19.088	46555	50178	32645	32698
19.16	13783	17584	32672	32648
19.24	32744	36898	32668	32738
19.312	13404	11980	32708	32656
19.384	50132	43670	32615	32714
19.456	36240	65505	32648	32641
19.528	12251	11383	32684	32654
19.616	42500	31909	32753	32588
19.704	47782	65505	32678	32634
19.8	47712	35186	32747	32653
19.888	43444	65506	32657	32669
19.976	14593	13823	32688	32625
20.056	33926	35868	32651	32651
20.136	51605	50314	32643	32674
20.224	24246	28946	32654	32678
20.312	15619	11556	32715	32695
20.4	49892	38565	32673	32654
20.48	24348	16432	32688	32679
20.576	13363	12703	32679	32629
20.656	31506	44167	32658	32645
20.736	50765	65504	32634	32647
20.824	22687	20684	32778	32654
20.912	17717	13881	32706	32692
21.008	17987	19249	32808	32653
21.104	43159	65505	32666	32594
21.184	51715	41240	32625	32599
21.272	33533	65503	32675	32713
21.36	12071	5495	32699	32726
21.456	28473	37772	32670	32634
21.552	51335	65504	32644	32644
21.648	41467	29459	32772	32684
21.76	12123	7325	32712	32666
21.856	26780	33910	32742	32642
21.952	50348	65505	32656	32639
22.048	43402	31818	32752	32602
22.144	14119	10365	32693	32687
22.24	21382	24733	32789	32726
22.336	46397	65505	32642	32691
22.44	20727	22117	32763	32671
22.536	45801	65506	32645	32728
22.632	49931	36336	32746	32634
22.736	44733	65506	32648	32621
22.824	15913	15851	32644	32746
22.92	40062	65503	32654	32610
23.016	51689	40356	32639	32652
23.112	26398	17708	32693	32637
23.2	51707	44296	32627	32675
23.296	32948	27339	32697	32677
23.384	51558	49697	32616	32781
23.464	44967	34816	32733	32629
23.552	45769	65504	32632	32621
23.632	51483	40238	32622	32603
23.72	37162	65503	32651	32663
23.8	51681	46251	32638	32706
23.88	42174	30236	32759	32695
23.968	48196	65505	32651	32632
24.056	18185	21621	32750	32700
24.128	26122	17849	32694	32687
24.208	11882	7747	32677	32695
24.288	25473	31779	32651	32676
24.368	47408	65504	32653	32652
24.44	14696	12869	32659	32696
24.52	33546	35991	32654	32670
24.6	51534	65504	32652	32705
24.68	44993	36701	32750	32687
24.752	41441	65506	32622	32699
24.832	51721	43943	32611	32726
24.92	31766	39344	32639	32668
24.992	13772	7488	32765	32681
25.064	50540	39911	32626	32679
25.136	35350	65503	32645	32618
25.216	51590	65503	32626	32704
25.296	43331	30961	32743	32706
25.368	43460	65504	32647	32670
25.448	51723	41399	32627	32732
25.52	29438	37887	32668	32626
25.592	14948	10416	32727	32658
25.672	16977	16415	32691	32721
25.744	28886	19659	32707	32674
25.816	51565	65503	32654	32581
25.888	19988	21375	32758	32751
25.96	24650	16203	32706	32628
26.032	51670	53690	32636	32649
26.136	31638	39295	32637	32665
26.232	51646	57575	32635	32589
26.304	22476	24689	32784	32633
26.4	48222	65505	32642	32716
26.488	18480	18949	32770	32610
26.568	38627	65505	32657	32636
26.648	51705	44102	32637	32625
26.744	33662	22710	32709	32670
26.824	12841	8032	32703	32686
26.904	21085	24624	32759	32622
26.976	23522	13932	32746	32634
27.056	12523	10232	32695	32697
27.136	28016	34109	32733	32671
27.224	13100	6894	32740	32652
27.312	46052	33888	32737	32687
27.4	44446	65504	32621	32681
27.488	16038	14185	32684	32650
27.568	35600	65507	32653	32754
27.656	12006	8388	32699	32646
27.744	37661	26014	32750	32680
27.832	50575	65503	32631	32738
27.912	48057	34814	32731	32585
27.992	22466	16186	32729	32627
28.072	12683	8752	32669	32688
28.152	29067	35317	32717	32688
28.24	12900	9476	32688	32682
28.32	20516	20581	32738	32664
28.408	19991	15119	32709	32589
28.504	16547	15489	32692	32692
28.592	25132	16788	32717	32662
28.672	12311	6792	32691	32660
28.76	36720	26397	32741	32658
28.84	14492	6231	32731	32667
28.928	47873	34915	32755	32584
29.008	21963	14666	32711	32702
29.088	12579	11129	32685	32718
29.168	29669	35553	32654	32709
29.248	49677	65506	32644	32641
29.328	49120	37032	32747	32645
29.408	23633	18223	32686	32671
29.496	51717	42660	32627	32663
29.576	34775	27481	32761	32681
29.656	13666	5792	32721	32666
29.736	19550	18146	32789	32632
29.816	40403	65503	32665	32767
29.896	51728	42813	32647	32725
29.976	37072	28863	32758	32685
30.056	14443	9026	32717	32675
30.136	18071	18437	32735	32669
30.216	38737	65503	32659	32721
30.304	12733	6476	32690	32677
30.392	33693	25170	32733	32588
30.472	13276	7301	32689	32664
30.552	20642	19881	32756	32629
30.632	41400	65505	32653	32679
30.72	13669	11494	32658	32619
30.8	31594	38686	32643	32681
30.88	50523	65505	32641	32649
30.968	22415	24807	32773	32683
31.056	17689	10893	32711	32678
31.144	51025	37834	32622	32630
31.232	38587	65506	32651	32687
31.344	51275	39361	32610	32662
31.44	23876	16966	32705	32652
31.528	51718	42110	32626	32665
31.624	30153	20336	32719	32676
31.728	51698	42202	32627	32707
31.824	31208	23089	32697	32632
31.92	12436	6350	32689	32724
32.008	37628	27073	32777	32680
32.096	49816	65506	32645	32685
32.184	21552	22653	32760	32666
32.272	19209	9342	32700	32635
32.368	16999	15361	32715	32595
32.472	19525	14578	32739	32618
32.576	50218	36788	32620	32555
32.672	20278	15456	32736	32596
32.768	15743	10714	32665	32678
32.888	17509	12115	32693	32707
33	21494	22123	32745	32638
33.128	51312	65505	32631	32679
33.264	37135	65504	32688	32660
33.368	14128	6116	32654	32645
33.512	48384	65506	32651	32651
33.656	31943	24417	32712	32714
33.76	51694	45053	32629	32648
33.856	33246	23327	32709	32592
33.96	51667	43862	32627	32627
34.064	32559	40729	32660	32684
34.16	51609	65503	32641	32582
34.272	32321	19670	32727	32649
34.376	51645	42856	32623	32639
34.496	38921	65505	32638	32695
34.6	14855	9333	32673	32562
34.696	37567	65503	32647	32664
34.808	51626	38661	32623	32615
34.928	45466	65505	32654	32650
35.04	47196	37818	32621	32658
35.136	15999	15246	32704	32641
35.232	17839	23086	32725	32628
35.336	18299	16661	32701	32670
35.44	48928	41448	32725	32693
35.536	18506	15652	32704	32647
35.632	16846	12678	32679	32677
35.728	41806	35475	32617	32728
35.824	50489	52854	32630	32712
35.928	39570	65504	32689	32608
36.04	51499	33610	32648	32636
36.144	43716	65505	32647	32583
36.248	16968	16991	32753	32685
36.376	48956	41809	32651	32694
36.488	41296	35624	32752	32694
36.592	50556	65503	32654	32699
36.696	26170	29061	32661	32672
36.784	14422	15198	32692	32651
36.912	29173	40781	32650	32690
37.008	51499	52435	32665	32662
37.112	28376	28197	32658	32697
37.216	12358	11332	32686	32672
37.296	23000	24448	32762	32658
37.392	47917	65503	32649	32669
37.488	47859	37135	32748	32686
37.568	21277	11956	32708	32687
37.672	50915	39236	32616	32669
37.752	28168	21691	32724	32603
37.84	51705	56463	32628	32677
37.92	40210	29192	32769	32612
38	15624	8930	32731	32612
38.08	16865	11886	32669	32675
38.16	36164	65506	32658	32654
38.256	51697	43036	32640	32636
38.384	21289	19549	32705	32660
38.464	13321	8180	32657	32731
38.552	33956	23444	32750	32632
38.632	12922	8275	32722	32646
38.736	40489	30509	32737	32665
38.824	48606	65505	32665	32686
38.928	23376	23739	32744	32671
39.016	16817	9955	32716	32773
39.112	18783	15596	32787	32695
39.192	38877	65504	32655	32690
39.28	13171	8533	32696	32600
39.36	28987	32511	32728	32652
39.448	13766	7088	32733	32680
39.536	45474	32660	32742	32598
39.616	20124	12960	32702	32713
39.728	19387	21161	32777	32686
39.816	21175	17149	32739	32631
39.904	51631	40037	32620	32708
39.992	34443	65505	32651	32686
40.08	12549	7536	32684	32728
40.168	40015	29828	32734	32685
40.248	16123	13627	32696	32715
40.336	49521	36442	32738	32678
40.424	40908	65504	32665	32673
40.512	13714	10530	32675	32690
40.592	30656	35482	32704	32693
40.68	12939	7755	32693	32636
40.76	21900	21708	32780	32632
40.848	18432	12419	32716	32646
40.944	17891	12271	32761	32681
41.032	24397	17465	32702	32619
41.136	51509	40574	32619	32583
41.248	20620	17674	32703	32686
41.352	50817	37167	32610	32673
41.456	43123	65506	32662	32666
41.544	15685	8637	32684	32692
41.648	22950	18032	32682	32696
41.744	14599	12461	32702	32751
41.84	36546	65507	32660	32722
41.944	14184	11150	32692	32634
42.04	35985	65504	32654	32617
42.144	13873	9459	32657	32697
42.248	26387	19839	32693	32566
42.352	51635	40129	32622	32563
42.456	38592	65506	32655	32642
42.56	14788	9874	32683	32684
42.664	24090	15193	32703	32700
42.768	51547	39979	32607	32616
42.872	40105	65504	32656	32704
42.992	19564	14677	32785	32646
43.104	47142	65504	32650	32681
43.208	21866	18922	32777	32697
43.312	14903	9099	32712	32664
43.424	24590	27622	32780	32704
43.536	50636	65503	32642	32603
43.656	31796	38939	32715	32633
43.784	51575	39383	32621	32543
43.904	44070	65505	32641	32641
44.016	47886	34785	32742	32622
44.12	46692	65503	32673	32646
44.224	21378	21243	32744	32622
44.336	48739	65506	32647	32746
44.448	40362	28429	32773	32682
44.552	50925	65505	32636	32649
44.656	27423	31057	32757	32661
44.76	12397	7981	32703	32587
44.872	30510	35948	32737	32713
44.992	13435	8124	32686	32620
45.104	38069	35266	32655	32707
45.208	15082	14998	32666	32694
45.32	41937	65506	32671	32639
45.424	17097	20327	32682	32656
45.536	44905	65504	32631	32655
45.648	46636	32548	32732	32557
45.76	14527	5848	32716	32764
45.872	26325	28970	32770	32660
45.976	12585	10202	32707	32549
46.088	29744	36113	32718	32710
46.192	12096	12408	32705	32687
46.296	34527	23720	32737	32648
46.408	12877	5362	32702	32678
46.52	36873	65505	32658	32679
46.632	51525	39555	32629	32671
46.752	44181	65505	32639	32692
46.872	22455	19306	32787	32659
47	51486	65505	32635	32682
47.112	32599	23802	32746	32609
47.232	51647	41094	32603	32690
47.336	37718	65502	32635	32654
47.456	17516	11958	32764	32634
47.576	16274	11152	32684	32709
47.696	41482	30520	32737	32671
47.824	12739	10965	32684	32631
47.944	25816	16525	32709	32549
48.08	47787	37711	32739	32656
48.2	49468	65506	32641	32686
48.328	33117	26921	32767	32660
48.472	17998	15945	32786	32693
48.6	48484	65506	32644	32683
48.744	29377	21666	32704	32678
48.872	17001	11891	32680	32612
48.992	16948	13172	32683	32670
49.112	42537	29126	32730	32606
49.24	12457	10177	32681	32684
49.352	34898	65503	32684	32705
49.472	15613	7285	32691	32617
49.592	18784	12683	32723	32657
49.704	20995	18602	32776	32606
49.824	13185	12933	32728	32602
49.944	35519	24400	32737	32650
50.064	51691	42583	32624	32690
50.184	40176	65504	32617	32686
50.304	19650	15413	32743	32658
50.432	50083	65506	32640	32710
50.552	30467	33291	32764	32643
50.664	51672	59418	32635	32712
50.776	27750	19641	32681	32687
50.888	15212	9408	32687	32615
50.992	23376	19199	32691	32693
51.104	17557	14737	32784	32640
51.208	19770	13742	32704	32700
51.312	50131	36407	32750	32758
51.416	44550	65504	32642	32619
51.52	19491	19569	32744	32636
51.64	14294	13659	32696	32706
51.744	42916	30848	32725	32662
51.848	49588	65504	32645	32696
51.96	38754	28176	32723	32648
52.064	51218	65505	32642	32682
52.176	34013	23566	32761	32641
52.28	51569	65503	32636	32650
52.392	29590	22308	32710	32726
52.496	51690	42210	32641	32655
52.6	35935	65504	32634	32622
52.704	14144	9645	32648	32624
52.8	35016	65503	32651	32655
52.904	13691	10225	32677	32729
53.016	38830	65504	32643	32609
53.128	50888	37854	32645	32685
53.24	18641	10993	32710	32713
53.344	48950	35656	32747	32657
53.456	15794	9014	32700	32639
53.568	24129	25075	32758	32649
53.688	12501	7905	32690	32577
53.8	31207	36168	32736	32683
53.904	12843	7596	32716	32729
54.008	31281	23838	32722	32673
54.112	51674	55267	32589	32580
54.216	34353	65506	32651	32666
54.32	13532	4756	32709	32668
54.424	27871	23728	32688	32696
54.536	14930	12976	32681	32661
54.648	41488	65505	32658	32633
54.76	49456	36098	32612	32609
54.872	16273	14423	32677	32678
54.984	23748	23679	32795	32579
55.088	14186	7593	32695	32713
55.208	37478	28387	32759	32736
55.328	51591	51620	32623	32714
55.448	38666	65503	32651	32694
55.552	15205	10515	32700	32668
55.672	18972	15974	32702	32685
55.792	45613	31715	32749	32615
55.904	13625	9546	32711	32711
56.032	31858	63797	32708	32603
56.16	51638	38728	32634	32699
56.272	21183	16319	32702	32652
56.392	47543	34038	32751	32670
56.512	50046	65504	32637	32630
56.632	29760	34716	32750	32709
56.752	13388	10005	32691	32650
56.872	23993	13921	32716	32764
56.992	49860	35418	32762	32681
57.104	16025	11743	32703	32727
57.224	41250	30007	32735	32618
57.336	12536	9993	32712	32675
57.456	31460	24267	32698	32720
57.568	13841	6965	32690	32740
57.688	22039	19602	32686	32631
57.8	18570	15242	32738	32721
57.92	15278	9590	32703	32694
58.032	24981	26435	32757	32619
58.144	51120	65503	32639	32611
58.264	32398	36007	32661	32738
58.384	14337	9808	32686	32629
58.512	44167	65505	32633	32696
58.624	47126	34170	32756	32708
58.736	14546	12373	32714	32673
58.848	26050	26331	32736	32706
58.96	51008	65504	32637	32677
59.088	28205	21665	32701	32710
59.2	14831	12507	32682	32644
59.312	40932	65504	32634	32716
59.424	50406	37085	32644	32630
59.536	16685	14105	32699	32644
59.648	22793	19015	32775	32713
59.76	49845	65506	32639	32653
59.872	38602	26951	32738	32603
59.984	12530	8032	32702	32621
60.096	32953	41731	32737	32656
60.208	51684	43010	32647	32599
60.32	24649	21555	32734	32677
60.448	19778	15857	32764	32629
60.56	46915	65505	32639	32740
60.672	42742	30573	32733	32657
60.784	13231	7583	32723	32634
60.904	33796	26676	32779	32636
61.048	17689	12302	32776	32606
61.176	48732	65504	32639	32703
61.288	41503	30240	32722	32762
61.4	12774	7209	32716	32670
61.528	34818	65503	32666	32724
61.648	15607	11679	32675	32601
61.768	18665	12895	32722	32690
61.896	24795	21715	32802	32685
62.008	50766	65504	32646	32709
62.12	36051	28903	32752	32638
62.232	12759	10038	32703	32743
62.344	34807	65506	32650	32635
62.464	15869	11240	32675	32648
62.584	18712	14480	32706	32671
62.704	45149	33034	32735	32694
62.848	12891	9873	32708	32710
62.968	25003	20458	32725	32719
63.088	50785	36507	32625	32658
63.2	17565	12902	32688	32674
63.32	43701	31466	32736	32613
63.432	13357	6261	32734	32699
63.544	28751	32229	32758	32622
63.656	51577	65504	32668	32662
63.768	31098	20518	32690	32581
63.88	13912	10181	32710	32650
63.992	38889	65504	32643	32596
64.104	51193	36781	32629	32715
64.216	18866	11689	32707	32589
64.328	20471	20301	32772	32582
64.44	48146	65505	32637	32637
64.552	42172	34390	32724	32696
64.656	50334	65506	32666	32634
64.768	37554	29428	32750	32652
64.88	12691	5604	32686	32610
64.992	32994	37717	32719	32701
65.112	15446	7473	32677	32669
65.224	42008	65507	32630	32650
65.336	48735	40108	32629	32540
65.448	14818	18599	32680	32660
65.56	24526	31421	32758	32621
65.672	51135	65503	32643	32767
65.784	36399	39635	32742	32589
65.896	13161	33764	32686	32763
66.008	33578	38610	32768	32691
66.12	51621	41248	32632	32644
66.24	39960	65503	32641	32725
66.352	50157	45485	32626	32684
66.52	51608	65502	32608	32611
66.632	26329	22439	32706	32646
66.76	17014	17829	32762	32683
66.872	43785	65501	32652	32636
67	39146	65505	32684	32687
67.12	51726	34141	32740	32648
67.232	30109	9343	32713	32558
67.344	15281	4	32717	32608
67.464	18496	24808	32713	32664
67.576	20438	18009	32751	32638
67.696	15776	15120	32690	32694
67.808	26017	18937	32746	32602
67.92	51038	57805	32609	32679
68.04	31386	37733	32650	32680
68.152	51457	65503	32636	32605
68.256	34492	38185	32713	32683
68.368	51702	40805	32616	32591
68.496	20963	15121	32724	32679
68.6	51018	34328	32747	32646
68.712	18666	8642	32701	32794
68.832	45042	32684	32736	32652
68.936	48361	65503	32651	32666
69.04	24037	21568	32717	32578
69.152	50525	65504	32656	32737
69.264	37528	29632	32720	32675
69.36	13041	10097	32704	32716
69.456	25251	25173	32757	32701
69.568	50866	65505	32644	32694
69.672	28108	29467	32768	32703
69.792	12949	5625	32658	32657
69.896	31934	24191	32708	32691
70.008	13968	8700	32702	32661
70.104	33774	65504	32650	32660
70.216	51638	40437	32630	32694
70.312	29436	21220	32701	32576
70.408	13038	3752	32706	32670
70.504	31559	35766	32651	32652
70.6	51287	65504	32638	32665
70.704	30193	34660	32774	32599
70.808	12772	5679	32679	32630
70.904	28829	30542	32764	32644
71.016	51544	65505	32629	32658
71.12	31300	36911	32741	32675
71.216	51328	65504	32636	32659
71.312	38167	26801	32761	32667
71.408	13305	6742	32703	32693
71.504	25054	24652	32784	32603
71.6	47947	65503	32631	32638
71.704	23862	19075	32778	32631
71.808	14347	12972	32698	32620
71.936	30674	34375	32756	32668
72.056	13515	9799	32671	32583
72.152	32938	65503	32694	32666
72.264	51669	42882	32628	32660
72.368	35739	65504	32646	32662
72.472	14004	8951	32666	32712
72.568	34163	65505	32735	32694
72.68	51573	40858	32619	32622
72.784	37176	65506	32678	32631
72.896	51586	38050	32627	32652
73	39900	65505	32650	32587
73.096	51637	39148	32624	32631
73.192	27564	22221	32715	32736
73.288	13491	9135	32651	32711
73.376	34622	24049	32750	32594
73.464	50318	65504	32649	32661
73.552	23289	21130	32774	32710
73.64	17056	13328	32699	32639
73.736	18824	18304	32767	32582
73.824	23589	13229	32705	32662
73.912	51620	45605	32649	32699
74	31688	46125	32729	32675
74.096	51481	65506	32662	32565
74.184	26665	33885	32785	32652
74.272	14999	15371	32716	32637
74.36	48163	32378	32626	32616
74.448	41497	65503	32632	32730
74.536	14786	6121	32696	32567
74.624	30663	22873	32704	32693
74.712	51393	65507	32636	32620
74.8	26193	23188	32798	32629
74.888	15123	13898	32704	32682
74.976	48930	36901	32617	32655
75.064	40958	65506	32682	32681
75.168	17105	12934	32677	32705
75.256	25344	24209	32717	32680
75.36	51595	40476	32641	32729
75.448	34165	65506	32722	32614
75.536	12804	4119	32712	32547
75.624	40678	31217	32725	32736
75.712	47827	65505	32628	32734
75.8	19542	19974	32756	32673
75.888	21916	18233	32722	32674
75.976	51622	40980	32621	32611
76.064	33041	65505	32732	32654
76.16	51475	65502	32615	32693
76.248	27812	26294	32729	32661
76.336	14305	9508	32711	32633
76.424	47547	38819	32645	32745
76.528	45653	65502	32644	32658
76.632	21362	15754	32770	32603
76.72	19713	16875	32692	32714
76.808	51431	37505	32732	32633
76.896	35754	65505	32711	32664
76.984	12877	5265	32688	32757
77.08	29493	33125	32787	32697
77.176	51051	65505	32652	32694
77.272	40634	29424	32737	32617
77.368	13925	12287	32711	32670
77.464	23244	24268	32781	32693
77.568	14891	10850	32732	32605
77.688	39172	31479	32747	32756
77.784	13732	6813	32698	32627
77.88	24163	24213	32758	32652
77.976	47511	65503	32634	32639
78.08	22556	22956	32805	32648
78.184	15120	8597	32722	32620
78.28	21363	15861	32755	32621
78.376	44789	65504	32635	32666
78.48	20395	17461	32809	32695
78.6	14575	14144	32726	32718
78.704	43550	32590	32720	32616
78.808	48754	65505	32646	32626
78.912	24419	22765	32762	32678
79.032	12989	8568	32700	32656
79.184	21151	18568	32721	32661
79.288	50549	35039	32666	32701
79.4	18685	14975	32721	32560
79.504	49005	34988	32756	32631
79.608	44792	65503	32624	32634
79.712	19821	18236	32727	32640
79.824	46759	65502	32649	32719
79.928	22141	22860	32784	32705
80.032	15475	9435	32669	32689
80.136	45179	32159	32720	32683
80.24	47665	65505	32648	32669
80.336	46494	35167	32740	32693
80.424	43116	65504	32647	32606
80.512	16018	11084	32685	32663
80.608	37623	65504	32650	32649
80.704	51618	44018	32620	32691
80.8	29663	21907	32718	32607
80.888	51661	46966	32641	32671
80.984	37420	32852	32772	32698
81.08	12378	10145	32688	32718
81.176	25428	26536	32655	32680
81.272	48751	65502	32626	32679
81.36	20236	25413	32753	32667
81.456	44173	65505	32636	32688
81.544	16817	12671	32686	32641
81.64	40613	32150	32642	32633
81.736	50551	37770	32742	32705
81.824	34198	65504	32719	32665
81.92	51656	65462	32607	32566
82.016	35130	23248	32758	32579
82.104	51463	41610	32655	32579
82.192	22963	25763	32667	32721
82.288	46885	65502	32599	32654
82.376	17150	29632	32780	32699
82.464	21581	25404	32687	32643
82.56	14313	18621	32668	32656
82.656	37566	65504	32661	32671
82.752	51446	42791	32631	32618
82.856	37048	65504	32761	32635
82.944	13884	3115	32706	32736
83.04	32631	21419	32640	32616
83.136	50287	65503	32621	32670
83.232	38318	24636	32761	32589
83.32	49348	65506	32657	32660
83.416	44791	33233	32736	32575
83.512	15676	13124	32712	32722
83.6	49408	37410	32750	32733
83.696	20176	14204	32699	32664
83.792	17036	15458	32670	32623
83.88	26254	21782	32719	32680
83.968	51661	52045	32633	32626
84.064	32115	22684	32716	32710
84.152	51389	65505	32642	32702
84.248	38845	26830	32715	32628
84.336	48729	65504	32644	32658
84.424	20924	24298	32745	32621
84.52	44659	65505	32650	32678
84.608	17249	12088	32729	32601
84.696	25587	18364	32713	32730
84.784	51646	51843	32637	32704
84.88	31653	23391	32688	32640
84.976	12828	7844	32702	32630
85.064	38123	27148	32729	32638
85.16	13379	11255	32715	32676
85.248	44870	32014	32751	32728
85.336	45185	65504	32667	32657
85.424	17722	9729	32786	32612
85.52	40255	65505	32633	32622
85.616	51403	40429	32630	32690
85.728	21499	20010	32729	32661
85.824	16328	11660	32671	32642
85.92	38393	65503	32642	32650
86.016	51562	40046	32635	32622
86.112	28256	23331	32721	32683
86.216	51594	40291	32620	32738
86.304	32588	65504	32696	32680
86.4	51518	65503	32620	32749
86.496	36131	25839	32752	32530
86.6	51460	65502	32614	32681
86.696	37000	26973	32728	32689
86.784	49823	65504	32642	32618
86.88	43477	32595	32749	32687
86.992	13362	7967	32699	32652
87.096	39668	28859	32757	32541
87.216	51479	65505	32627	32734
87.32	32364	33669	32771	32670
87.416	51533	65505	32635	32657
87.512	36371	25287	32746	32622
87.616	51466	65505	32647	32639
87.712	37081	27532	32750	32675
87.832	51602	64990	32611	32699
87.936	34069	65503	32731	32634
88.04	13641	11358	32668	32683
88.144	28802	23582	32695	32720
88.256	15247	11616	32686	32686
88.36	24181	19311	32706	32703
88.464	51360	38178	32616	32565
88.56	25391	22940	32717	32688
88.664	51456	39714	32625	32649
88.76	26284	19927	32717	32635
88.856	14110	12413	32677	32615
88.96	27369	23986	32714	32595
89.056	13674	14212	32673	32675
89.152	33077	65504	32720	32672
89.256	13459	9863	32694	32721
89.352	32753	65503	32743	32671
89.448	51468	65505	32633	32726
89.544	35612	24968	32733	32650
89.64	12871	8126	32701	32693
89.744	36797	29354	32719	32684
89.84	13063	10694	32694	32661
89.936	26420	32842	32763	32690
90.032	49637	65503	32637	32544
90.128	43834	31896	32707	32617
90.224	15094	9687	32720	32674
90.312	48372	33269	32740	32650
90.408	19033	14406	32705	32612
90.512	49287	35428	32732	32636
90.616	44312	65503	32645	32706
90.704	17135	9026	32690	32691
90.8	39977	65505	32635	32720
90.888	14224	6696	32679	32693
90.984	34857	65504	32683	32644
91.088	13911	9387	32696	32744
91.184	34172	37109	32631	32688
91.304	15615	12301	32690	32633
91.416	41497	65503	32629	32685
91.52	17803	16635	32757	32661
91.624	20086	16152	32705	32665
91.728	49932	33336	32691	32630
91.84	16859	13799	32715	32691
91.952	22919	24204	32759	32739
92.064	49538	65505	32622	32671
92.184	29917	32334	32775	32719
92.296	51545	65504	32650	32664
92.424	23386	20759	32715	32608
92.536	17705	11579	32802	32619
92.648	44454	65504	32683	32716
92.768	23556	19619	32761	32677
92.88	49958	65495	32650	32719
92.992	37482	29019	32745	32611
93.104	12768	7939	32712	32716
93.216	33361	65506	32733	32633
93.328	51609	39291	32633	32690
93.44	23964	20496	32699	32694
93.544	51443	39737	32643	32652
93.656	20827	15853	32705	32712
93.768	19592	11778	32796	32678
93.88	46701	65507	32644	32669
93.984	22090	18522	32725	32681
94.096	49246	65504	32642	32674
94.208	39641	27624	32762	32700
94.32	12903	9308	32700	32602
94.424	35533	26841	32721	32741
94.536	13005	13065	32677	32639
94.648	34862	65506	32643	32649
94.752	13842	10115	32661	32623
94.856	27313	19195	32725	32685
94.976	51206	37308	32650	32668
95.08	41189	65506	32643	32637
95.192	49414	34893	32726	32656
95.328	50502	65504	32629	32678
95.432	26988	26670	32780	32653
95.536	13292	13607	32697	32650
95.648	30080	29925	32784	32682
95.776	51612	39145	32625	32693
95.896	40993	65505	32663	32656
96	17597	10063	32777	32695
96.112	44142	65504	32642	32609
96.216	19691	14302	32724	32666
96.336	14770	11117	32725	32673
96.44	43473	31822	32754	32659
96.544	48641	65504	32632	32719
96.648	24678	26196	32768	32689
96.76	50349	65495	32621	32729
96.864	27522	28116	32739	32702
96.984	13151	11018	32687	32664
97.112	38643	65505	32667	32632
97.232	18645	15171	32792	32622
97.36	48743	65506	32647	32629
97.488	34522	26288	32751	32765
97.608	51615	49142	32633	32609
97.736	20731	17890	32665	32718
97.856	47116	32668	32752	32680
97.968	15063	13223	32685	32628
98.088	39374	27804	32729	32689
98.208	51478	65502	32639	32696
98.328	36369	65505	32716	32637
98.456	49924	34926	32745	32644
98.568	17291	14006	32702	32713
98.688	43238	30360	32761	32639
98.816	12824	5148	32683	32624
98.944	37355	65502	32671	32720
99.064	17441	10537	32656	32650
99.192	47453	65504	32678	32688
99.312	26360	28159	32750	32721
99.432	12224	7740	32701	32664
99.552	27404	26427	32703	32643
99.664	15463	6422	32693	32612
99.784	19279	18487	32715	32652
99.904	46418	30736	32733	32659
100.024	51352	65505	32638	32606
100.144	30499	33819	32649	32645
100.264	12573	11957	32695	32680
100.384	22718	22335	32728	32642
100.52	46101	30910	32734	32688
100.648	12904	8640	32668	32640
100.76	31622	41815	32755	32654
100.88	14164	7900	32691	32698
100.992	38646	65504	32654	32665
101.112	18586	16288	32745	32687
101.224	45680	65505	32648	32694
101.344	24394	19128	32771	32666
101.464	12706	9236	32705	32692
101.576	31355	42404	32731	32656
101.696	14086	5780	32701	32672
101.816	21927	21090	32697	32754
101.936	48062	33044	32750	32629
102.048	15368	11092	32691	32716
102.168	40162	28439	32756	32580
102.288	51519	65502	32624	32688
102.424	40005	65503	32646	32683
102.544	19690	17311	32805	32649
102.656	46129	65501	32657	32676
102.768	44078	33132	32761	32710
102.888	50810	65505	32636	32688
103.008	32483	65503	32729	32676
103.128	14757	10324	32657	32699
103.248	20974	17290	32725	32725
103.376	22805	15922	32788	32697
103.496	13427	8011	32719	32696
103.616	33387	24958	32751	32722
103.752	51155	39956	32633	32688
103.888	48010	65507	32651	32671
104.008	27188	28717	32733	32625
104.128	12835	5006	32693	32647
104.248	26851	24403	32693	32672
104.368	51103	36950	32734	32749
104.472	41724	65504	32643	32677
104.576	17702	14559	32756	32671
104.68	19989	12972	32718	32649
104.784	50157	37457	32708	32742
104.888	43107	65504	32642	32701
105.008	22386	26570	32755	32653
105.112	15535	14638	32704	32575
105.224	25040	24353	32766	32726
105.328	13639	15950	32690	32618
105.44	28058	31476	32749	32713
105.56	13124	8845	32685	32715
105.664	31167	26093	32719	32678
105.768	51632	65433	32617	32669
105.872	34190	65502	32742	32663
105.984	51563	40471	32611	32737
106.088	37278	65506	32656	32690
106.192	14952	9789	32683	32688
106.296	25183	24231	32689	32694
106.4	51466	34970	32629	32672
106.504	39286	65502	32648	32684
106.608	16424	17421	32657	32685
106.712	22551	21446	32710	32624
106.816	51036	37091	32623	32598
106.92	40553	65505	32648	32623
107.024	17989	13412	32786	32646
107.128	20167	20358	32724	32721
107.232	49953	34685	32740	32718
107.344	17245	19512	32701	32729
107.464	43133	34213	32722	32697
107.576	13430	17336	32693	32637
107.696	33444	28144	32749	32607
107.824	15335	15122	32686	32627
107.952	44820	65506	32655	32667
108.072	24017	23017	32766	32712
108.184	50214	65503	32642	32763
108.288	26627	32140	32742	32557
108.4	51229	65504	32636	32673
108.504	30103	30043	32756	32725
108.624	13801	16051	32664	32621
108.736	37636	50055	32745	32638
108.856	18028	11481	32748	32633
108.968	44515	65504	32651	32637
109.08	45619	35205	32740	32710
109.192	14273	16492	32710	32673
109.304	26678	28422	32769	32661
109.416	51328	65504	32627	32678
109.52	30117	48008	32724	32652
109.624	12808	10312	32722	32646
109.72	29646	31535	32743	32652
109.832	51551	65502	32625	32674
109.944	28952	24173	32715	32651
110.056	15097	11508	32676	32657
110.168	41125	65503	32636	32647
110.28	50041	37422	32743	32636
110.384	43781	65504	32647	32654
110.488	19883	18389	32758	32629
110.584	42993	65504	32672	32610
110.696	47495	33171	32732	32669
110.816	49273	62132	32669	32657
110.92	25643	27265	32766	32638
111.024	13590	13244	32700	32679
111.12	24942	20853	32773	32690
111.224	13620	13793	32724	32661
111.32	24291	28005	32766	32617
111.424	13937	15441	32693	32639
111.52	23896	23319	32777	32707
111.616	47439	65505	32644	32739
111.72	23302	19566	32799	32666
111.824	14542	8835	32696	32672
111.92	22823	15291	32777	32665
112.024	14710	12259	32705	32727
112.12	22330	18777	32773	32671
112.216	45988	65503	32625	32657
112.312	48334	34413	32717	32714
112.408	18910	15137	32692	32687
112.504	18247	12451	32778	32694
112.6	41174	65504	32661	32642
112.696	51303	36225	32657	32634
112.792	24483	19043	32731	32752
112.888	14744	14613	32690	32678
112.984	36212	65504	32703	32684
113.08	51598	50329	32632	32657
113.176	30443	23991	32715	32686
113.272	12904	12144	32659	32709
113.368	30793	32759	32794	32658
113.464	51303	65504	32637	32700
113.56	38064	30105	32745	32706
113.656	13108	10371	32694	32601
113.752	25555	25404	32746	32670
113.848	48792	65504	32635	32696
113.944	44556	29587	32717	32639
114.04	15697	14640	32718	32718
114.136	21061	23439	32764	32641
114.248	48040	65500	32626	32655
114.344	45013	36080	32729	32698
114.44	16243	18168	32700	32667
114.536	20533	28827	32721	32703
114.632	43929	65502	32640	32660
114.736	20143	18391	32779	32711
114.84	16993	16703	32717	32608
114.944	46154	34295	32733	32672
115.056	14598	11934	32699	32608
115.152	22692	29677	32735	32702
115.264	49384	52311	32632	32615
115.36	43863	33458	32739	32596
115.464	48917	65504	32647	32699
115.56	44704	32411	32700	32633
115.656	15804	11630	32702	32680
115.76	44704	32006	32705	32713
115.864	48690	65504	32642	32670
115.96	45586	31146	32742	32649
116.064	48209	65504	32638	32674
116.176	42293	32409	32753	32629
116.28	51022	47386	32643	32680
116.384	26735	29232	32679	32653
116.496	50874	65502	32624	32662
116.592	36198	39693	32719	32701
116.696	51483	65502	32669	32693
116.792	37061	23489	32740	32624
116.904	13433	7064	32690	32785
117.008	33144	13563	32716	32613
117.12	14460	4473	32694	32710
117.224	27533	23288	32709	32710
117.328	51611	43176	32731	32725
117.424	27352	26360	32706	32660
117.528	51662	43157	32648	32665
117.616	33862	65503	32706	32702
117.704	12467	21788	32693	32632
117.792	39075	31783	32720	32736
117.888	13659	13717	32712	32660
117.976	44540	35508	32767	32676
118.064	45085	65503	32650	32679
118.152	17802	24085	32757	32697
118.24	24155	19299	32727	32628
118.32	13295	15345	32665	32625
118.408	34312	24501	32741	32566
118.504	12731	8943	32726	32676
118.6	28304	37498	32760	32585
118.696	50609	65501	32612	32657
118.816	32719	37473	32758	32689
118.904	12928	23851	32687	32560
118.984	24209	30346	32751	32648
119.08	48191	52057	32679	32709
119.168	20345	13563	32798	32695
119.256	20241	20053	32689	32607
119.352	17082	21090	32748	32637
119.44	24903	16772	32723	32689
119.536	14536	9337	32704	32624
119.624	30591	23436	32723	32605
119.712	51417	65505	32622	32636
119.808	36383	27438	32740	32677
119.896	50189	48071	32631	32617
119.984	23397	23105	32763	32654
120.072	16982	13813	32713	32622
120.16	49655	40180	32719	32688
120.256	21316	24894	32718	32640
120.344	51349	42177	32696	32668
120.44	26692	25579	32725	32693
120.568	19583	18906	32742	32661
120.664	43159	65503	32647	32685
120.768	19180	21969	32754	32718
120.864	43121	65500	32656	32702
120.952	16394	13051	32689	32648
121.048	39130	65147	32729	32642
121.144	51460	35974	32642	32712
121.24	25548	21239	32754	32708
121.336	14675	12829	32701	32660
121.432	35999	48771	32716	32708
121.528	51602	53634	32638	32617
121.624	30250	27731	32708	32684
121.72	13210	23273	32716	32725
121.832	34931	34554	32724	32666
121.944	51567	43117	32621	32605
122.048	37955	65291	32691	32733
122.136	14038	7227	32689	32671
122.232	33763	65500	32753	32641
122.336	13688	18344	32687	32669
122.44	26943	20622	32722	32677
122.536	13830	13589	32701	32640
122.64	27729	18758	32685	32628
122.752	15707	11148	32664	32667
122.848	38243	65506	32653	32617
122.976	47166	41142	32596	32634
123.08	45741	65504	32640	32666
123.184	22128	14506	32793	32719
123.28	45991	65505	32644	32688
123.376	48627	35697	32766	32743
123.472	18274	13425	32694	32659
123.568	18665	13716	32758	32646
123.664	42196	65505	32678	32608
123.76	51135	33440	32747	32612
123.856	23034	18891	32738	32573
123.952	15835	16409	32669	32626
124.048	37903	65501	32718	32651
124.144	51592	42553	32615	32609
124.24	27704	26180	32704	32664
124.344	51598	40167	32612	32671
124.424	33336	26577	32756	32709
124.504	13452	14504	32715	32661
124.592	43726	34005	32757	32663
124.68	45974	65505	32651	32676
124.768	18520	15374	32788	32658
124.848	37516	65504	32696	32649
124.944	51581	38724	32597	32631
125.04	27367	24105	32736	32716
125.136	13936	11065	32685	32634
125.232	33984	65503	32721	32640
125.328	51543	65502	32628	32675
125.424	33366	29647	32740	32748
125.528	51629	51594	32629	32591
125.624	33296	25888	32758	32649
125.728	51612	65502	32637	32660
125.832	33500	65503	32719	32650
125.92	12759	15191	32706	32709
126.024	33387	28543	32756	32645
126.12	12910	13504	32710	32707
126.216	29345	49559	32735	32707
126.32	12915	11571	32715	32599
126.416	29476	33712	32734	32664
126.52	12999	14286	32710	32632
126.632	33250	65503	32702	32666
126.736	13554	8233	32713	32650
126.84	27989	26892	32709	32743
126.944	51592	44462	32639	32643
127.04	28188	23400	32694	32701
127.136	13716	14871	32710	32727
127.24	28581	19631	32704	32690
127.344	51612	49930	32617	32603
127.448	37357	48203	32746	32657
127.552	15252	14769	32692	32689
127.648	37334	65498	32725	32659
127.76	51171	39626	32751	32700
127.864	41196	65503	32644	32701
127.96	51293	40223	32634	32656
128.056	24174	18500	32697	32626
128.152	15290	10512	32685	32687
128.248	36624	47212	32723	32671
128.368	17630	9541	32782	32675
128.464	40704	65503	32650	32618
128.568	17401	16468	32744	32694
128.664	40480	65504	32672	32706
128.76	51405	36028	32619	32606
128.864	40285	65505	32658	32644
128.96	51519	37453	32605	32667
129.064	40019	65506	32634	32692
129.168	17423	8275	32743	32636
129.272	20534	19335	32686	32638
129.376	50432	37413	32746	32634
129.472	20756	15826	32732	32625
129.584	19988	10410	32743	32642
129.688	17029	13029	32692	32678
129.792	46406	36809	32746	32654
129.896	47077	65504	32616	32660
130	23169	22802	32751	32715
130.112	49794	50654	32648	32729
130.224	37909	31956	32726	32685
130.328	51288	65503	32624	32671
130.432	30143	65502	32743	32659
130.536	12987	18888	32708	32706
130.632	30394	33712	32745	32671
130.736	12963	12941	32697	32695
130.832	29502	49833	32748	32641
130.936	12947	13171	32741	32590
131.04	33398	28585	32749	32636
131.144	51625	65502	32659	32660
131.24	33156	27574	32772	32758
131.336	12872	13399	32697	32695
131.448	33165	65503	32731	32726
131.544	51530	65502	32631	32644
131.648	32860	50496	32751	32633
131.752	13423	8644	32723	32729
131.856	28883	27461	32702	32620
131.96	51593	65444	32626	32609
132.072	25005	28271	32705	32652
132.192	49529	37505	32739	32702
132.296	44745	64637	32684	32634
132.4	20496	15963	32737	32682
132.488	20732	18401	32710	32678
132.592	50143	37863	32752	32653
132.68	39591	65503	32648	32638
132.768	14421	16840	32684	32682
132.856	31161	27914	32702	32670
132.944	51449	51810	32639	32708
133.04	37402	28185	32771	32712
133.136	13108	6794	32706	32573
133.224	43248	30848	32768	32707
133.32	15253	12665	32717	32679
133.44	38576	33250	32754	32643
133.56	51567	65504	32640	32678
133.688	22174	19586	32708	32664
133.816	22407	15627	32756	32670
133.96	51645	65505	32617	32667
134.096	41386	65504	32720	32710
134.208	48574	33022	32615	32786
134.32	16201	17096	32688	32766
134.424	45432	31855	32733	32714
134.536	13606	19613	32678	32633
134.64	40200	27998	32734	32725
134.752	12947	7492	32676	32723
134.864	32217	38933	32657	32674
134.968	13351	11280	32701	32642
135.072	30605	29950	32694	32681
135.176	51631	45952	32633	32646
135.28	35219	65504	32705	32701
135.392	51538	38949	32630	32640
135.496	39063	65503	32650	32679
135.608	50309	36290	32610	32693
135.736	14877	9441	32693	32683
135.84	42607	33340	32732	32668
135.952	13356	12770	32703	32698
136.064	30173	29692	32746	32642
136.208	50841	41785	32605	32625
136.304	22104	20391	32673	32754
136.424	48526	36165	32720	32665
136.544	48808	65503	32654	32716
136.648	25241	21618	32752	32659
136.768	13118	14772	32698	32637
136.88	33135	30808	32693	32667
136.976	51560	65505	32646	32576
137.088	29622	26254	32694	32745
137.184	13370	3185	32720	32616
137.288	29104	22653	32712	32593
137.408	51210	42181	32619	32707
137.52	19919	18337	32708	32598
137.64	46624	31559	32710	32720
137.736	16660	9833	32721	32734
137.832	20388	15914	32769	32632
137.928	43889	65505	32648	32667
138.032	20147	17000	32755	32663
138.136	16545	12604	32702	32654
138.232	20101	13926	32771	32691
138.32	20895	12832	32693	32594
138.432	20037	15038	32773	32722
138.544	46767	65504	32642	32749
138.656	42269	34447	32738	32659
138.776	51352	65504	32641	32655
138.88	30677	32041	32670	32664
138.976	51332	65505	32627	32725
139.064	26156	26955	32756	32648
139.16	49663	65505	32639	32630
139.248	22097	25618	32770	32666
139.336	17900	15112	32694	32761
139.432	19178	7816	32797	32689
139.52	22374	18416	32719	32697
139.624	50716	34750	32746	32653
139.728	42141	65503	32642	32643
139.808	51648	30933	32625	32638
139.896	33667	47355	32766	32598
139.976	51314	48862	32628	32559
140.064	25590	28805	32760	32608
140.152	15141	19185	32698	32697
140.24	47568	38239	32738	32668
140.328	42042	65503	32624	32683
140.408	51493	43222	32624	32717
140.496	33811	39734	32710	32605
140.576	51134	65504	32607	32607
140.664	25917	20401	32789	32711
140.744	45546	65504	32645	32716
140.832	18442	65504	32720	32637
140.912	37595	43400	32747	32662
141	13730	11638	32700	32737
141.088	33088	24140	32746	32632
141.168	13384	13752	32702	32715
141.256	44202	31861	32738	32645
141.344	45752	65501	32616	32654
141.424	51355	41201	32726	32627
141.504	28191	30117	32696	32731
141.584	12995	20595	32701	32627
141.672	39551	32070	32743	32628
141.76	48536	65502	32630	32708
141.856	44619	32812	32739	32680
141.936	18948	15301	32717	32630
142.016	15448	6921	32667	32641
142.096	32875	36761	32728	32741
142.176	50920	65506	32625	32653
142.256	45640	31472	32728	32522
142.336	19193	14405	32692	32736
142.424	51360	32862	32730	32703
142.504	29403	23870	32755	32657
142.592	51585	49544	32651	32638
142.68	28386	31832	32742	32696
142.76	48263	65502	32631	32683
142.84	50299	38923	32634	32684
142.92	25033	18779	32713	32638
143.008	51398	65500	32633	32663
143.088	35555	36514	32603	32687
143.176	50822	65503	32633	32680
143.256	46074	49495	32616	32739
143.336	19615	27703	32688	32723
143.416	13766	18287	32692	32646
143.496	31589	39429	32744	32754
143.584	14469	1466	32672	32678
143.68	28042	21512	32647	32637
143.76	47565	46928	32649	32696
143.888	36328	32593	32640	32742
143.984	12157	13400	32654	32638
144.072	41754	42486	32607	32663
144.152	16078	25048	32694	32715
144.248	19287	15759	32788	32671
144.336	22256	19808	32698	32672
144.424	41465	65504	32733	32621
144.512	34938	65505	32732	32707
144.616	15984	4657	32681	32634
144.696	32429	65501	32753	32642
144.776	50814	46931	32623	32740
144.856	47227	12839	32780	32656
144.944	43759	36860	32727	32623
145.024	51683	35512	32620	32662
145.104	30746	45587	32686	32614
145.184	12694	18964	32697	32687
145.264	23357	39556	32733	32702
145.344	43690	42465	32721	32714
145.432	16938	12878	32703	32658
145.52	24300	17872	32740	32538
145.6	13358	7826	32694	32721
145.68	28007	43685	32730	32745
145.76	48008	46770	32643	32663
145.84	49580	34139	32768	32667
145.92	24411	23531	32731	32632
146	13308	17874	32688	32701
146.08	28061	31725	32742	32715
146.168	13979	12071	32732	32645
146.256	45475	39242	32747	32624
146.336	19903	23971	32708	32637
146.424	51201	42129	32612	32717
146.52	24210	25266	32716	32667
146.6	13635	18169	32696	32682
146.68	28471	30598	32782	32737
146.76	48224	65503	32659	32728
146.84	48897	38703	32742	32694
146.92	23704	21100	32708	32630
146.992	51587	65503	32640	32702
147.072	40413	29704	32749	32662
147.144	44588	65506	32645	32665
147.216	14847	8655	32672	32713
147.304	28798	27392	32710	32639
147.384	12806	10088	32709	32656
147.464	24203	22125	32788	32725
147.552	17131	17458	32701	32664
147.64	50180	34758	32631	32668
147.736	20707	12434	32668	32551
147.816	14829	6792	32666	32665
147.896	31886	34252	32732	32677
147.992	51598	65473	32639	32678
148.072	40915	36831	32631	32596
148.152	16567	17053	32711	32614
148.24	50042	42974	32743	32650
148.328	40123	65504	32658	32631
148.408	51615	65504	32697	32634
148.504	30758	22631	32741	32595
148.584	12901	7264	32657	32682
148.664	23865	17944	32755	32662
148.744	44316	48824	32640	32620
148.824	51390	36115	32725	32619
148.904	30095	25162	32731	32585
148.984	12992	11136	32713	32636
149.072	41257	33084	32745	32737
149.152	16905	14874	32699	32744
149.224	51287	42466	32622	32668
149.304	29853	27117	32722	32633
149.384	13137	15822	32722	32677
149.464	24212	20209	32776	32675
149.544	44714	65505	32655	32746
149.616	14992	10161	32691	32630
149.696	32402	31640	32746	32717
149.776	50462	65506	32614	32655
149.856	45947	30374	32736	32557
149.928	40161	49198	32659	32687
150.008	51585	65372	32616	32650
150.088	34922	29678	32724	32753
150.176	50252	65502	32631	32622
150.264	24506	25188	32759	32596
150.352	16355	13302	32692	32745
150.432	17555	10635	32798	32640
150.512	36249	65504	32728	32714
150.592	51354	65504	32655	32693
150.672	40517	28265	32740	32616
150.752	16255	13982	32716	32702
150.832	17834	11680	32766	32678
150.912	36599	38087	32641	32627
151	13464	12680	32674	32713
151.08	28420	34712	32773	32690
151.16	48204	51400	32633	32631
151.248	20855	31541	32732	32683
151.336	19645	16653	32730	32606
151.424	50882	39768	32637	32595
151.512	36290	65505	32685	32652
151.6	13499	10707	32689	32671
151.688	35179	29063	32758	32638
151.776	50548	65507	32628	32610
151.864	24432	21669	32777	32722
151.944	44853	65505	32653	32665
152.032	17657	17189	32749	32698
152.128	40512	65506	32695	32593
152.224	51321	36209	32613	32701
152.32	23898	24524	32716	32652
152.416	15340	13408	32686	32675
152.512	36644	51995	32731	32632
152.624	51115	39679	32724	32655
152.712	36876	65500	32745	32657
152.8	13580	23259	32719	32608
152.888	34979	26566	32744	32614
152.984	12995	11632	32707	32716
153.072	40341	32347	32749	32622
153.152	16119	18652	32700	32719
153.24	49151	65468	32673	32667
153.336	19510	23309	32736	32651
153.432	18215	11518	32751	32666
153.528	40973	65502	32713	32677
153.624	51073	37517	32648	32721
153.72	23617	22413	32746	32659
153.824	51060	30467	32744	32642
153.912	37591	41156	32637	32672
154	13813	11924	32687	32723
154.096	33436	65504	32724	32658
154.184	13000	13624	32681	32742
154.296	33518	50249	32750	32694
154.4	13729	13020	32692	32650
154.504	27990	27963	32729	32652
154.616	15727	8225	32717	32686
154.72	23270	21815	32729	32594
154.832	18370	20056	32764	32711
154.944	45666	65484	32656	32682
155.064	25434	26383	32747	32665
155.176	50838	65500	32657	32687
155.28	29443	31371	32757	32603
155.384	12939	13197	32665	32704
155.48	29753	32176	32775	32655
155.624	50948	33400	32734	32607
155.736	18982	18609	32715	32677
155.848	22125	24099	32768	32648
155.968	13432	23739	32707	32665
156.072	38799	65500	32755	32739
156.184	13029	16535	32718	32704
156.288	32830	22343	32748	32748
156.416	16253	6661	32694	32712
156.528	42134	65505	32672	32738
156.64	47493	30590	32728	32670
156.768	13322	14160	32704	32744
156.88	29797	44784	32752	32622
156.992	51613	65502	32623	32674
157.104	27697	30133	32716	32606
157.216	16114	14482	32680	32669
157.328	42169	44985	32659	32699
157.44	47533	31451	32753	32591
157.552	15301	15952	32714	32669
157.664	26115	32298	32730	32582
157.776	51295	65502	32621	32674
157.888	32969	31957	32758	32524
158	14019	20933	32707	32700
158.112	37833	48094	32719	32694
158.224	50594	33493	32707	32690
158.336	17842	19880	32723	32618
158.44	47988	31714	32751	32661
158.552	14909	14420	32701	32650
158.656	43697	37729	32746	32681
158.768	13461	14248	32711	32741
158.88	29751	34340	32742	32612
158.984	13119	6135	32711	32652
159.088	32527	26495	32760	32735
159.192	51593	65504	32633	32657
159.296	33699	35286	32708	32628
159.408	51570	52123	32638	32717
159.52	22608	18217	32715	32558
159.632	18549	43565	32752	32664
159.744	45509	49092	32639	32649
159.856	44202	33261	32765	32723
159.968	13478	12057	32678	32743
160.072	39503	31610	32740	32578
160.176	50886	65505	32602	32656
160.28	29055	28906	32776	32722
160.384	13091	12187	32687	32615
160.496	33356	30607	32652	32669
160.6	13681	7551	32703	32685
160.704	29030	25594	32691	32606
160.808	51490	52004	32648	32766
160.904	28880	24118	32716	32690
161	13497	14460	32722	32521
161.104	28701	41861	32733	32844
161.208	51624	47490	32653	32685
161.304	29656	24517	32759	32523
161.408	51542	45273	32616	32594
161.504	29060	24678	32723	32774
161.608	51591	32942	32752	32651
161.704	28514	21321	32722	32967
161.816	15485	9888	32668	32702
161.928	40788	41843	32640	32639
162.024	51140	65504	32637	32649
162.12	22985	39544	32696	32671
162.232	17418	25814	32786	32684
162.328	41363	65506	32729	32739
162.432	18307	4848	32730	32678
162.536	19480	50248	32699	32774
162.648	21445	37436	32727	32733
162.76	48200	41035	32630	32686
162.864	24408	32141	32746	32862
162.968	13973	15564	32713	32713
163.064	24113	16734	32740	32608
163.176	49915	49213	32710	32617
163.264	23873	31114	32745	32679
163.36	47376	39766	32661	32586
163.456	46099	38410	32713	32591
163.552	17338	19828	32757	32942
163.656	46337	44803	32720	32690
163.768	14488	23562	32691	32597
163.864	23358	46390	32725	32663
163.96	46903	42564	32709	32642
164.048	19843	10191	32732	32634
164.152	17582	17973	32708	32596
164.248	19665	9392	32739	32723
164.336	21120	23739	32740	32709
164.44	50259	38868	32755	32653
164.536	21700	46638	32722	32854
164.632	16569	14161	32711	32656
164.72	28286	41621	32721	32675
164.816	13563	10428	32697	32786
164.912	33490	41903	32731	32611
165	13245	10234	32729	32663
165.088	39058	32081	32745	32601
165.176	48962	65500	32661	32602
165.264	20947	42545	32717	32685
165.352	19043	42945	32719	32875
165.44	51543	31192	32748	32713
165.528	37250	47601	32737	32703
165.616	12973	11035	32716	32626
165.704	35850	29919	32734	32621
165.792	50191	65507	32654	32676
165.888	41322	39901	32731	32593
165.984	13991	9099	32715	32645
166.072	46846	37223	32753	32652
166.168	17057	10224	32697	32671
166.264	19564	9824	32775	32617
166.36	43266	65504	32652	32650
166.448	16108	18209	32683	32667
166.544	39123	65505	32676	32703
166.632	13961	14154	32689	32720
166.736	27402	21348	32690	32657
166.832	14217	7457	32697	32736
166.92	33311	27151	32744	32705
167.008	51118	65504	32639	32665
167.104	39256	29496	32750	32687
167.2	13612	7680	32688	32584
167.288	44720	32911	32751	32611
167.384	15860	13914	32700	32693
167.472	49260	34859	32745	32751
167.568	19789	20769	32716	32747
167.656	51376	37129	32753	32700
167.744	36009	49900	32742	32672
167.832	13239	17692	32710	32673
167.92	35706	28750	32739	32577
168.008	50027	50550	32647	32665
168.096	23443	19677	32719	32662
168.2	14718	19665	32703	32749
168.296	23242	33659	32761	32700
168.432	13184	10088	32703	32574
168.536	31859	28988	32756	32643
168.632	13131	15225	32695	32630
168.728	30327	32927	32772	32632
168.816	13394	16916	32716	32633
168.912	25877	27491	32719	32664
169.008	48705	47181	32627	32706
169.096	22295	13461	32742	32636
169.184	18048	17410	32729	32683
169.272	50721	41671	32724	32765
169.36	37339	65502	32734	32667
169.448	13805	22065	32715	32705
169.536	34073	25752	32722	32641
169.624	50509	65504	32632	32749
169.72	40150	33640	32760	32623
169.808	47747	65503	32625	32671
169.896	21126	18739	32789	32628
169.984	19769	18170	32742	32623
170.072	51462	31432	32614	32702
170.16	36267	47814	32726	32645
170.256	51606	42869	32636	32634
170.344	31482	35165	32737	32644
170.44	51332	46754	32629	32626
170.528	27569	21728	32736	32639
170.624	49926	51088	32642	32625
170.72	42677	34440	32718	32667
170.808	46985	65503	32632	32627
170.896	19684	12024	32765	32665
170.984	21786	21328	32686	32644
171.088	50580	41010	32629	32659
171.184	22299	17637	32700	32693
171.28	16009	4842	32680	32689
171.368	27577	21360	32711	32768
171.456	51617	65505	32652	32616
171.544	29455	26852	32786	32628
171.64	51002	65503	32654	32658
171.744	28954	22894	32726	32651
171.824	47974	65504	32655	32663
171.92	45075	27676	32724	32752
172.008	44889	46241	32677	32646
172.088	51306	37610	32730	32641
172.168	29820	25155	32740	32593
172.248	13002	15346	32713	32702
172.328	23725	23811	32763	32644
172.416	17101	19645	32722	32651
172.496	17082	20311	32789	32700
172.576	35471	65503	32708	32612
172.672	51585	65503	32624	32677
172.752	36987	33061	32723	32621
172.832	14727	15740	32676	32677
172.92	47127	37146	32752	32705
173.016	18116	21769	32706	32629
173.096	16245	5527	32691	32621
173.168	33123	25820	32753	32624
173.248	13461	16031	32713	32711
173.32	48454	31833	32755	32699
173.408	41958	49599	32648	32640
173.48	13819	18759	32692	32656
173.568	33666	31395	32748	32614
173.648	13763	20101	32688	32616
173.736	45073	36035	32720	32675
173.824	44637	49588	32646	32652
173.904	51310	39138	32641	32729
173.984	29963	24464	32715	32576
174.056	50245	65501	32644	32677
174.136	46339	37163	32739	32730
174.208	40068	49521	32708	32690
174.28	13154	13676	32700	32659
174.352	41725	31851	32759	32707
174.432	17702	21422	32738	32654
174.52	50242	34559	32741	32635
174.6	26554	25991	32736	32668
174.696	14285	15936	32710	32686
174.776	30136	48295	32711	32671
174.872	50848	65499	32629	32673
174.96	25635	29151	32726	32703
175.032	18614	24686	32702	32576
175.112	15845	12714	32691	32612
175.2	28619	30172	32740	32740
175.28	13058	19432	32718	32661
175.376	28853	26831	32744	32580
175.456	48017	45265	32639	32688
175.536	49351	32171	32729	32586
175.616	24368	27795	32750	32615
175.704	51626	46006	32641	32680
175.784	35888	26022	32738	32683
175.856	47596	47868	32664	32607
175.936	49599	35638	32709	32662
176.016	25884	25122	32754	32581
176.096	13355	6591	32712	32638
176.176	26852	31105	32762	32667
176.248	17459	24376	32730	32619
176.32	51544	42174	32618	32655
176.392	29925	36199	32734	32692
176.456	46121	65500	32642	32685
176.536	50616	36017	32748	32608
176.608	33657	45838	32752	32608
176.68	13692	43495	32705	32719
176.744	18305	21068	32703	32664
176.816	28972	30302	32723	32654
176.88	13897	44187	32683	32702
176.952	48821	31216	32731	32656
177.016	29421	29252	32747	32766
177.088	50450	47059	32634	32607
177.16	20731	19283	32752	32716
177.24	40356	29014	32709	32627
177.312	13391	11898	32681	32663
177.384	41850	32148	32723	32619
177.448	20866	23269	32731	32651
177.512	13295	12232	32700	32674
177.576	23081	33731	32733	32616
177.648	21516	23809	32747	32740
177.712	13246	17475	32716	32636
177.784	42991	34599	32762	32683
177.848	22290	25529	32719	32696
177.92	51601	52127	32612	32657
177.992	25809	47288	32718	32659
178.064	18388	42891	32727	32647
178.128	13999	5060	32707	32718
178.2	39001	27810	32778	32713
178.264	18878	21995	32723	32674
178.336	51600	34206	32614	32690
178.408	29208	27573	32759	32675
178.48	15937	17925	32722	32747
178.56	18165	27449	32735	32709
178.64	37087	65500	32730	32643
178.712	12974	13073	32717	32620
178.792	24109	22652	32758	32645
178.864	20168	24517	32706	32683
178.936	51554	48432	32649	32698
179.016	36310	24654	32775	32631
179.096	14240	9871	32722	32618
179.168	50135	34145	32618	32703
179.24	35314	65438	32745	32642
179.32	51345	65502	32628	32650
179.392	22628	31802	32729	32676
179.472	42854	49620	32653	32691
179.552	51554	41029	32611	32655
179.632	32222	28137	32742	32660
179.712	13346	20921	32725	32676
179.792	22341	44412	32727	32643
179.872	42063	49410	32643	32639
179.952	51460	41401	32640	32639
180.032	33163	48027	32706	32667
180.104	49133	48444	32639	32686
180.176	18726	34803	32763	32716
180.248	28210	27503	32760	32637
180.328	13121	48139	32704	32696
180.408	25014	28549	32752	32643
180.488	45049	49452	32672	32709
180.568	51080	36839	32716	32628
180.648	29532	48081	32716	32631
180.72	50132	47954	32627	32679
180.792	21215	15296	32775	32695
180.872	41007	50800	32695	32679
180.944	13570	8043	32744	32767
181.016	41207	35548	32758	32646
181.088	44052	65501	32742	32623
181.152	51498	46920	32642	32649
181.224	28049	24479	32726	32629
181.296	16957	15940	32718	32613
181.368	51347	29459	32764	32625
181.44	31042	45227	32706	32641
181.512	14623	16121	32743	32759
181.6	46993	33141	32765	32724
181.688	43283	65440	32666	32615
181.784	50462	41391	32635	32725
181.864	26246	31360	32733	32688
181.936	51247	65503	32632	32632
182.008	22241	19141	32773	32677
182.088	42510	65505	32651	32672
182.16	14051	17368	32687	32649
182.24	29961	30206	32751	32671
182.312	15444	17523	32708	32675
182.384	51048	45228	32721	32617
182.456	33560	45109	32736	32686
182.528	13626	12097	32727	32731
182.6	49305	45026	32743	32643
182.672	37231	46589	32705	32663
182.752	51607	50834	32620	32600
182.824	24590	22274	32749	32714
182.896	19425	22154	32721	32709
182.968	51520	65503	32640	32623
183.048	35663	34007	32750	32557
183.12	47596	65503	32620	32586
183.2	49260	36378	32732	32691
183.272	36160	26472	32635	32679
183.352	51207	31413	32631	32680
183.424	22533	19799	32690	32717
183.512	15680	27498	32674	32684
183.592	13696	26823	32655	32690
183.672	34421	43556	32661	32669
183.744	12866	21209	32679	32643
183.816	49013	50056	32639	32632
183.896	20232	26802	32677	32658
183.968	50332	65507	32620	32706
184.064	37925	46860	32716	32715
184.144	17007	556	32742	32692
184.224	20498	2496	32806	32698
184.296	21970	15451	32720	32607
184.376	15144	36564	32692	32668
184.464	36331	32360	32738	32642
184.544	14927	32076	32679	32666
184.64	24532	13869	32778	32627
184.728	19596	2	32730	32655
184.816	50869	44658	32609	32667
184.912	21488	19475	32713	32664
185.008	14410	32686	32658	32626
185.104	36471	65507	32693	32658
185.192	13803	65503	32665	32783
185.28	34014	33155	32731	32679
185.368	51618	28038	32639	32640
185.456	25295	2172	32771	32655
185.544	15264	33807	32695	32702
185.632	50384	26821	32618	32731
185.72	46654	12474	32642	32647
185.808	9746	26149	32660	32647
185.896	27002	45202	32731	32645
185.984	50258	65504	32641	32705
186.072	26110	41926	32739	32587
186.152	46679	65505	32719	32749
186.24	21343	46000	32720	32669
186.32	40889	12836	32773	32731
186.4	51805	46237	32627	32741
186.48	38215	21108	32767	32658
186.552	47008	65504	32643	32669
186.624	15540	8786	32673	32604
186.696	32341	29741	32710	32623
186.768	49301	65504	32655	32647
186.84	18126	10364	32718	32696
186.912	27927	26376	32706	32628
186.984	51460	45096	32613	32707
187.064	44430	39876	32624	32742
187.16	16094	16391	32679	32668
187.232	51314	51914	32619	32683
187.312	29026	30233	32708	32671
187.384	50520	65505	32641	32702
187.464	45978	37441	32737	32709
187.544	20367	23121	32704	32609
187.616	50960	65500	32693	32677
187.696	37628	34558	32749	32707
187.776	14162	17604	32730	32733
187.864	46500	32227	32745	32675
187.96	18700	33021	32719	32634
188.056	19486	34258	32737	32696
188.136	37764	35977	32737	32677
188.216	51081	37327	32727	32641
188.296	36712	38318	32759	32692
188.376	17060	39012	32731	32660
188.456	18174	39488	32727	32692
188.536	35783	39794	32756	32686
188.616	50935	26880	32735	32623
188.704	28282	39506	32716	32667
188.784	46382	39471	32726	32648
188.872	20453	39139	32724	32646
188.944	26101	13426	32731	32684
189.024	14348	36261	32705	32692
189.096	43519	37847	32731	32695
189.168	41840	38630	32726	32680
189.24	14842	21822	32710	32675
189.32	29888	39736	32732	32693
189.392	15429	40652	32705	32676
189.48	47845	42937	32750	32693
189.552	37818	27799	32752	32688
189.624	13755	29084	32719	32614
189.712	40263	23109	32724	32649
189.784	42858	29805	32735	32612
189.856	15873	32810	32701	32729
189.928	36436	31523	32750	32694
190.008	14499	29556	32717	32619
190.096	46955	32501	32767	32643
190.16	25932	33316	32723	32653
190.232	51155	31764	32746	32638
190.296	47317	31762	32770	32675
190.368	38440	32836	32735	32649
190.432	50765	31661	32764	32655
190.512	43712	31785	32738	32653
190.576	22506	33124	32727	32612
190.648	51435	31410	32765	32691
190.728	39895	31941	32730	32672
190.8	44306	33540	32730	32651
190.864	51624	31923	32755	32682
190.928	41382	31802	32732	32629
190.992	20455	33068	32740	32571
191.056	13863	33789	32739	32747
191.12	23780	33283	32754	32656
191.2	43111	32200	32715	32753
191.28	51500	35236	32754	32661
191.36	31690	31340	32693	32626
191.424	14793	31157	32697	32619
191.496	49572	29456	32750	32612
191.568	33963	26678	32747	32738
191.64	14117	39618	32712	32675
191.704	19444	33954	32726	32663
191.784	37921	31037	32718	32596
191.848	51631	65505	32649	32707
191.912	50626	39585	32620	32671
