timestamp	ch1	ch2	ch3	ch4
10	31542	30356	32683	32628
24	33715	26380	32720	32715
45	34937	32240	32677	32531
59	35254	30204	32706	32035
73	32640	32642	32698	33219
87	41059	34100	32705	33201
108	32822	35667	32700	33499
122	25980	33980	32710	33853
136	34346	37368	32695	33610
150	40967	38061	32707	32949
164	23088	36238	32724	32783
178	39834	36366	32713	33065
192	46713	40911	32706	32277
206	36051	33104	32727	32287
227	29806	34375	32709	33496
241	20352	33514	32722	33610
262	24125	31199	32708	32134
276	30167	31563	32713	32493
290	28008	32381	32726	31514
304	34828	31793	32716	32538
318	37087	33375	32728	32840
332	36505	31931	32722	32910
346	38469	33887	32710	31940
360	5049	31298	32735	32792
374	43041	35531	32716	33026
388	50939	26436	32708	31449
402	41345	29222	32702	32482
416	29787	27407	32732	33000
430	28525	29735	32710	31580
444	34872	29717	32745	32530
458	30550	30053	32703	32403
472	24785	30744	32717	32305
486	29449	29970	32674	32030
500	26147	29769	32678	31776
514	24951	31151	32707	34018
528	30175	32030	32721	33919
542	32886	33648	32720	33013
556	44001	33913	32693	33079
570	30707	32530	32711	32458
584	40594	32016	32706	33302
598	42220	31453	32718	32196
612	36012	32238	32710	32027
626	30287	32945	32705	33097
647	36297	32581	32694	32908
661	36698	32846	32695	32114
675	36791	35762	32702	32360
689	33051	33738	32728	33474
710	35307	33856	32707	33730
724	32925	33254	32733	32464
738	36440	35195	32700	32095
759	34307	30638	32724	33069
773	30105	31901	32699	32391
794	28851	32115	32751	32760
815	35166	31991	32712	32543
836	41647	32430	32714	32110
850	32359	28677	32722	33621
871	10404	32594	32701	33562
885	51824	37044	32724	32593
906	33846	26842	32732	32106
920	28048	26388	32736	32910
941	20971	30019	32693	32364
955	31677	27681	32707	32803
976	27177	30714	32697	33110
990	28096	30789	32701	31607
1011	31580	32849	32709	32525
1025	32887	34784	32705	31493
1046	36301	34285	32699	32648
1060	34270	36080	32714	31564
1081	37645	35516	32721	32400
1095	32421	33904	32723	31922
1116	37149	33906	32676	32790
1130	34939	33018	32705	32159
1151	36530	33963	32737	32774
1165	30700	32062	32708	32960
1186	36410	34610	32723	33463
1200	33805	32376	32703	33302
1221	32089	33745	32705	33610
1235	32439	33713	32691	33600
1256	33903	32716	32722	31553
1277	27293	33469	32700	32435
1298	32656	35636	32709	32775
1319	27647	33412	32721	32060
1340	40331	31340	32704	32949
1361	38444	32679	32703	33388
1382	10535	35774	32685	33306
1403	51847	43088	32708	32124
1424	31118	28721	32719	32294
1445	28890	28600	32708	31886
1466	27930	29263	32714	32744
1487	30334	30160	32707	32209
1508	25011	31346	32713	32958
1529	33046	32794	32698	32706
1550	34200	32156	32697	33005
1571	36761	36166	32697	31413
1592	41107	34762	32715	32228
1613	39450	35395	32719	32906
1634	40426	34179	32708	32390
1655	36425	36181	32721	33391
1676	31799	29615	32728	32513
1697	34835	30757	32714	32929
1718	35302	30082	32678	33370
1739	33953	27973	32716	33174
1760	32833	27613	32695	32105
1781	35363	28344	32722	32730
1802	27836	29156	32731	33667
1823	33555	30881	32687	32118
1844	38848	34807	32675	32406
1865	37559	37284	32674	31858
1886	19789	40793	32717	32354
1907	51775	51252	32736	32318
1928	30651	36587	32717	32315
1949	30398	35661	32727	32482
1970	26185	36760	32717	32904
1991	25886	35007	32710	33224
2012	29548	35065	32672	31476
2033	30954	36239	32722	33100
2054	32598	34776	32723	32403
2075	37865	33656	32732	32495
2096	40121	32130	32710	32511
2117	40437	30450	32701	32206
2138	38887	29417	32718	33241
2159	35432	28291	32721	33313
2180	33912	20135	32717	33320
2201	33637	25804	32704	32132
2222	32481	28052	32696	32772
2243	27873	19656	32678	32700
2264	38293	26462	32686	32214
2285	33886	29985	32682	31955
2306	31954	26181	32702	32993
2327	30071	29512	32728	32107
2348	29705	31705	32713	32895
2369	34174	36062	32706	31778
2390	37352	39200	32672	32685
2411	33745	38770	32719	31833
2432	51766	49911	32712	32625
2453	31653	35814	32717	32520
2474	26129	36480	32693	32850
2495	27589	37399	32703	32896
2516	24732	32985	32726	32365
2537	26655	49023	32688	31836
2565	28787	37285	32703	32628
2586	28484	65505	32685	32440
2614	38746	24563	32698	33580
2635	41299	44965	32702	32174
2656	39491	42882	32699	32845
2677	39636	30204	32710	33230
2705	34946	28445	32710	33097
2726	36653	4366	32710	33528
2747	33507	26714	32720	32245
2775	30779	27131	32705	31984
2796	33745	28430	32704	33267
2817	31157	29844	32711	32319
2845	28528	9019	32726	33756
2866	22327	5	32707	32586
2894	37297	6706	32705	33275
2915	35782	13645	32698	32917
2943	6275	22437	32699	33450
2964	51565	29401	32694	31144
2992	28837	42388	32718	31797
3020	28911	46808	32705	32432
3048	29864	65500	32723	32244
3076	26961	65503	32688	32649
3104	34218	65502	32703	31726
3125	38294	65501	32691	31586
3153	32221	52270	32713	33204
3181	37500	46659	32712	32835
3209	35942	40836	32704	32954
3237	35296	38285	32727	32893
3265	37163	25600	32691	32434
3293	31909	23188	32709	33523
3321	33790	23878	32727	32198
3356	26587	26387	32690	32118
3384	26566	27493	32699	33371
3412	37388	29919	32672	33626
3440	37524	27255	32708	31879
3468	51780	37319	32718	32938
3496	33462	26799	32711	32165
3524	27044	29535	32698	33104
3552	30172	32820	32716	31698
3580	24674	40370	32715	32749
3608	33083	65502	32716	32721
3636	35776	27790	32732	33043
3671	43003	23993	32715	32483
3699	33774	23294	32710	33136
3727	39529	25357	32686	32242
3755	33537	24844	32706	32054
3790	30631	26454	32678	32527
3818	31841	31704	32683	31811
3853	24717	29448	32706	32633
3881	36105	31657	32717	32366
3916	33506	27956	32720	33054
3944	5074	23618	32721	33290
3972	42520	17573	32715	32134
4000	33822	15678	32710	31912
4028	25603	16402	32696	32180
4056	31202	18053	32683	33405
4084	29472	20146	32696	33327
4112	31950	23467	32689	32693
4140	40916	35949	32704	32858
4168	38668	36082	32713	31984
4203	37143	35714	32706	31860
4231	37054	36027	32716	32548
4259	32720	36740	32703	32027
4287	36045	6600	32714	32840
4322	31339	13584	32720	32132
4350	31019	20677	32733	32178
4378	28543	28087	32682	33254
4413	39151	36466	32712	32903
4448	10657	46148	32705	33303
4476	35975	50415	32712	32181
4511	27003	65502	32698	32512
4546	26085	65502	32710	33479
4581	25554	65502	32691	32559
4616	27045	49079	32705	32923
4644	37102	45840	32732	33007
4679	44344	41128	32710	33028
4714	36086	28444	32702	33242
4742	34250	19728	32728	33296
4777	38787	18554	32716	32545
4805	29619	20928	32702	33286
4840	33635	24360	32731	32858
4875	22580	26741	32704	32418
4910	39858	29280	32686	32108
4945	37986	33532	32692	32969
4973	51842	43512	32698	32558
5008	33238	30141	32696	33293
5050	26946	30117	32707	33401
5085	31154	31750	32703	33249
5120	28337	30196	32705	32674
5155	36844	30362	32703	32184
5190	37897	32204	32708	32491
5225	38098	33114	32689	32335
5260	36149	37878	32706	32250
5295	36593	65504	32717	32201
5330	28006	65503	32707	32863
5365	30014	22635	32707	33658
5400	36254	25674	32709	31692
5435	40006	23038	32694	32517
5470	51846	51620	32711	33043
5505	30255	24404	32725	32772
5540	25477	23722	32714	32110
5575	29245	27275	32695	32441
5610	29875	29363	32687	31822
5645	40809	34465	32709	32884
5680	38057	33653	32707	32991
5715	34948	34229	32699	33056
5750	33009	45420	32707	33097
5785	38409	47136	32731	32835
5820	34150	40586	32713	32112
5855	29902	15641	32726	31533
5890	27953	36004	32695	31989
5925	41056	34152	32728	32364
5960	33651	13894	32692	32845
5995	40737	35135	32704	32657
6030	27556	2195	32694	33467
6065	25970	9867	32713	33510
6100	31121	19519	32703	31596
6135	29888	29616	32696	33107
6170	40464	38323	32729	32080
6205	40892	47216	32734	32440
6240	28862	65413	32730	32762
6275	35259	65501	32708	32693
6310	35692	51514	32713	32735
6345	29902	49075	32721	32468
6380	26940	43688	32730	32455
6415	24530	40197	32693	33446
6450	38333	30501	32723	31483
6485	5608	30548	32684	34865
6520	31036	16585	32714	32765
6555	27512	28482	32701	33566
6590	19041	29700	32729	32471
6625	27080	27199	32727	31517
6660	31501	25466	32698	32482
6695	45039	25233	32687	32688
6730	41570	31970	32708	32913
6765	38584	21523	32702	33044
6800	34117	18340	32721	32277
6835	33955	24964	32704	33861
6877	32545	35144	32745	32634
6919	22019	37534	32708	33743
6961	35897	40296	32722	33243
6996	4041	41777	32726	34223
7038	32798	31051	32687	31953
7073	31192	32139	32709	33612
7108	28700	31148	32687	31850
7150	26434	65504	32694	32457
7185	35584	65504	32692	32735
7227	42047	46634	32703	32985
7269	31366	5797	32697	32873
7311	31105	13803	32726	32351
7346	31824	18631	32687	32775
7388	31493	22189	32719	32986
7430	24310	29249	32666	32544
7472	40158	32871	32723	32152
7514	51835	42294	32705	32766
7556	31982	32665	32705	32311
7598	24800	41029	32718	32014
7640	27305	65505	32693	32413
7682	33907	40216	32699	32621
7724	40804	36408	32713	32927
7759	35067	33390	32721	32099
7801	35457	33397	32708	33800
7843	35611	14949	32715	33345
7878	31664	2385	32706	33013
7920	32371	15090	32731	31814
7962	37555	26489	32692	31835
8004	35201	43537	32670	32186
8046	51248	49046	32722	32192
8088	27441	65481	32702	33224
8130	25403	65501	32686	32376
8172	31355	48140	32698	33105
8214	36410	44961	32689	33477
8256	39636	37574	32700	33246
8298	31131	35475	32716	32195
8333	37692	32108	32721	32968
8375	32219	27030	32696	32897
8417	31252	17249	32705	32602
8459	24323	16352	32701	33258
8501	40457	26837	32706	32844
8543	6278	31757	32696	33594
8585	35894	30756	32709	33324
8627	28627	32864	32719	33163
8669	24520	30906	32724	32755
8711	27582	65504	32691	33147
8753	42439	65491	32722	33625
8795	38374	23903	32696	33604
8837	34806	19436	32707	33412
8879	33489	17159	32706	32282
8921	30007	21138	32716	32054
8963	22696	27467	32690	32841
9005	38072	29070	32710	33754
9047	9437	39027	32709	33515
9089	33095	65505	32699	32489
9131	25015	41464	32678	32274
9173	26674	36403	32724	31886
9215	32175	12348	32706	31955
9257	38207	32336	32715	33568
9299	39056	9133	32690	33383
9341	34902	13597	32723	32477
9383	34191	21891	32714	33319
9425	33150	29794	32727	32469
9467	22549	19127	32718	34026
9509	28681	19631	32715	31854
9551	35807	28439	32708	32866
9593	51214	37963	32694	31629
9635	28225	42873	32708	33423
9677	26255	48837	32714	32372
9719	28632	65502	32714	33602
9761	35396	65502	32716	32834
9803	39747	47128	32715	33232
9845	35929	40333	32692	33174
9887	36189	31274	32724	32385
9929	26842	22941	32702	33642
9971	28341	21971	32707	32952
10013	26276	24876	32718	32356
10055	39128	32673	32743	31966
10097	51780	65504	32699	32743
10139	24596	29194	32733	32743
10181	28258	29618	32740	32611
10223	27714	33517	32706	33178
10265	30798	28791	32700	33089
10307	42472	31773	32691	32562
10349	37767	28445	32700	33091
10391	35887	26672	32717	33181
10433	35475	31535	32731	32960
10475	29595	29308	32723	31620
10517	30707	30166	32716	32287
10559	36760	32826	32719	32576
10601	51444	34011	32678	32418
10643	26468	65506	32714	32941
10692	26451	65459	32704	32828
10734	30817	18545	32721	33683
10783	38861	12832	32714	32973
10825	33191	30586	32708	33364
10874	36295	19016	32687	32829
10923	29877	24543	32678	32808
10965	31233	27977	32729	32605
11014	31298	34287	32735	32352
11056	34398	37685	32686	33433
11105	31931	33320	32714	32207
11147	29300	36445	32702	32773
11196	27101	27629	32718	32866
11238	33220	18931	32706	32292
11287	45068	33987	32696	31682
11329	36879	43081	32708	33205
11378	40200	47901	32700	32925
11420	31708	43534	32717	32882
11469	29369	42491	32712	32445
11511	26798	37667	32703	33482
11560	33947	43122	32697	32303
11602	34853	32284	32694	32924
11651	31273	27437	32697	32465
11693	28300	21266	32720	32959
11742	30340	17819	32699	33251
11784	38063	20469	32679	31895
11833	35226	23431	32691	33033
11882	39123	27197	32711	31862
11924	37183	30293	32720	32488
11973	31811	28219	32722	32402
12015	30080	33200	32713	32054
12064	23686	35028	32707	33215
12106	36105	34878	32702	32117
12155	51778	44326	32718	32131
12197	30985	26286	32709	33592
12246	24745	22050	32696	33453
12288	28997	30689	32702	31965
12337	38378	38459	32722	32263
12379	32262	42862	32687	33136
12421	36075	42542	32722	32105
12470	35611	40156	32707	32262
12512	32627	65506	32691	32579
12561	25851	50482	32700	32778
12603	34264	24700	32714	32130
12652	17116	20237	32704	33319
12694	37444	15726	32681	33006
12736	31074	19976	32700	32172
12785	26843	25776	32729	33341
12827	30129	29637	32691	32449
12869	37636	32818	32724	32314
12918	35266	33202	32686	32912
12960	31528	31960	32718	32175
13002	30224	32930	32716	32719
13044	32652	22418	32710	33423
13093	24281	29863	32726	31951
13135	33906	39646	32713	31661
13177	35354	41342	32718	32267
13226	38265	38706	32710	31799
13275	27818	40115	32719	32204
13317	24182	34462	32710	33414
13359	33265	38913	32691	32620
13401	36554	65505	32699	32318
13443	40536	51853	32723	32042
13492	36173	14006	32709	33380
13541	32452	10176	32697	33026
13590	32475	13973	32722	32262
13632	29015	15715	32688	32292
13674	36238	22688	32729	33195
13716	34601	29739	32706	32571
13758	50471	37218	32718	32696
13800	26603	46643	32707	32361
13849	32007	40407	32694	31803
13898	32244	18522	32721	33148
13940	39409	34920	32720	32886
13989	39112	9310	32710	32956
14031	33574	24011	32705	32604
14080	37564	21360	32709	33025
14122	29644	14487	32699	32408
14164	24978	24001	32707	32118
14213	45319	36664	32730	31452
14255	10979	48854	32702	33628
14297	30928	48148	32708	32409
14339	24248	48251	32717	33334
14388	29288	41720	32684	32624
14437	32356	40722	32725	33174
14479	37158	39732	32723	33258
14528	36462	35541	32711	32922
14570	32913	33697	32702	32403
14612	31086	28265	32707	32305
14661	36426	15550	32715	32999
14703	26186	17052	32707	32591
14745	38899	26785	32695	32032
14794	51726	38107	32714	31668
14836	31134	34921	32715	32980
14878	28420	35238	32727	32285
14927	27299	35417	32725	32863
14976	40164	32203	32720	32409
15018	34412	65505	32726	32913
15060	34173	50771	32717	32208
15109	36394	43045	32691	32701
15158	30399	17415	32735	33472
15200	25578	19009	32695	32612
15242	35143	26606	32696	33196
15291	14590	28169	32744	33820
15333	34733	23289	32717	32793
15375	30216	27762	32719	32930
15424	27865	32832	32696	33117
15466	27842	29767	32706	33285
15515	41937	20624	32673	32701
15557	37131	19781	32686	32735
15599	38092	30402	32690	31682
15641	32405	48062	32687	32042
15690	34399	48505	32686	32147
15732	27190	49680	32704	31925
15781	38336	40156	32700	32464
15823	51836	47930	32706	32346
15865	29145	65505	32702	32975
15914	23473	29799	32678	33458
15956	27618	39206	32702	31854
16005	41821	36039	32734	32364
16054	34420	5127	32706	33440
16096	35614	15598	32683	32790
16145	31384	16234	32729	33281
16187	31725	32177	32728	32237
16229	26682	28159	32712	31949
16278	36956	40142	32702	32477
16320	51772	65506	32706	32373
16369	29052	31082	32730	33023
16411	30135	27801	32726	32893
16460	27941	65504	32716	32661
16509	41122	39256	32702	33127
16558	32100	36136	32719	32422
16600	33176	33259	32733	33059
16649	35322	19389	32694	33036
16698	30618	25375	32721	32377
16747	29900	10755	32690	32845
16796	28876	22837	32709	33263
16838	42859	34248	32697	32016
16887	26364	47610	32728	32411
16929	29474	52175	32701	32509
16978	31073	65504	32692	32421
17020	37235	50178	32711	33067
17069	37074	41055	32713	31829
17118	34846	36467	32711	32154
17167	33830	24803	32724	32585
17216	32039	14257	32714	32186
17258	35555	23807	32703	32740
17307	5220	38220	32706	34197
17349	30817	35357	32708	32005
17398	28829	35377	32704	31956
17440	27192	36334	32702	33079
17489	32700	28370	32724	33613
17531	38381	32087	32725	32911
17580	35043	28680	32694	31839
17629	34146	40475	32730	32421
17678	30614	49636	32733	32515
17727	27652	43004	32698	32924
17776	39345	14258	32723	32431
17825	49724	10803	32725	32014
17867	31232	19785	32708	32298
17916	26708	24319	32708	32437
17958	31059	31684	32716	33318
18007	37918	32105	32694	32101
18056	37600	36938	32733	32827
18098	36048	38225	32713	31841
18147	29571	35463	32711	33406
18196	32949	65503	32720	32272
18238	25808	65502	32683	32129
18287	35811	50908	32689	33160
18336	51729	32396	32725	32084
18378	29388	11861	32734	32805
18427	30047	3692	32707	32876
18476	31752	18185	32705	31989
18518	36733	26923	32683	32207
18567	36133	6571	32728	33264
18609	33667	18660	32689	31964
18658	33102	32608	32711	32489
18707	31094	48859	32712	32350
18749	24064	65499	32692	32551
18798	40277	65503	32679	32913
18847	5028	47741	32687	33164
18896	31216	37151	32709	31574
18938	28236	36637	32709	33373
18987	28205	20899	32709	33897
19036	34767	19396	32698	32214
19078	37711	26543	32722	31968
19127	37306	33745	32736	32840
19176	32023	34116	32723	31983
19218	28645	33129	32690	32902
19267	27945	38519	32698	31904
19316	41254	38431	32720	32308
19365	10175	19037	32723	33167
19407	33628	19097	32715	32640
19456	30007	21713	32706	33157
19505	29313	21588	32696	32977
19547	33205	25069	32721	33005
19596	40605	29560	32693	31624
19638	33044	30395	32700	33328
19687	33129	34727	32732	33942
19729	31907	35156	32717	32784
19778	26239	35078	32700	31802
19827	36039	36110	32706	32564
19876	9754	27118	32704	33250
19925	32625	28048	32707	32645
19974	29345	14379	32732	32634
20016	26951	25533	32695	33138
20065	36121	30925	32694	32537
20114	39681	36027	32707	32772
20156	34777	32435	32719	32366
20205	32647	33760	32745	33353
20247	33249	36083	32710	32530
20296	32661	38029	32696	32069
20338	23155	29178	32702	32829
20380	32794	65505	32715	32681
20429	32251	35066	32695	32903
20471	30180	30430	32716	32812
20520	25838	14332	32717	33719
20569	26719	3707	32702	31857
20611	38180	16605	32700	33628
20660	36609	34819	32708	32175
20702	35503	49169	32704	32381
20751	34283	51062	32700	32520
20793	31649	65504	32668	33304
20842	27210	47695	32698	33421
20884	33509	40189	32703	33562
20933	15523	35740	32690	32390
20975	37180	27974	32697	32263
21024	26638	25880	32700	33284
21066	28409	24689	32717	32375
21115	31440	25481	32724	33146
21157	38271	29317	32709	32345
21206	34116	31605	32698	33311
21248	36449	19748	32704	32530
21297	33762	20385	32680	32846
21339	31053	31275	32702	32291
21381	31927	39039	32699	32937
21423	38085	36475	32703	33342
21472	30312	47735	32726	32511
21514	29808	65503	32695	32088
21556	30127	18067	32697	32545
21605	29268	10370	32719	33379
21647	41270	18916	32720	33283
21689	40881	18550	32670	33661
21738	33551	20376	32704	31869
21780	29676	24731	32718	33904
21822	32126	30593	32710	31818
21864	27045	33581	32708	33096
21906	35444	37281	32707	31865
21948	9058	38589	32743	33151
21990	25993	33109	32737	32848
22032	27372	32519	32711	32922
22081	28785	26682	32718	32561
22123	34246	41587	32719	32185
22165	36492	17231	32718	32093
22207	34290	33314	32708	33201
22249	35775	33514	32720	32416
22291	33013	32010	32705	32612
22333	37061	4622	32678	32784
22382	21999	11239	32716	33434
22424	35763	22121	32723	31718
22466	4070	35225	32697	33474
22508	29743	49466	32680	32288
22557	27051	65502	32715	33237
22599	29263	65503	32733	32547
22641	36743	65502	32707	32200
22683	40496	44633	32700	32663
22725	33974	37708	32705	32262
22767	30823	30772	32711	33146
22809	33672	25770	32719	33205
22851	31687	25966	32719	32776
22893	27794	27664	32698	33553
22935	41166	21187	32737	32976
22977	2335	19353	32713	33325
23019	31902	19370	32718	32759
23068	29170	30276	32711	32770
23117	29073	34568	32716	33741
23159	36039	37661	32706	32818
23208	39072	37780	32681	32527
23257	34691	33166	32695	33529
23299	37037	44741	32715	33064
23341	31774	65506	32705	32931
23390	24594	46796	32699	33463
23439	43638	19256	32716	33061
23481	5810	24154	32730	33235
23530	29849	19405	32676	33052
23572	25656	28241	32699	31772
23621	22438	36059	32718	33323
23670	41277	33071	32723	32160
23712	41099	35960	32691	31773
23761	35725	34312	32682	33194
23810	33374	34323	32703	32899
23859	33106	32389	32726	32050
23901	25926	65506	32707	33056
23950	35254	65503	32715	33133
23992	7873	21542	32707	33468
24041	32027	7391	32714	32612
24090	31613	29396	32698	32041
24139	31514	17805	32705	32976
24188	35870	21265	32733	31509
24230	37714	16851	32703	32645
24279	34468	15165	32704	32599
24321	33161	25991	32722	32751
24370	37467	38217	32704	32016
24412	31510	65500	32698	32286
24461	39629	65504	32697	32203
24503	9953	65502	32662	33808
24552	29135	46120	32712	32786
24594	26150	34241	32727	33207
24643	29946	32642	32667	31756
24685	31394	32677	32692	33819
24734	38210	26839	32702	33281
24776	40549	21793	32666	33097
24825	31336	16768	32723	32450
24867	32230	22144	32721	33093
24916	30213	34288	32728	31743
24958	35724	35093	32715	32440
25014	6868	37071	32703	32661
25056	28399	31995	32709	32818
25105	29071	34017	32699	32740
25147	30028	65505	32721	32402
25196	35724	26080	32713	33310
25238	37743	45128	32688	32358
25287	34655	40662	32703	33040
25329	34858	3717	32704	33006
25378	34888	8161	32686	32309
25420	30865	25318	32718	32681
25469	35595	36344	32725	31237
25511	22595	40081	32731	33094
25560	29347	38507	32711	32847
25602	29428	36633	32720	33564
25651	28404	39664	32697	32845
25693	32814	36992	32722	32191
25742	36886	35854	32697	33313
25784	41202	34246	32712	31606
25833	31425	65505	32676	32372
25875	33307	40326	32732	32993
25924	31823	8457	32716	33026
25966	24285	28941	32713	32047
26015	39401	28389	32707	32401
26064	50975	14254	32716	33681
26106	24689	23076	32729	31768
26155	23872	5863	32719	33724
26197	33040	18716	32714	33031
26246	35921	33136	32712	31375
26295	35759	42625	32709	32280
26344	31414	65501	32697	32921
26393	35305	65504	32699	33236
26442	31938	48680	32695	33195
26491	31299	46674	32704	31976
26540	32109	36922	32724	32824
26589	31931	26474	32672	31923
26638	28981	26544	32707	32141
26687	31905	26315	32727	32224
26729	35374	22590	32747	32203
26778	42548	25670	32705	32831
26820	39255	24480	32715	32308
26869	29226	21647	32699	32780
26918	34049	21925	32725	32131
26974	27942	33117	32692	32268
27023	35233	42134	32700	32415
27072	51840	65500	32706	31854
27121	29080	35983	32708	32361
27170	28688	34470	32712	32661
27219	29445	65504	32705	32881
27268	37677	48682	32717	33020
27317	36039	41847	32715	32228
27366	35035	13704	32700	33102
27415	34496	16369	32711	32671
27464	24256	21304	32695	32000
27513	35866	27551	32666	31862
27562	8215	29664	32709	33507
27611	31239	31674	32720	33404
27660	25116	31506	32722	32738
27709	32797	33057	32695	31949
27758	38947	39314	32715	33840
27807	41009	44114	32715	32378
27856	30161	65505	32699	32322
27905	33835	39208	32720	32303
27954	33357	20396	32720	33487
28003	36167	6925	32703	32911
28052	39329	30613	32709	33305
28101	38709	13439	32717	32997
28150	28020	21928	32721	32706
28199	26764	8030	32697	32839
28248	32870	21172	32697	32148
28297	37949	32849	32723	32506
28339	34266	40640	32718	32444
28388	34055	65501	32703	32476
28437	27930	65504	32726	33081
28479	17796	65503	32718	32582
28528	34098	46841	32716	32579
28577	51849	41833	32707	32577
28626	28847	25113	32731	32206
28675	31033	23034	32693	32883
28724	32229	25787	32699	31623
28766	40525	24319	32737	31911
28815	40558	14947	32691	32026
28857	41847	23315	32691	31832
28906	32341	32869	32687	32228
28955	30714	36979	32703	32030
29004	26283	36103	32695	32681
29053	36186	33522	32725	31986
29102	30158	30044	32721	32722
29151	26513	32598	32716	32969
29200	28267	31829	32691	32870
29242	31158	36232	32712	32591
29291	35364	30980	32707	32473
29333	36605	25800	32706	32992
29382	33128	65503	32725	32060
29431	33682	65427	32713	31943
29473	34511	41176	32690	33259
29522	23146	13179	32727	32785
29571	40566	19889	32708	32656
29620	51756	45165	32731	32171
29669	27920	27884	32725	32432
29711	30693	29237	32707	32925
29760	27886	32776	32732	32288
29809	39416	37009	32722	32510
29858	35978	36667	32706	33385
29900	34269	37581	32705	32087
29949	32240	35578	32707	32310
29991	29591	32268	32733	33744
30040	28369	21075	32717	33412
30082	42366	29715	32707	31899
30124	6085	44516	32700	32928
30166	31110	37914	32706	32561
30215	30233	41058	32728	33150
30257	31408	35375	32719	33168
30306	35184	65505	32704	32170
30348	40198	65503	32721	32485
30397	32693	45008	32699	32501
30439	33615	14204	32705	33138
30488	32989	18482	32709	31845
30537	24611	17225	32703	33446
30579	36453	22799	32706	32170
30621	38942	11599	32684	32838
30670	29799	16393	32708	33052
30712	23215	27734	32711	32401
30754	33197	35648	32712	32285
30796	36437	36735	32704	31886
30838	44305	34308	32697	32108
30880	37762	37867	32691	32270
30922	34209	40688	32700	32237
30971	37323	65502	32714	32735
31013	31753	37805	32694	32223
31062	22837	43358	32712	32212
31104	37867	65506	32682	32464
31153	45742	65504	32697	33130
31202	31674	40367	32675	32226
31251	23313	21144	32716	33717
31300	27419	16550	32729	33472
31349	36373	18078	32682	33446
31398	35807	20119	32708	32881
31447	27722	21277	32720	33388
31496	27889	34856	32688	32901
31545	22922	12167	32709	33582
31594	40625	24475	32726	32617
31643	51834	47395	32726	31445
31692	30959	65500	32735	32457
31741	26640	65501	32698	32523
31790	30758	65505	32712	32903
31839	43069	38577	32722	32533
31888	39891	7328	32738	32520
31944	40803	5138	32702	31910
31993	31296	5	32689	33282
32042	25277	13941	32725	33151
32091	36497	18333	32741	32429
32140	50727	13458	32712	32828
32189	28306	23808	32729	32318
32238	25894	31427	32711	33011
32287	30489	34387	32714	32215
32336	39482	36781	32696	33194
32385	34890	36184	32708	33119
32434	33026	35143	32693	33139
32483	37449	19748	32715	33046
32532	27549	19257	32702	33348
32581	40845	35764	32710	32457
32630	42966	65504	32710	31865
32679	27765	46628	32677	32791
32728	26311	41095	32721	33067
32777	32178	35484	32719	32742
32826	36477	65504	32725	32254
32875	39337	47562	32695	33065
32924	30833	40418	32699	32825
32980	32059	9070	32732	32943
33029	27653	16929	32704	32503
33078	38021	22044	32705	31794
33127	13839	28117	32723	33622
33176	28538	24515	32720	32684
33225	29530	32132	32684	32049
33274	25837	32927	32695	32704
33323	39436	31388	32730	32224
33372	34841	34721	32720	33769
33421	36962	20757	32700	33617
33470	33910	28501	32697	32027
33519	30421	41613	32711	32545
33568	40026	47146	32695	33020
33617	8213	42758	32697	33261
33666	28639	45322	32708	32132
33715	28734	38497	32708	33715
33764	31703	17171	32692	32345
33813	34641	26306	32706	32962
33862	38582	65506	32713	32173
33911	35185	65503	32714	32925
33960	33000	9771	32696	33006
34009	31612	27968	32721	33376
34058	20685	27733	32733	33104
34107	33010	29177	32720	32066
34156	51806	32130	32723	32428
34205	26357	9988	32714	32896
34254	31969	12276	32705	32938
34303	27846	26506	32704	32007
34352	39046	38460	32671	32164
34401	36812	44452	32706	32701
34450	34047	65501	32703	33376
34499	33917	65503	32689	32812
34548	33565	65504	32707	32904
34597	25665	65505	32706	32417
34646	37768	50883	32695	32790
34695	35376	10003	32712	33323
34744	27956	32180	32706	32978
34793	27041	6	32698	32459
34842	32237	2348	32664	32151
34898	40996	26891	32650	33024
34947	26515	40846	32688	33074
34996	31577	65501	32678	32073
35045	30022	44378	32706	32200
35094	30024	26693	32691	33385
35143	34062	25963	32726	33443
35192	51824	35700	32679	32383
35248	28709	33087	32712	32770
35297	31169	33682	32681	32586
35346	32245	31488	32743	32278
35395	42369	27143	32727	33006
35444	35098	24696	32633	32939
35493	38134	19370	32683	32243
35542	14256	31613	32704	33307
35598	28848	42975	32723	31549
35647	34436	42683	32723	32329
35696	40951	39125	32728	32273
35745	23718	34253	32724	31861
35794	24370	50292	32691	33584
35843	29571	65503	32722	32795
35892	37707	44944	32722	32307
35941	51353	39563	32694	31523
35997	33787	25201	32680	32634
36046	39607	11864	32683	31515
36095	20529	2594	32663	32623
36144	37151	11955	32720	33316
36193	51846	34520	32678	32334
36242	24102	19792	32692	33338
36291	33561	7585	32658	32206
36340	26800	21656	32697	31925
36389	51862	34251	32697	31149
36438	32591	42763	32695	33419
36487	36876	47206	32706	32957
36536	26774	65501	32701	32760
36585	29257	65502	32677	32921
36634	35906	47349	32707	32580
36683	51847	41216	32686	32811
36732	27939	28270	32700	32874
36781	29714	30659	32713	32607
36830	35095	28837	32708	32630
36879	38361	9558	32678	32927
36935	36715	3428	32678	32714
36984	33457	17970	32702	33272
37033	31451	23854	32734	32671
37082	30626	27290	32712	32267
37131	33803	31861	32707	32893
37180	28069	19672	32729	33096
37229	26972	25503	32718	32279
37278	18004	12763	32676	32187
37327	34035	25245	32670	32723
37376	42284	37443	32683	32502
37425	35203	46269	32678	34113
37474	35277	65502	32689	32905
37523	30067	65503	32715	32270
37579	27432	65505	32678	32381
37628	40756	43550	32716	32898
37677	51853	33679	32710	33034
37726	29331	41605	32696	32539
37775	28350	34757	32705	33736
37824	31097	29808	32711	33423
37873	36267	20901	32726	32853
37922	37199	5	32674	32386
37971	26412	10731	32712	32817
38020	31557	30717	32704	32949
38069	28878	34242	32710	32583
38118	34153	44491	32724	31290
38167	36150	45381	32697	32796
38216	43402	39345	32686	32757
38272	32033	35742	32690	32405
38321	25106	34595	32685	33233
38370	34726	38728	32720	32757
38419	33846	33979	32687	32634
38468	39888	34518	32700	33366
38517	33602	28830	32717	32868
38566	36268	28143	32681	31574
38615	26229	26220	32679	32299
38664	41719	25616	32709	33344
38713	6092	31631	32713	33557
38762	32857	32057	32726	31928
38811	28052	32864	32704	32602
38860	29482	24577	32667	32251
38909	39588	30250	32682	32450
38958	35970	39155	32706	32210
39007	36241	41159	32695	32425
39056	31816	43878	32713	32786
39105	34231	43328	32701	32418
39154	28681	20985	32717	32749
39203	37574	31491	32698	32678
39252	12715	31296	32710	34148
39301	32827	16764	32681	33190
39350	25798	21147	32717	32239
39399	33686	25686	32710	33153
39448	36520	32695	32697	32618
39497	35504	34789	32687	32876
39546	30333	33467	32688	33900
39595	33439	34115	32710	32574
39644	31991	35344	32697	32987
39686	31511	35418	32690	32732
39735	44578	32471	32688	32750
39777	1240	40161	32710	32858
39826	33073	35249	32681	33080
39875	23247	33463	32704	32509
39917	28049	10107	32709	33130
39966	39332	32354	32709	32493
40008	35715	34469	32710	32158
40057	38039	36243	32705	33044
40099	40283	3632	32710	33134
40148	27480	18426	32708	33213
40197	35192	31064	32705	32253
40246	27592	48322	32694	31480
40295	9816	65501	32661	33231
40344	31946	45670	32704	33477
40393	30302	41213	32720	32863
40435	30448	38928	32701	32625
40484	33397	35252	32697	32689
40526	46599	34909	32722	31794
40575	34570	26178	32681	32586
40624	34535	27982	32712	32446
40666	34492	26422	32719	32739
40715	30900	27063	32715	32836
40757	26206	30129	32697	32235
40806	31351	33315	32699	32765
40848	33469	31475	32722	32369
40897	31676	20497	32705	32460
40939	32697	32893	32694	32706
40988	28967	30765	32679	32561
41030	41847	11022	32707	32926
41079	32263	30772	32709	32550
41121	24163	18523	32704	32598
41170	33195	26863	32709	33166
41212	30674	24655	32725	32892
41261	26742	15299	32679	32765
41303	44152	24956	32694	31287
41352	1281	42565	32673	32685
41394	33493	44794	32689	32985
41443	30107	65502	32704	33421
41492	25143	65503	32713	32462
41541	32625	48744	32665	32649
41590	36240	40749	32726	32708
41639	32848	35997	32704	32205
41688	36728	30609	32724	32496
41737	35758	29546	32727	32681
41779	19479	20942	32690	33519
41828	42360	14976	32722	32172
41877	51816	7221	32706	33831
41926	33458	21465	32696	32321
41975	22731	41846	32719	32658
42024	32299	44128	32675	33220
42073	36027	37564	32707	32657
42122	33642	37177	32704	33364
42171	32958	65504	32693	32415
42220	35620	49178	32729	33064
42262	28001	42228	32698	32063
42318	37780	4725	32704	33175
42367	6226	9326	32693	33551
42416	27069	16283	32698	32716
42465	26519	15150	32709	33080
42514	30170	34690	32680	31789
42563	41672	40189	32695	32292
42612	33091	41159	32720	33602
42661	34271	41723	32704	31476
42710	29749	38261	32695	32922
42759	29322	33663	32729	32288
42808	31860	35087	32711	32620
42857	8029	22226	32731	33196
42906	31695	18681	32674	32489
42955	30316	38386	32689	32565
43004	22926	45039	32697	32924
43053	40761	44340	32713	31721
43102	36171	34155	32701	32044
43151	35367	34717	32688	32320
43200	28659	43748	32713	33251
43249	32404	23942	32699	32712
43298	37308	17522	32712	32881
43347	13592	16361	32680	33902
43396	28207	12508	32691	32714
43445	29965	24529	32703	32284
43494	27864	21685	32710	32404
43543	34159	28381	32706	33377
43585	34140	30948	32720	32927
43634	34901	31706	32687	33238
43683	27905	29662	32694	33137
43732	37980	35614	32678	31481
43781	23992	65505	32700	32424
43830	37635	19398	32698	32126
43879	28727	35187	32684	32411
43928	31279	33964	32710	32769
43977	26971	33875	32699	32751
44026	34731	34895	32699	33180
44075	39547	36515	32683	32296
44124	36940	4460	32713	32904
44173	30703	18932	32712	33282
44222	34783	32390	32718	32040
44271	24532	50439	32682	32006
44320	35580	65503	32701	32916
44369	2960	65501	32714	33226
44418	27482	39433	32695	32601
44467	29671	33562	32716	32106
44509	32841	31956	32701	32775
44558	30968	26665	32711	32280
44607	40357	27816	32697	34097
44656	30898	26582	32729	33563
44705	35818	31532	32698	32507
44754	25375	21163	32674	32289
44803	25324	17485	32712	32635
44852	30691	29223	32713	32763
44901	51847	50541	32705	32597
44943	28247	38993	32701	32663
44992	32171	40545	32701	32621
45041	24020	36218	32717	33664
45090	42684	40312	32712	33258
45132	36727	65503	32703	32482
45181	30413	46738	32666	32759
45223	33730	7760	32708	32771
45272	36172	17430	32701	32654
45314	25382	18785	32706	31831
45363	38695	24560	32688	32804
45412	30441	14903	32714	32703
45461	25726	27636	32746	31498
45510	21844	29923	32696	32586
45552	26453	34208	32713	32001
45601	40212	30938	32655	33292
45650	33414	33934	32713	32196
45692	33621	35735	32695	32955
45741	31949	20930	32708	31792
45783	25779	31145	32717	32163
45832	26774	35560	32713	33039
45874	36577	47402	32694	32913
45923	51840	65506	32693	32889
45965	30592	36106	32685	32928
46014	25176	65504	32711	32471
46063	33368	24525	32686	32602
46112	36746	43799	32686	32609
46161	38828	26980	32686	33130
46210	31387	12149	32676	33312
46259	36166	16229	32713	32064
46301	35574	20541	32698	33590
46350	27198	27041	32693	31836
46392	37878	32151	32694	31818
46441	51799	65501	32685	32004
46483	25310	29704	32725	32278
46532	29312	65505	32677	32664
46581	25728	30614	32712	33249
46623	35851	39564	32693	33312
46672	38991	36362	32697	32522
46721	33559	35248	32679	33450
46770	29831	21819	32714	31763
46819	29174	23427	32694	32265
46868	26914	30378	32735	32905
46917	11561	30802	32690	32587
46966	27268	12414	32729	32529
47008	22722	18611	32726	32175
47057	33464	29022	32712	32681
47106	32578	40187	32706	31645
47155	38432	65499	32725	33255
47204	31904	65501	32700	32986
47246	34714	65491	32683	33700
47295	32541	41325	32713	33029
47344	23762	35678	32715	33129
47393	34372	32316	32749	32070
47435	51858	65506	32664	31335
47484	35223	26930	32714	31993
47533	24006	17203	32704	32883
47575	28435	17801	32690	33281
47624	37909	27395	32681	31309
47673	34735	33646	32692	32159
47722	26692	36493	32728	33219
47771	33782	35783	32718	32869
47820	30599	30446	32705	32286
47869	34518	65503	32693	32108
47918	31435	51036	32711	33039
47960	27222	13035	32728	34069
48009	35176	18131	32705	32646
48058	25243	17963	32717	31385
48107	36817	29083	32671	31950
48156	40724	30272	32700	33706
48205	34823	27729	32740	31847
48247	30085	35198	32692	33449
48296	32021	33415	32704	33245
48345	32072	35010	32679	31815
48394	38671	32162	32690	33220
48436	34654	30070	32671	32757
48485	28584	30914	32713	33331
48534	30497	36150	32666	32799
48576	30116	30477	32715	33279
48625	40011	23954	32726	32348
48667	37583	37682	32706	33187
48716	33271	34418	32721	33287
48758	32312	36123	32713	33745
48807	35584	51092	32691	32256
48856	33417	65505	32726	32820
48898	28329	17894	32713	32948
48947	24276	18141	32728	32574
48989	22100	23800	32709	32606
49038	36137	28355	32708	32177
49080	41695	33257	32712	32336
49129	28979	30563	32689	32427
49178	29417	27876	32709	32849
49220	27233	31318	32713	32282
49269	39970	35071	32697	32265
49318	5827	33005	32712	32572
49367	28192	34363	32672	32497
49416	26438	33540	32737	32425
49458	33382	65504	32705	31994
49507	43114	65504	32694	32993
49556	37445	21350	32717	33454
49598	35460	29593	32699	31928
49647	25805	29663	32699	33090
49696	38985	34216	32723	32246
49745	1098	22577	32666	34104
49794	36670	16116	32696	31866
49843	19530	30591	32715	33987
49892	32558	40749	32744	31672
49934	35090	65500	32703	32484
49983	30614	65500	32656	32797
50032	32269	45475	32698	33480
50081	27648	38060	32708	33145
50130	36282	37687	32703	32621
50179	3015	26985	32714	32742
50228	31971	22284	32680	32024
50277	31084	15931	32689	33577
50326	23939	26061	32686	31984
50375	44572	34012	32711	32146
50424	35047	33281	32710	32039
50473	38227	43920	32696	32984
50522	32354	65503	32711	32247
50571	34475	45645	32717	32363
50620	32792	41267	32722	33456
50669	43362	7459	32696	32533
50718	26877	10782	32684	32775
50767	29086	21215	32715	33605
50816	29416	27006	32696	32648
50865	39228	33343	32694	32725
50914	32092	37022	32719	32696
50963	36568	36815	32741	32383
51012	27290	35310	32698	33056
51061	41560	24679	32720	32849
51110	46103	28139	32708	32740
51159	35019	38114	32665	32479
51208	25328	44379	32704	31924
51257	31177	42864	32694	32700
51306	44143	65505	32688	32563
51355	29502	21760	32698	33474
51404	39306	44395	32692	32597
51453	30507	12810	32693	32192
51509	41132	20281	32691	32894
51558	27527	26049	32728	32067
51607	26757	25681	32693	33807
51656	27202	28674	32711	33278
51705	31947	31262	32672	32658
51754	44189	32272	32731	32248
51803	34047	34611	32731	32143
51852	33682	27354	32692	33007
51901	30472	23737	32704	31985
51950	31351	36033	32699	33972
51999	33392	43333	32669	31930
52048	51838	65504	32690	32038
52097	27531	40629	32691	32457
52153	26609	65504	32698	33126
52202	37826	48257	32685	32189
52251	34455	29953	32716	33387
52307	32360	27008	32687	32215
52356	34669	27854	32702	32002
52405	28096	5404	32702	32384
52461	39247	15721	32735	31754
52510	41196	30197	32697	32232
52559	34907	32251	32717	32502
52608	29476	14497	32705	33034
52664	28274	27316	32666	32339
52713	44916	38154	32693	31440
52762	38237	43209	32679	34004
52818	25826	48983	32670	33642
52867	33978	65503	32680	32352
52916	26308	49416	32704	33669
52965	39827	40180	32683	32542
53021	34367	65505	32682	32289
53070	31719	24834	32702	32199
53126	27027	35194	32720	33785
53175	41407	9	32684	32150
53231	38879	6495	32684	32536
53280	30377	5	32707	32855
53336	29565	8387	32700	32822
53385	34670	5991	32690	32959
53441	16260	4562	32730	34486
53497	28880	15323	32720	33768
53553	25280	32686	32675	32652
53609	31500	43881	32695	31322
53658	37967	65503	32673	32903
53714	35029	65502	32691	32065
53763	26699	44890	32715	32705
53819	33091	65506	32699	32371
53868	34807	46931	32687	32234
53924	4096	37038	32689	31762
53973	34497	33488	32684	32207
54029	33360	21511	32711	33304
54085	31989	23806	32696	31902
54141	34501	4	32680	33604
54197	39348	16277	32701	31974
54253	24611	34561	32691	31585
54309	21358	50490	32710	33037
54365	38482	65502	32695	32642
54421	50027	65509	32710	33308
54477	26987	65505	32716	32362
54533	33476	48914	32678	32274
54589	33241	38376	32707	33127
54645	39474	22061	32732	32950
54694	37600	21757	32732	32698
54750	36282	23789	32693	32459
54806	28053	4	32728	32882
54862	40445	16848	32703	33021
54918	41085	34559	32678	32925
54974	31799	48636	32721	32893
55030	25641	65500	32711	33145
55086	31026	65502	32708	33150
55142	38037	65507	32676	32574
55198	36802	17159	32708	32375
55254	36874	22696	32732	32964
55310	33125	9910	32686	32609
55366	38944	22259	32690	31009
55422	51558	29500	32710	31882
55478	26170	32768	32720	33491
55534	25376	31542	32715	32762
55597	39799	32483	32697	32494
55660	38737	31104	32691	32688
55716	33661	30971	32690	33395
55772	34731	21101	32667	32081
55828	23228	17103	32680	33795
55884	36122	32849	32678	32620
55940	51715	65503	32701	31866
55996	21642	42487	32714	32561
56052	27768	39865	32698	32344
56108	40604	29941	32695	33685
56164	44533	42239	32711	32449
56220	32386	25909	32705	32902
56276	33688	25658	32672	32435
56332	22281	27398	32715	32728
56388	32600	5	32720	32582
56444	28124	12118	32707	32048
56500	32072	28821	32699	32677
56556	30451	43300	32701	33050
56612	40979	65503	32693	31978
56668	37034	65503	32687	33022
56724	36098	65505	32710	33707
56780	27935	30551	32676	33138
56836	20077	18556	32704	32492
56892	36469	35958	32711	32848
56948	28688	5	32724	32962
57004	29183	8528	32699	32059
57060	40609	6875	32726	33095
57116	41293	31915	32711	31202
57172	34421	46171	32673	32338
57228	32696	26681	32723	33112
57284	29840	16487	32578	32882
57340	20995	15671	32689	33346
57396	41486	14880	32678	33187
57452	35244	37577	32650	32270
57508	31842	40394	32689	32799
57564	30088	41315	32665	33107
57620	39154	29122	32701	33791
57676	31164	43774	32720	33419
57732	32875	39998	32697	32469
57788	29884	34522	32718	32782
57844	25260	33135	32655	32731
57900	40192	34853	32698	31754
57956	37346	37863	32720	32361
58012	36844	25190	32652	32896
58068	37166	41577	32688	32353
58124	35805	27098	32672	31955
58180	33971	27799	32723	32927
58229	32814	30247	32711	33113
58285	31663	32704	32718	32836
58334	19615	4891	32711	32355
58390	37710	15777	32682	31998
58446	51805	32616	32666	30575
58495	36853	43667	32710	32514
58551	25735	65500	32683	32931
58600	31596	65502	32701	32654
58656	40452	65505	32709	32828
58712	35736	65502	32704	33366
58768	36396	40169	32705	32176
58824	34717	5	32716	32261
58880	19587	4898	32689	33991
58936	33749	9239	32688	32618
58992	32957	17814	32674	31686
59041	30581	37715	32683	31610
59097	30245	43526	32699	33010
59146	30367	29425	32669	32806
59202	37497	36077	32672	33016
59258	31550	31053	32740	32257
59314	31498	40736	32717	30878
59363	19327	34186	32695	32578
59419	39358	31653	32672	32222
59468	51333	22729	32684	33254
59524	34428	29141	32693	33863
59573	20481	25561	32716	32886
59629	38961	29888	32681	32637
59678	38992	34044	32672	32794
59727	33295	17732	32709	33148
59776	34009	22866	32678	32359
59825	26524	34002	32710	33769
59874	38934	40805	32668	33329
59930	9001	38470	32689	33676
59979	22572	40304	32667	31446
60028	31168	27804	32707	32446
60084	20839	32582	32711	32048
60133	32833	65502	32687	33002
60182	43410	49170	32671	33357
60231	34350	19405	32712	33108
60280	36846	22876	32710	32360
60329	27487	26837	32703	32663
60378	39558	34964	32699	32771
60427	11478	29856	32715	33304
60483	33218	25963	32704	32444
60532	28303	35744	32704	31834
60581	33395	38068	32685	32423
60637	39965	37482	32641	32705
60693	39986	24832	32651	32329
60749	36327	38183	32681	32315
60798	24483	36037	32722	32610
60854	21977	65506	32684	33195
60910	36544	65502	32700	32271
60959	31823	33264	32714	32674
61008	26802	30471	32696	32641
61057	31219	12259	32660	32844
61106	34776	5961	32694	32286
61155	42265	5723	32708	32554
61204	35464	22109	32695	31909
61253	43283	35646	32685	32451
61302	27961	12178	32717	33740
61351	30795	19044	32709	32772
61407	48935	31603	32654	33014
61456	31616	42394	32668	31930
61505	29240	51746	32710	33759
61554	18459	65502	32682	32264
61603	31982	65506	32693	32354
61659	41620	65505	32668	33101
61708	27414	42130	32706	33068
61757	40748	39632	32727	33078
61813	34853	12216	32642	31716
61862	38439	15921	32689	31896
61918	10708	21037	32703	32920
61967	33610	24927	32683	32953
62023	24250	25395	32678	32521
62079	27990	21829	32688	32469
62128	40068	37316	32696	32184
62184	37216	40435	32718	32171
62233	31733	36785	32705	32284
62289	32193	27493	32681	33316
62345	28566	40110	32705	32995
62401	40272	34649	32720	32308
62450	51578	15880	32683	32902
