timestamp	ch1	ch2	ch3	ch4
1.048	47851	65502	32653	32759
1.064	48567	38719	32701	32702
1.168	51852	17412	32816	32781
1.192	17755	39731	32757	32461
1.216	51381	22340	32635	32790
1.248	49695	29574	32694	32747
1.28	42791	39413	32693	32727
1.304	32884	15798	32742	32688
1.336	50995	10560	32740	32730
1.368	50969	14105	32746	32736
1.392	12698	46930	32748	32538
1.416	50516	18511	32652	32716
1.44	17988	42282	32741	32529
1.464	45009	38385	32647	32756
1.496	33851	45403	32720	32640
1.52	31451	18845	32765	32731
1.544	18038	65504	32722	32622
1.568	50662	15718	32763	32710
1.6	51169	21667	32732	32791
1.624	10658	38821	32717	32529
1.656	16761	30049	32752	32562
1.688	21855	17896	32750	32720
1.72	31156	12978	32750	32650
1.752	35070	14420	32763	32718
1.784	41398	17670	32771	32737
1.808	13086	47415	32750	32550
1.832	50959	25282	32666	32791
1.864	47588	21230	32714	32735
1.888	24328	24756	32621	32640
1.92	33584	19589	32760	32638
1.952	40724	14655	32705	32746
1.984	48398	14959	32710	32761
2.016	51875	19522	32715	32853
2.048	51852	24632	32710	32843
2.072	26575	38949	32655	32479
2.104	30800	32968	32623	32546
2.136	51505	25111	32717	32871
2.176	15034	65501	32687	32485
2.208	15695	43646	32736	32488
2.24	20187	48626	32753	32207
2.288	31283	34758	32625	32641
2.32	40206	27385	32744	32902
2.36	11216	51553	32753	32565
2.392	9735	53583	32702	32395
2.424	14297	65487	32726	32397
2.456	24113	39634	32635	32418
2.496	26943	42873	32751	32732
2.536	46078	14260	32764	32800
2.576	9833	65503	32725	32427
2.616	49687	24432	32721	32989
2.656	26712	26717	32799	32334
2.704	41842	12371	32727	32735
2.752	51331	10602	32751	32849
2.808	15591	34470	32660	32415
2.848	38589	35991	32751	32847
2.896	22951	44456	32765	32723
2.944	11821	46888	32766	32584
2.992	14034	40046	32748	32466
3.04	25608	26842	32791	32281
3.088	39831	15516	32725	32409
3.136	51280	13851	32780	32734
3.192	13756	36695	32742	32516
3.24	24280	28495	32745	32419
3.288	38679	14828	32756	32619
3.336	50731	14142	32775	32924
3.384	51635	13708	32773	33003
3.44	14322	32049	32736	32372
3.488	29974	32188	32644	32863
3.544	18807	37993	32758	32789
3.6	51631	23651	32723	32875
3.656	12332	51716	32715	31541
3.712	39255	32600	32705	32729
3.768	36887	26486	32769	33050
3.824	14553	48351	32728	32029
3.888	25847	44878	32665	32025
3.944	29730	34542	32764	32503
4	51840	18307	32774	34740
4.064	51047	20763	32652	34207
4.128	30659	31134	32750	33388
4.2	51110	18206	32694	34672
4.264	50649	19782	32734	33915
4.312	37854	27713	32728	32788
4.36	22057	36258	32749	32869
4.416	51614	17692	32756	33496
4.472	18101	50396	32621	32180
4.536	51048	30557	32774	32497
4.608	10636	65504	32733	32268
4.696	25341	19544	32696	32424
4.76	9740	29419	32748	32536
4.824	13386	43594	32759	32597
4.896	25955	17255	32670	32665
4.96	8913	30246	32740	32800
5.024	12658	65502	32738	32803
5.088	39660	53121	32667	32730
5.152	51733	34320	32719	32752
5.224	12483	44454	32747	32724
5.288	39188	48207	32646	32699
5.36	9277	26628	32732	32749
5.424	11070	45223	32723	32690
5.496	28909	14201	32688	32644
5.568	51840	34321	32752	32610
5.648	42917	16433	32706	32647
5.72	51816	47160	32652	32605
5.8	51850	26522	32738	32595
5.872	26027	65499	32728	32682
5.944	17316	25523	32679	32741
6.024	9095	45648	32747	32683
6.104	38399	51683	32674	32630
6.184	38899	14308	32755	32561
6.264	51876	10995	32781	33209
6.344	38179	36724	32722	33102
6.424	16139	65498	32727	32492
6.504	15636	41983	32736	30772
6.584	34816	32758	32621	32982
6.664	51872	20406	32760	32862
6.736	24591	35536	32748	32354
6.816	50473	13307	32767	32574
6.888	12233	4817	32751	32432
6.96	47583	21391	32689	32699
7.04	37324	31069	32677	32600
7.12	15223	35818	32737	32611
7.2	12433	65501	32744	32705
7.28	33710	65506	32719	32812
7.36	51824	35899	32735	32731
7.44	49413	44683	32637	32658
7.52	20628	18798	32669	32581
7.6	12293	3	32701	32679
7.68	30886	9816	32744	32793
7.76	51454	34237	32699	32716
7.84	49672	39847	32648	32651
7.928	41598	16736	32719	32760
8.048	16391	36428	32742	32764
8.128	39397	41165	32702	32764
8.208	51544	42583	32709	32699
8.304	32884	45714	32732	32575
8.384	9198	45827	32744	32534
8.464	15129	65506	32717	32689
8.544	49859	29393	32688	32717
8.624	51850	15267	32799	32663
8.704	38178	12878	32658	32522
8.776	49719	19758	32783	32752
8.864	12892	35100	32731	32715
8.936	28431	18786	32675	32537
9.016	6425	43720	32759	32549
9.096	21531	51509	32679	32785
9.176	51844	33567	32778	32766
9.256	51818	9636	32730	32620
9.336	38188	65503	32682	32564
9.416	12222	10094	32715	32642
9.496	23475	9396	32730	32708
9.576	48153	32155	32691	32765
9.664	18567	11190	32663	32684
9.744	40847	32038	32683	32738
9.824	51857	65495	32663	32696
9.904	37840	52025	32627	32624
9.992	51016	44446	32683	32718
10.072	48569	65502	32609	32606
10.152	25142	38798	32682	32540
10.24	51658	51372	32692	32761
10.32	38905	43474	32661	32617
10.408	50522	46438	32681	32744
10.488	49544	65483	32656	32650
10.568	26232	30959	32680	32586
10.656	51596	49288	32673	32670
10.736	37221	41834	32732	32502
10.816	14731	16488	32707	32585
10.904	49841	43904	32656	32599
10.992	41919	28335	32712	32784
11.08	8009	27563	32748	32660
11.168	33051	35594	32747	32555
11.256	51737	65505	32672	32744
11.344	23429	33934	32678	32731
11.432	12868	14360	32695	32589
11.52	50211	40884	32639	32617
11.616	19608	15759	32685	32580
11.72	50931	46405	32661	32592
11.816	21868	16236	32704	32597
11.912	8821	13261	32687	32624
12	27993	22366	32689	32594
12.096	6645	14486	32685	32611
12.184	34396	34554	32688	32477
12.288	51851	65462	32650	32671
12.384	37551	26592	32702	32564
12.48	9056	15177	32720	32664
12.592	30038	43957	32674	32779
12.688	51860	43085	32694	32743
12.784	41115	31109	32733	32590
12.88	10749	15577	32763	32583
12.976	17760	29775	32771	32747
13.072	51850	41713	32700	32716
13.168	48897	36610	32755	32594
13.272	51859	44550	32670	32731
13.368	50556	12671	32683	32588
13.472	51881	37829	32664	32794
13.568	51274	16713	32726	32651
13.688	51861	30785	32730	32754
13.808	21026	46877	32701	32727
13.92	51855	31332	32749	32714
14.024	26410	46841	32680	32741
14.136	51859	27900	32751	32701
14.24	29527	51172	32644	32735
14.344	6602	43214	32715	32657
14.456	34747	47118	32698	32804
14.56	6457	65502	32700	32632
14.664	30585	23331	32689	32533
14.768	51857	17607	32766	32663
14.872	37384	46435	32658	32767
14.976	6451	51569	32736	32602
15.08	29138	26382	32676	32566
15.184	51862	14753	32786	32608
15.296	25143	28539	32773	32573
15.4	51847	13819	32796	32635
15.504	44698	39784	32737	32762
15.616	51706	8874	32736	32610
15.736	51854	31506	32752	32740
15.84	15291	46947	32725	32779
15.944	14043	38217	32734	32584
16.064	41170	11445	32759	32507
16.184	51860	19306	32771	32679
16.296	33059	20756	32671	32571
16.408	6471	49052	32714	32677
16.52	44709	37511	32744	32795
16.632	51815	10661	32783	32656
16.736	47707	38444	32703	32763
16.848	51071	10506	32794	32607
16.96	16307	39003	32746	32616
17.064	49257	15361	32725	32568
17.176	13214	39723	32705	32543
17.288	20415	47111	32756	32755
17.408	7412	65504	32701	32611
17.528	31739	20593	32766	32619
17.648	51840	13364	32760	32647
17.768	51854	33705	32763	32760
17.888	15710	49100	32718	32759
18.008	9449	65503	32672	32607
18.12	25896	44710	32634	32760
18.24	6542	47908	32720	32611
18.352	39728	39949	32740	32766
18.472	8388	52054	32705	32727
18.592	16955	36424	32726	32639
18.712	44785	14817	32748	32577
18.84	8066	44895	32741	32610
18.976	26495	30482	32751	32494
19.104	11564	50630	32710	32700
19.232	51882	17793	32756	32808
19.352	26500	42353	32653	32748
19.48	51873	13816	32790	32636
19.616	51856	26406	32762	32720
19.752	21817	43204	32638	32758
19.888	6317	50968	32725	32670
20.024	20090	41414	32746	32580
20.16	43472	23526	32776	32564
20.304	6758	55478	32725	32721
20.456	12734	45650	32728	32603
20.6	34661	33131	32770	32769
20.744	50561	15973	32705	32599
20.888	8068	49522	32673	32668
21.04	21116	40107	32716	32588
21.184	21690	41725	32667	32815
21.336	7575	50631	32708	32711
21.48	49499	19773	32741	32639
21.64	25788	37846	32734	32620
21.8	23971	40285	32739	32796
21.96	51453	14887	32755	32583
22.176	49148	16937	32780	32586
22.336	6456	52098	32746	32711
22.496	51866	17617	32747	32764
22.656	23531	37611	32727	32536
22.816	26100	37749	32773	32749
22.976	51029	14377	32765	32545
23.136	6461	51030	32712	32685
23.296	51877	15259	32757	32676
23.464	43652	28613	32791	32777
23.632	26999	39140	32745	32778
23.8	13256	45867	32724	32789
23.968	6781	51123	32719	32756
24.136	8261	50091	32719	32657
24.304	16570	65503	32663	32585
24.472	28858	33172	32745	32577
24.64	41347	24363	32677	32576
24.808	51091	16238	32734	32587
24.976	51861	15811	32709	32626
25.144	51726	47850	32730	32696
25.32	12268	1778	32705	32600
25.52	11813	8023	32706	32583
25.696	49029	44947	32670	32715
25.872	22234	25340	32687	32576
26.048	33603	39192	32690	32772
26.232	28494	32371	32756	32759
26.408	42882	43473	32638	32656
26.584	18309	8876	32688	32673
26.76	51778	47358	32666	32685
26.944	51781	47455	32663	32658
27.12	13220	25177	32663	32628
27.296	45155	33611	32660	32738
27.48	40513	27946	32665	32783
27.656	33304	44744	32730	32600
27.832	24228	15368	32808	32676
28.008	49630	63965	32651	32733
28.192	51633	51987	32666	32669
28.376	51733	48172	32666	32692
28.56	51673	44081	32693	32719
28.744	49546	41944	32692	32774
28.936	16354	30806	32683	32592
29.112	41644	25790	32702	32764
29.296	33627	14626	32792	32709
29.48	18778	17966	32668	32705
0	26826	26582	32659	24218
0.024	29193	30091	32834	27833
0.056	21771	18682	32829	31666
0.08	51101	42388	32676	33953
0.112	51891	47967	32680	36305
0.136	13202	15538	32753	37628
0.16	51803	51760	32681	38631
0.192	46190	46570	32663	39534
0.224	36559	37516	32803	40034
0.248	38047	42383	32675	40181
0.272	21721	23385	32713	65535
0.296	49499	65526	32691	65535
0.32	12039	15975	32729	65535
0.344	51759	65535	32703	65535
0.368	14027	18365	32703	65535
0.392	49136	43247	32674	65535
0.416	25393	28162	32778	47647
0.44	33737	28696	32722	43495
0.464	39293	39816	32713	40007
0.488	19334	15024	32718	37009
0.512	51377	46687	32710	21332
0.528	51865	47610	32698	20155
0.552	11639	12364	32711	18949
0.576	51786	46267	32681	18196
0.6	19291	22821	32812	17824
0.624	41103	36367	32776	17748
0.648	33274	37166	32778	17941
0.672	26361	25215	32724	18327
0.696	51354	47541	32751	18901
0.72	9533	15063	32735	19617
0.752	6528	13370	32712	20753
0.776	51494	47448	32686	21698
0.8	14574	19623	32705	22716
0.824	39732	35382	32762	23788
0.848	34024	32039	32786	24855
0.872	23070	20996	32725	25897
0.896	45366	45390	32718	26871
0.92	13124	12804	32720	27790
0.944	51822	50982	32706	28630
0.968	10474	14860	32723	29410
0.992	50878	45820	32686	30118
1.016	21174	25165	32797	30775
1.048	32631	33198	32766	31547
1.072	27811	23172	32726	32050
1.096	45061	44858	32718	32509
1.12	14296	15848	32709	32909
1.152	6966	14076	32712	33357
1.184	9680	19225	32704	33724
1.216	19264	26644	32810	34020
1.248	32384	36358	32769	34233
1.28	39733	42869	32712	34403
1.32	11174	15448	32730	34519
1.36	51881	55586	32707	34572
1.408	47614	43477	32672	34556
1.44	37723	33931	32803	34502
1.472	26962	27730	32724	34444
1.504	15848	17602	32740	34354
1.536	8171	13238	32727	34243
1.568	10769	14020	32724	34124
1.6	15093	20689	32706	34010
1.64	40122	39841	32722	33853
1.68	38331	39939	32706	33697
1.72	16886	17753	32715	33536
1.776	51911	51855	32695	33349
1.832	23168	25273	32769	33189
1.88	42379	37871	32714	33065
1.928	51877	50209	32706	32964
1.984	7209	14927	32724	32867
2.04	41357	38251	32734	32812
2.088	24731	26483	32715	32664
2.136	10866	15337	32754	31515
2.192	51882	49848	32691	30540
2.248	24143	27877	32776	30678
2.296	39793	41092	32701	31192
2.352	12382	13389	32733	31934
2.408	51659	47817	32688	32682
2.472	36270	31897	32728	33385
2.528	51899	43749	32704	33809
2.592	51901	64184	32683	34102
2.656	42023	39265	32672	34172
2.72	21321	22410	32737	34099
2.784	11393	13575	32729	33914
2.856	43809	39323	32679	33649
2.928	44907	44815	32696	33335
3	11352	15334	32715	33104
3.072	39685	35473	32765	32889
3.136	18936	17813	32744	32728
3.208	51876	48809	32666	32605
3.28	27352	34565	32713	32535
3.352	15972	14335	32754	32487
3.424	51740	45636	32670	32437
3.496	31692	36747	32717	32482
3.568	14866	11970	32733	32432
3.64	51013	42604	32666	32502
3.704	33098	29685	32733	32559
3.776	51202	47977	32676	32573
3.848	15994	18655	32706	32545
3.92	29149	29362	32749	32583
3.992	51678	65535	32684	32670
4.064	18846	18463	32815	32626
4.136	25265	20447	32759	32640
4.216	11422	8336	32733	32722
4.288	42670	33789	32791	32707
4.36	44161	65535	32679	32719
4.432	12863	6793	32727	32650
4.512	30096	32359	32692	32730
4.592	50471	65535	32671	32691
4.672	50129	39551	32662	32716
4.752	24262	21932	32744	32684
4.832	11767	7084	32702	32686
4.912	26916	30544	32826	32747
4.992	47506	65535	32714	32747
5.072	51078	40187	32651	32741
5.152	27470	21074	32757	32708
5.24	51809	44616	32669	32722
5.328	28616	28634	32712	32704
5.408	49311	65535	32716	32747
5.496	19368	20291	32838	32702
5.576	41277	65535	32688	32755
5.664	12950	6746	32736	32702
5.752	31414	23744	32755	32715
5.84	51741	65535	32713	32746
5.928	26314	27420	32832	32715
6.016	14370	16647	32747	32737
6.104	48609	34040	32820	32686
6.192	43281	65535	32712	32680
6.288	51431	39143	32686	32687
6.376	36573	37941	32694	32716
6.472	51833	47933	32672	32690
6.568	32103	26546	32757	32715
6.672	51726	65535	32680	32746
6.776	33847	36885	32706	32685
6.872	51653	45924	32673	32722
6.976	32055	32912	32697	32739
7.088	51736	50569	32694	32706
7.208	39683	65535	32671	32732
7.32	50565	42758	32685	32714
7.44	47651	65535	32696	32718
7.576	28191	28155	32706	32707
7.696	11678	15081	32717	32714
7.816	25606	27086	32735	32742
7.936	50778	51113	32657	32706
8.064	14417	16666	32705	32677
8.192	29273	34318	32804	32731
8.328	14139	10151	32732	32724
8.456	45814	65535	32684	32698
8.592	27148	26028	32830	32720
8.728	13267	5667	32734	32734
8.864	17668	16308	32745	32704
9.008	28834	30091	32783	32756
9.152	51739	43056	32686	32700
9.304	51299	65535	32681	32715
9.456	39205	65535	32680	32712
9.608	24379	27142	32828	32701
9.776	15680	14297	32716	32693
9.952	51710	65535	32667	32731
10.128	12101	15675	32727	32696
10.288	42147	65535	32678	32709
10.456	31672	33868	32823	32726
10.624	21500	19830	32849	32714
10.784	51763	43303	32668	32721
10.952	51154	65535	32684	32743
11.128	15071	18515	32738	32678
11.304	44927	25383	32682	32710
11.48	26314	30822	32758	32710
11.664	30923	43550	32729	32712
11.848	39305	41796	32683	32667
12.024	21280	13539	32859	32699
12.208	17093	8540	32712	32715
12.392	13236	9311	32755	32742
12.576	12061	12242	32758	32721
12.768	51633	65533	32702	32773
12.952	48712	65535	32768	32716
13.136	46044	65535	32709	32757
13.336	45427	65535	32689	32681
13.536	43817	65535	32735	32682
13.728	22595	18373	32746	32741
13.928	22667	20873	32750	32743
14.136	41486	37342	32718	32749
14.336	39656	65535	32699	32727
14.536	39149	35083	32718	32728
14.744	22543	27327	32748	32755
14.952	42379	38522	32725	32751
15.16	20417	20688	32768	32721
15.368	44163	32255	32711	32739
15.576	17855	22455	32763	32689
15.784	45932	41415	32780	32724
16	47932	40697	32798	32719
16.216	49870	36551	32797	32744
16.424	13704	37229	32765	32732
16.64	12933	15708	32797	32699
16.856	13879	11002	32750	32741
17.072	14166	19089	32736	32703
17.296	49145	65535	32699	32735
17.52	22679	20774	32753	32718
17.744	38234	44737	32661	32681
17.968	33431	26965	32690	32678
18.192	24087	30389	32743	32719
18.416	45326	37919	32693	32674
18.656	13050	10473	32750	32690
18.888	13564	6504	32699	32706
19.112	50527	52048	32699	32744
19.352	20376	51908	32798	32720
19.6	33916	28759	32810	32734
19.832	37170	9654	32783	32748
20.072	35403	43889	32805	32752
20.32	24016	40514	32776	32694
20.568	29675	32508	32742	32728
20.8	13900	27158	32816	32689
21.04	43859	14738	32814	32716
21.28	27478	37902	32745	32755
21.52	28540	11292	32778	32740
21.768	13233	12221	32739	32734
22.016	11967	21696	32705	32751
22.264	22734	36894	32768	32768
22.512	37086	45461	32743	32728
22.768	10497	13483	32742	32714
23.024	51875	44153	32669	32658
23.28	22946	36083	32761	32735
23.552	20929	15876	32744	32683
23.808	51839	49403	32691	32715
24.064	16113	27915	32817	32736
24.328	34416	44970	32734	32740
24.592	50648	53284	32701	32686
24.848	11696	21407	32730	32759
25.112	26032	37558	32731	32743
25.384	17827	14679	32748	32699
25.664	13145	22628	32712	32775
25.928	27769	39692	32734	32739
26.192	45895	51350	32730	32732
26.456	51738	46919	32650	32688
26.72	49345	31584	32772	32647
26.992	37659	50394	32728	32715
27.264	12029	17712	32708	32706
27.536	44154	31063	32804	32676
27.8	30065	16556	32807	32700
28.072	49694	48539	32686	32700
28.336	50411	33539	32796	32674
28.608	32216	48938	32718	32764
28.88	16485	16201	32724	32741
29.16	22143	32224	32764	32727
29.448	24449	16474	32750	32708
29.728	19653	19260	32703	32758
30.008	30233	42207	32744	32720
30.288	47588	49582	32680	32708
30.576	22653	34722	32761	32772
30.872	40381	53354	32724	32702
31.152	51049	40186	32677	32691
31.456	37825	49948	32735	32778
31.72	50018	48776	32670	32731
31.992	19902	34112	32767	32776
32.28	23325	13709	32746	32750
32.584	50095	36363	32790	32668
32.888	38902	52433	32717	32709
33.224	24488	37072	32756	32759
33.504	39490	52942	32718	32709
33.776	16827	23751	32702	32745
34.048	40797	24371	32814	32690
34.32	40534	52825	32682	32670
34.624	21877	31846	32768	32782
34.896	29881	16155	32824	32723
35.176	16660	18524	32713	32757
35.48	36663	21675	32805	32679
35.776	16300	16603	32714	32740
36.072	26789	41458	32730	32770
36.4	48416	46391	32677	32682
36.72	34245	48281	32729	32761
37.032	45689	44390	32671	32641
37.312	26199	20530	32832	32696
37.592	18858	17880	32825	32747
37.872	49396	41535	32729	32720
38.152	50614	52114	32687	32714
38.464	16708	28755	32728	32716
38.76	11816	13584	32726	32754
39.032	41911	34338	32812	32722
39.344	11895	10012	32725	32731
39.64	38034	26905	32742	32729
39.936	51823	65535	32713	32735
40.232	47002	35946	32812	32707
40.584	51674	48030	32705	32693
40.976	7307	17099	32707	32747
41.288	51897	36447	32730	32700
