timestamp	ch1	ch2	ch3	ch4
10	24725	32228	32693	32507
17	34537	32734	32712	31594
31	24850	32420	32712	32137
45	24005	32369	32723	32274
59	42360	33860	32726	32074
73	48512	34095	32718	32486
87	46145	32677	32714	32868
101	26259	32337	32717	32773
115	9328	33148	32714	32605
129	50381	34726	32700	32414
143	28296	31466	32688	32242
164	21139	31451	32707	32663
178	15646	31037	32702	33455
192	35496	32237	32714	33096
206	28191	30736	32735	33114
220	17422	32775	32718	32942
234	22331	29047	32725	33501
248	35086	37036	32723	32717
262	22521	30374	32717	33242
276	23068	31578	32722	32637
290	40476	32607	32736	32257
304	45025	30091	32711	32391
318	35100	33177	32733	32699
332	39939	35684	32709	32577
346	47424	30990	32713	32379
367	42118	35180	32702	32811
381	34576	36380	32722	32381
402	41080	33306	32719	33575
416	26951	33889	32724	33203
430	30573	33090	32708	32490
451	24609	35704	32706	32543
465	43423	34354	32699	32471
479	49710	31313	32708	32549
493	25489	32836	32701	32163
507	23496	30177	32728	32795
528	18909	27385	32711	33058
542	37936	28589	32716	31882
556	40998	28293	32700	32581
577	50156	30646	32714	31840
591	34090	28749	32724	32206
605	1986	31317	32719	32912
626	51383	33673	32727	32866
640	38211	35123	32723	32120
661	27787	35331	32725	32726
675	35665	39977	32723	32208
696	31419	37733	32704	32092
710	26668	40589	32725	32995
731	30312	36462	32715	32885
745	19508	37002	32722	32958
766	25832	33141	32700	32094
780	29642	33307	32714	32732
801	34945	34546	32727	32416
822	36766	34801	32715	32519
843	35341	33542	32714	33198
857	35974	35492	32708	32479
878	30965	35212	32746	33085
899	25776	35428	32721	32673
920	27350	33578	32732	33348
941	30044	32504	32757	32309
962	27727	31394	32722	32973
983	26253	30959	32725	32673
1004	39549	32518	32709	32384
1025	51029	28653	32721	32584
1046	41901	29493	32703	32892
1067	11555	30634	32705	32599
1088	50913	35966	32731	32855
1109	27105	32259	32713	32869
1130	19565	30264	32730	32287
1151	17579	28641	32673	32636
1172	16565	21750	32720	32669
1193	19331	24522	32759	32117
1214	27078	33768	32734	32560
1235	35586	27013	32718	32885
1256	46494	25706	32726	32769
1277	51632	25502	32716	32429
1298	49374	34447	32761	32485
1319	46105	32496	32731	32330
1340	38534	35250	32706	32335
1361	33587	31034	32732	32294
1382	28766	34097	32708	32637
1403	25758	34864	32713	33354
1424	19447	35354	32708	32849
1445	22699	38732	32728	33388
1473	45922	35061	32715	32424
1494	39013	34659	32707	32030
1515	8003	36846	32714	32864
1536	50400	36706	32719	33183
1564	27183	34364	32712	32801
1585	30432	35754	32719	32713
1606	32415	35250	32697	32438
1627	34035	34690	32709	32939
1655	20193	33849	32702	33277
1676	24365	33536	32696	32541
1704	47897	35086	32703	32821
1725	50169	32511	32735	32541
1753	30401	31597	32716	32595
1781	42253	33839	32707	32400
1809	29479	32752	32700	33172
1837	36755	30995	32724	32880
1865	31341	29254	32721	32731
1893	20319	32303	32724	32365
1921	41742	33089	32704	32497
1949	27557	31744	32699	32485
1977	12453	31290	32717	32416
2005	22316	29835	32716	32770
2033	33784	29591	32720	32259
2068	23552	31003	32716	33076
2096	31608	32229	32711	32399
2124	23202	32296	32696	32456
2152	44149	31803	32728	32671
2187	47076	31210	32708	32111
2215	37011	33146	32728	32547
2243	34855	30530	32712	32358
2271	38837	32074	32721	32414
2299	28937	32215	32709	32260
2327	32407	32192	32676	33210
2355	28339	30338	32723	32531
2383	46105	33190	32718	33050
2411	5	33317	32727	32928
2439	50499	30539	32708	32204
2467	26285	31508	32682	32431
2502	33508	33337	32715	32680
2530	17739	35165	32682	32096
2558	35089	33626	32716	33026
2586	28682	33041	32708	31560
2614	44835	34378	32709	33419
2642	39184	32623	32723	32254
2670	35096	32550	32714	32436
2698	39326	32636	32721	32943
2733	42326	31254	32724	32628
2761	19167	31449	32727	33384
2796	38541	31893	32734	32331
2824	33716	31501	32731	32188
2852	11802	31553	32706	32799
2887	39644	32912	32708	32488
2915	22335	33735	32721	32983
2950	30854	32028	32718	33005
2978	20487	32334	32722	33652
3013	26352	32442	32734	32813
3048	42905	33258	32715	32416
3083	47081	33835	32706	32463
3111	28248	31814	32720	33506
3146	34811	33723	32747	32790
3174	31802	32695	32721	32858
3202	34115	32491	32707	32709
3237	37338	32678	32717	32731
3265	33631	32205	32727	32662
3293	40768	33312	32709	32684
3328	50320	32609	32729	32883
3356	34588	32650	32706	32369
3391	32086	31928	32727	32661
3419	21537	33044	32724	32889
3454	35185	32768	32716	32236
3482	28030	31893	32697	32842
3517	35143	32128	32730	32609
3552	41380	33510	32701	32590
3587	43155	33207	32691	32536
3622	35421	33243	32696	32321
3657	25825	33562	32730	32509
3692	21669	32404	32703	32674
3727	35760	33183	32725	32375
3762	45421	34222	32702	32699
3797	10800	33399	32708	33385
3832	23552	32702	32718	32452
3867	20336	31916	32699	32921
3902	28170	32301	32702	32414
3944	25223	32090	32707	32795
3979	42023	32372	32703	32766
4014	48501	30892	32706	32678
4049	37983	32662	32713	32590
4084	28131	32985	32720	32659
4126	32618	32064	32711	32682
4161	24411	32813	32665	32438
4196	22446	31643	32696	32793
4245	40591	32850	32714	33229
4280	33352	32122	32724	32212
4315	51746	34980	32731	32432
4350	27004	34653	32728	31864
4385	33688	32713	32703	32486
4420	33418	33057	32699	32842
4455	28894	32885	32722	32930
4490	31097	30302	32709	32818
4525	37184	32350	32727	32685
4560	43230	31538	32712	32218
4595	41995	34530	32729	32408
4630	32108	32034	32709	32497
4665	24947	32643	32729	32822
4700	27094	32708	32718	32044
4735	28108	32851	32717	32558
4770	46792	31121	32726	32388
4805	34397	31752	32710	33369
4840	34374	31132	32700	32427
4875	22479	32500	32725	32713
4910	31122	32142	32714	33107
4945	35247	32706	32715	32875
4980	33362	33022	32715	32471
5015	33068	32350	32741	32397
5050	34706	32255	32722	32510
5085	39972	33560	32735	32946
5127	31379	33699	32746	33079
5162	37972	34630	32707	32395
5197	39250	33024	32725	32899
5232	26207	32635	32713	31871
5267	20764	30133	32694	32706
5302	34856	31129	32706	33188
5337	9801	30741	32716	32652
5372	39976	31884	32733	32550
5407	28216	31113	32723	32814
5442	18549	34078	32721	32880
5477	23666	32571	32721	32416
5512	39612	32072	32723	32195
5554	37172	32111	32700	32958
5596	28144	32792	32723	33297
5638	30342	34172	32728	32893
5680	36924	33861	32716	33058
5722	40019	33109	32691	32726
5764	27738	33154	32713	32797
5799	45429	32865	32703	32880
5841	20748	32896	32725	32511
5876	39992	31984	32698	32704
5918	33152	31250	32723	32542
5960	26333	32092	32709	32377
6002	23743	33200	32713	32837
6044	33451	32051	32702	32477
6086	40377	31436	32722	32493
6128	43934	33024	32708	32725
6170	42470	34422	32715	32151
6212	33516	33316	32689	32943
6254	23195	33253	32700	32882
6296	21571	32486	32711	32838
6338	47538	32054	32714	32271
6380	50028	33891	32718	32146
6422	34676	30909	32706	32146
6464	27495	31216	32698	33006
6506	22743	31826	32713	32532
6548	30326	32024	32720	32601
6590	38306	31780	32696	33008
6632	41256	32263	32741	32604
6674	42748	33433	32704	32032
6716	36303	33334	32715	32915
6758	22615	31471	32705	32785
6800	29446	31943	32716	32568
6842	18414	33380	32698	33308
6884	38572	32493	32692	32378
6926	36775	32534	32730	32505
6968	31608	31821	32718	32421
7010	27485	31773	32726	33269
7052	34194	32923	32721	32575
7094	33506	31367	32717	32665
7136	37757	31941	32719	32821
7178	42195	34326	32728	32698
7220	32326	30667	32703	32378
7262	32258	32034	32728	32968
7304	29031	33575	32707	32811
7346	38127	33135	32702	32779
7388	28031	33780	32717	32111
7430	33698	32512	32723	32385
7472	37091	32463	32709	32408
7514	38271	33356	32706	32766
7556	31199	32638	32736	32676
7598	28625	34206	32723	32661
7640	34655	33501	32708	32424
7682	39720	33594	32702	32982
7724	37322	30596	32708	32823
7766	28703	34115	32723	32638
7808	30068	31869	32724	33176
7850	51777	31954	32691	32179
7892	27148	31277	32738	32825
7934	32882	32827	32707	32872
7976	36501	30693	32708	32252
8018	41133	32756	32733	33040
8060	36689	31741	32710	32605
8102	29551	31172	32709	33052
8144	32833	31834	32725	32749
8186	39446	33201	32710	32756
8228	38420	33518	32692	32186
8270	28123	32539	32698	32927
8312	26715	33325	32717	31977
8354	28596	33154	32711	33153
8396	38078	32049	32719	32878
8438	33013	31288	32692	32188
8480	32836	32452	32714	32415
8522	31326	33598	32708	32082
8564	36774	32714	32712	33074
8606	33234	30969	32706	32991
8648	33117	33874	32724	32447
8690	39629	33163	32700	32788
8732	40228	32969	32709	32460
8774	34034	32679	32714	32713
8816	25776	29881	32712	32580
8858	19024	31899	32690	33071
8900	32786	34690	32688	32368
8942	18316	33086	32714	33431
8984	41204	32962	32719	32241
9026	31269	33373	32737	32467
9068	21761	34280	32723	32860
9110	24496	34092	32720	32717
9152	40362	32671	32744	32408
9194	43969	31626	32727	32729
9236	43699	30177	32727	33032
9278	39438	31789	32731	32538
9320	29821	30007	32702	32631
9362	22991	31978	32712	33023
9404	24679	32008	32708	33288
9446	28974	32372	32680	32478
9488	44698	36209	32724	33060
9530	12661	33399	32707	32970
9572	31590	32333	32697	32587
9614	21294	31998	32738	33031
9656	21196	32430	32725	33657
9698	31190	31889	32695	32659
9740	50612	30683	32701	32502
9782	46821	33027	32703	32336
9824	34878	33528	32743	32869
9866	28117	32724	32734	32432
9908	25322	32174	32705	32957
9950	29650	32748	32718	32833
9992	32849	32358	32718	32932
10034	42904	32826	32700	32516
10076	22268	33632	32714	32839
10118	27898	31924	32738	32474
10160	21161	33384	32703	32500
10202	26573	34792	32705	32993
10244	35341	31978	32722	32712
10286	49343	33278	32704	32033
10328	41833	32057	32718	32666
10370	30493	30788	32715	32188
10412	25901	32805	32714	32110
10454	28458	32968	32714	33058
10496	35368	32971	32712	32850
10538	30132	32829	32692	32189
10580	42243	32106	32708	32744
10622	32577	34724	32735	32936
10664	22552	33835	32719	32344
10706	23321	31914	32723	32754
10748	31175	32753	32703	32306
10790	43383	32604	32727	32593
10832	47620	32975	32725	32920
10874	34329	32569	32714	33409
10916	27728	32417	32691	32729
10958	27884	32230	32694	31969
11000	33619	33474	32727	32837
11042	37240	32279	32706	32806
11084	29912	33701	32696	33249
11126	35247	32578	32710	32277
11168	51815	36273	32709	32655
11210	24068	31339	32690	32926
11252	28197	31225	32718	32770
11294	34053	32727	32720	32632
11336	43662	33021	32712	32127
11378	42840	34174	32680	32671
11420	30483	30701	32713	33217
11462	28157	33732	32714	33166
11504	32052	33339	32700	32870
11546	38155	31923	32704	32435
11588	36582	32141	32708	32974
11630	25744	32055	32733	32980
11672	31471	31506	32742	32574
11714	51803	33493	32719	32306
11756	28315	30650	32731	32510
11798	32615	32620	32703	33205
11840	34581	35501	32715	32677
11882	40237	34611	32706	33012
11924	37267	31523	32730	33152
11966	30030	31628	32712	33565
12008	33611	30851	32738	32901
12050	38434	33525	32710	32449
12092	38462	33499	32752	33010
12134	32623	33124	32704	32341
12176	17153	33108	32724	33569
12218	31023	32580	32725	32740
12260	7693	33429	32731	33267
12302	34735	30544	32699	31975
12344	34627	31532	32720	33277
12386	29418	33216	32729	32121
12428	29745	33763	32731	32197
12470	37101	32613	32726	33134
12512	34609	32497	32718	32005
12554	38700	32990	32710	33299
12596	40834	32435	32721	32778
12638	34367	32012	32716	32854
12680	26443	33227	32715	32937
12722	13490	31953	32699	32849
12764	34378	32685	32693	32164
12806	17395	32578	32725	33197
12848	36881	30891	32694	32077
12890	32443	31552	32715	32283
12932	23735	32879	32703	32738
12974	26912	31296	32723	32269
13016	38474	32330	32720	32196
13058	39973	33842	32702	33188
13100	42200	31929	32698	32923
13142	38774	33068	32717	32516
13184	30423	31544	32689	32710
13226	15367	34311	32697	32995
13268	33243	33927	32693	32476
13310	3062	35901	32683	33161
13352	39655	33665	32712	32280
13394	33417	32683	32710	32375
13436	26786	31077	32722	33123
13478	25364	31879	32736	32811
13520	33620	29891	32725	33065
13562	38916	31054	32696	33171
13604	41545	34287	32751	31971
13646	40163	32379	32687	32801
13688	32926	31547	32702	32552
13730	16053	31863	32710	33653
13772	32445	30557	32718	32876
13814	7760	32500	32706	33489
13856	34909	32807	32738	32572
13898	33619	33876	32702	32427
13940	28396	33338	32707	32502
13982	28964	32719	32714	32366
14024	36895	32445	32727	32859
14066	34918	31655	32714	33173
14108	39322	31614	32709	33164
14150	40297	32112	32717	32524
14192	35247	31131	32707	32084
14234	26231	32186	32711	32731
14276	18009	32588	32737	32843
14318	34344	32929	32730	32805
14360	6269	34423	32694	32800
14402	41309	31840	32709	32348
14444	31397	32845	32683	32200
14486	23105	33022	32726	33024
14528	24509	33387	32706	32646
14570	39537	32551	32701	32593
14612	43384	32383	32704	32744
14654	43232	30513	32720	32827
14696	37392	32361	32731	32648
14738	28657	31895	32707	32774
14780	23359	33143	32732	32675
14822	24176	33236	32720	33133
14864	29815	32302	32703	32666
14906	44603	32200	32726	32548
14948	51834	35750	32724	32798
14990	26993	32491	32732	32513
15032	19628	31323	32700	32310
15074	22132	32907	32719	32746
15116	38927	33501	32711	32980
15158	49519	34717	32707	32463
15200	43022	33889	32719	32523
15242	34445	32088	32694	32868
15284	25301	31818	32733	32227
15326	24846	32429	32747	33493
15368	29318	33248	32714	32298
15410	32416	32819	32711	32078
15452	42721	34493	32703	32727
15494	33804	31221	32705	32554
15536	25537	28167	32714	32755
15578	20968	31401	32727	32655
15620	26351	30165	32713	32489
15662	35721	32944	32714	32414
15704	50060	34339	32690	32505
15746	43266	34382	32726	32668
15788	30374	33111	32725	33216
15830	26227	33072	32738	32906
15872	29373	33825	32725	32926
15914	35645	32428	32705	32984
15956	34590	33235	32709	32227
15998	34386	33275	32712	32749
16040	32183	31760	32730	32773
16082	51757	32526	32725	32319
16124	25031	31114	32718	32780
16166	31180	31041	32688	32357
16208	36454	30938	32700	32286
16250	43810	32351	32717	32285
16292	38628	32171	32729	33001
16334	28926	31086	32717	32505
16376	29552	32188	32704	33013
16418	35746	31451	32707	32561
16460	38553	33674	32722	32366
16502	32168	33273	32708	32261
16544	31723	34195	32729	32252
16586	29369	32312	32712	32489
16628	46308	31434	32729	32925
16670	29371	32679	32697	33007
16712	33263	31499	32724	32409
16754	33699	32423	32695	32170
16796	40971	33938	32715	33183
16838	35723	33006	32737	32727
16880	30403	34599	32731	33699
16922	35207	32841	32717	32741
16964	39288	31901	32719	32895
17006	37563	32271	32697	32876
17048	30073	31981	32720	33038
17090	18572	31358	32739	33400
17132	31532	31403	32726	32398
17174	51836	36094	32715	32709
17216	34833	30941	32712	32515
17258	34663	32138	32724	31796
17300	28027	32833	32716	32853
17342	30810	33917	32683	32853
17384	36491	32604	32707	32110
17426	35696	33333	32704	32518
17468	39192	33242	32710	33018
17510	39994	32440	32723	31930
17552	33837	32329	32726	32231
17594	25005	32865	32715	33351
17636	16340	31240	32726	32791
17678	34463	32855	32720	32146
17720	6000	32927	32710	33257
17762	40231	31946	32714	31721
17804	31397	32551	32702	31978
17846	22839	33535	32709	32918
17888	23715	37123	32721	32481
17930	40711	33522	32708	32905
17972	43599	31017	32705	32454
18014	42875	30086	32712	32485
18056	37613	31225	32682	32911
18098	28487	30674	32720	32779
18140	23047	31675	32718	33082
18175	25455	32829	32724	32459
18217	28748	33048	32697	32232
18252	36870	33364	32720	32337
18294	31590	32871	32729	32528
18336	20818	33139	32721	32254
18371	21675	33406	32732	32904
18413	19988	33493	32718	32484
18448	32922	32876	32719	32646
18490	36458	30954	32720	32605
18532	33546	35731	32707	33321
18567	27843	41147	32709	33062
18609	28059	65505	32711	33146
18644	24838	48556	32729	32603
18686	16410	33234	32730	32212
18721	31060	16500	32718	33189
18763	8950	19025	32713	33772
18805	31110	23042	32718	32417
18840	19227	26205	32739	33354
18882	22569	30334	32702	32324
18917	21440	33347	32710	32747
18959	33952	33461	32742	32063
19001	43769	36353	32701	32180
19043	43398	35782	32703	32161
19085	40090	35908	32697	32657
19127	30492	35140	32721	33186
19169	23807	35516	32706	33460
19211	19594	35521	32704	32798
19246	23006	35509	32694	33289
19288	30387	31166	32732	32826
19330	51776	32619	32705	32169
19372	35052	32184	32701	32558
19407	24191	32129	32707	33124
19449	32299	31465	32708	32345
19484	30173	32323	32718	32981
19526	48325	32087	32719	32555
19561	34626	32650	32715	32781
19603	36276	32270	32701	32722
19638	26792	32574	32717	32748
19680	31220	32107	32720	32098
19722	37535	32641	32744	32689
19757	23212	32152	32701	33055
19792	21989	31694	32732	32696
19834	32986	29992	32721	32621
19869	51849	36227	32727	32711
19911	23889	31560	32721	32971
19946	17824	31825	32704	32817
19988	20424	32333	32709	32665
20023	26131	33725	32702	33508
20065	39100	33536	32729	32834
20100	36842	32622	32732	32807
20142	27709	32281	32720	32956
20177	30508	32722	32711	32895
20219	25131	31535	32720	32663
20254	28900	32960	32722	32928
20296	21529	32884	32696	32720
20331	25233	31706	32711	32337
20373	31137	29364	32701	32822
20408	7576	33474	32724	32531
20450	22916	30104	32724	32407
20485	30067	31091	32690	33008
20527	22125	34764	32706	32472
20562	34118	32361	32692	32697
20604	39758	33873	32701	32550
20639	46954	32762	32706	33407
20681	34551	33627	32704	32668
20716	40215	32670	32720	32838
20758	32796	31411	32705	32000
20793	38778	34241	32712	33090
20828	30271	32370	32717	32912
20870	42798	32345	32717	32669
20912	39317	33932	32701	32927
20947	51621	34192	32700	32521
20989	33818	31797	32718	32390
21024	34019	30996	32733	32647
21066	33723	30394	32704	31956
21101	40674	32949	32676	32196
21143	49875	30971	32718	32599
21178	43812	32643	32723	33330
21213	31870	32253	32724	33037
21255	37568	32496	32707	32520
21290	26450	32394	32701	33537
21332	31078	31381	32747	32940
21374	44940	30687	32718	32436
21409	51688	33461	32721	32573
21444	21602	30439	32725	32258
21486	24901	31889	32714	33237
21521	17937	33040	32717	33456
21563	29007	35531	32744	32170
21598	33298	34647	32709	31835
21640	35199	33607	32726	32798
21675	28467	34499	32689	33169
21710	33082	31795	32710	33219
21752	25496	34633	32730	32883
21787	24941	32629	32731	32133
21829	33222	31674	32711	32664
21864	9367	33340	32714	32651
21906	25138	30889	32725	32433
21941	31014	32532	32695	32567
21983	22583	31760	32710	32202
22018	35179	31031	32735	32854
22060	40153	31719	32731	32393
22095	47688	32622	32707	32367
22130	42471	33992	32722	32076
22165	32234	34937	32705	32757
22207	37810	34316	32726	32873
22242	23366	31863	32719	32126
22277	28225	32047	32719	33418
22312	36466	34096	32692	32576
22354	51023	33393	32711	32191
22389	28918	34352	32703	32923
22424	33534	31145	32703	32382
22466	29282	32354	32696	32426
22501	39829	32235	32712	31834
22543	46868	34558	32703	32123
22578	45939	32849	32710	33061
22620	40347	31226	32710	32555
22655	40906	29980	32719	32641
22690	31886	31357	32718	33019
22725	18566	31284	32724	32617
22767	33134	32956	32696	32309
22802	29710	32301	32731	32682
22837	48591	34903	32703	32566
22879	21062	33344	32738	32561
22914	25643	34598	32705	32771
22956	20181	34013	32702	32565
22991	31855	33916	32695	32792
23033	36570	32549	32695	32854
23068	42828	32965	32729	32710
23110	31293	32269	32693	32567
23152	26930	32017	32698	32785
23194	30399	31772	32720	32916
23236	29539	31791	32727	33002
23271	35327	31953	32739	32285
23313	8465	32116	32706	33224
23355	38341	31407	32721	32224
23397	31500	31189	32716	32294
23439	23507	31653	32733	32451
23481	26272	33272	32725	32852
23523	37690	31364	32724	32522
23565	39482	34450	32699	33064
23607	42668	34535	32703	32430
23642	34374	31691	32706	33379
23677	25077	33161	32699	32593
23719	28519	32015	32728	32638
23754	32026	31317	32707	33417
23789	1984	32855	32702	33494
23831	22476	31296	32714	32583
23866	24325	32418	32699	32601
23901	32357	33034	32698	32828
23943	30178	31455	32712	32336
23978	46952	33452	32710	32570
24013	46410	31893	32730	32930
24055	44119	32563	32691	32859
24090	38054	32195	32714	32215
24125	28438	33042	32733	32313
24167	33302	33510	32716	32506
24209	29937	32412	32697	32529
24251	43663	36467	32708	32201
24286	16313	31775	32701	33062
24328	39921	29541	32734	31936
24370	27690	29690	32708	32454
24405	33740	29640	32719	32444
24447	31239	31336	32713	32352
24482	47018	34476	32699	32558
24524	45190	32896	32714	32427
24559	44942	34243	32700	32872
24601	39029	34301	32739	33013
24636	40342	34229	32686	32151
24678	37070	32721	32702	32472
24720	25216	33676	32714	32493
24755	40284	36028	32709	32154
24797	36501	33034	32706	32607
24832	51769	33697	32715	32240
24874	30437	31205	32713	32285
24909	34379	32341	32723	32637
24951	31381	33420	32720	32871
24993	31852	32063	32733	32804
25028	47869	33309	32730	32746
25063	46013	32723	32707	32758
25105	42267	33057	32720	32316
25140	40126	32200	32710	33350
25175	30072	33412	32714	32676
25217	36110	31708	32723	32403
25252	22810	32351	32713	32677
25287	28019	30625	32736	33112
25329	30238	32021	32739	32537
25364	51553	33394	32745	31912
25399	29018	33625	32716	32225
25441	20902	32357	32718	33314
25476	28324	33426	32745	32463
25518	27953	33299	32712	32064
25553	47050	32768	32729	32885
25595	34931	33707	32706	32518
25630	39999	33570	32722	32588
25672	30849	32734	32727	33102
25707	38532	34291	32702	32566
25749	26219	33131	32710	32946
25784	34251	33919	32701	32722
25826	36040	33691	32739	32563
25861	51606	35318	32736	32760
25903	31662	32237	32703	32004
25938	34125	30918	32708	32507
25980	28924	32108	32700	32059
26015	38474	31009	32715	32640
26057	48643	33027	32722	32700
26092	47253	34085	32715	32475
26134	41865	32892	32722	31970
26169	40932	30494	32718	32494
26211	35026	33738	32722	32810
26246	39439	34661	32719	32294
26288	43706	33596	32705	32406
26323	51778	35052	32702	32635
26358	24279	31820	32722	32799
26400	28719	31370	32702	32533
26435	20330	33602	32726	32139
26477	34970	31504	32698	32968
26512	35936	32108	32738	32927
26554	38566	30799	32712	32987
26589	28107	31173	32706	32733
26624	29779	32638	32719	32694
26659	36751	33826	32718	32503
26701	19471	33755	32730	33228
26743	31317	33676	32720	32731
26778	27161	33210	32697	32895
26820	22456	31454	32717	32794
26855	28061	34926	32728	32366
26890	33884	31277	32707	32705
26932	29391	32238	32724	32666
26967	44149	33905	32718	32096
27009	46601	33118	32702	32872
27044	45133	32209	32701	32275
27086	39091	33197	32711	32934
27121	40605	32675	32718	32481
27156	32827	33582	32679	32080
27198	33331	32137	32710	32176
27233	33646	31298	32720	32391
27268	29026	31883	32732	33180
27303	51788	35556	32723	32432
27345	20051	31426	32692	32767
27380	24261	31509	32722	33039
27422	18609	32364	32719	32860
27457	31719	32618	32717	32243
27499	36733	30278	32745	32727
27534	39904	32214	32701	32823
27576	29531	30751	32721	32810
27618	26878	30471	32719	32481
27653	26249	31042	32702	32752
27695	22371	31235	32732	33022
27730	21199	32904	32743	33266
27772	30295	33996	32706	32525
27807	6126	34156	32724	33095
27849	21691	32872	32722	32550
27884	26189	33822	32732	32312
27926	19428	33944	32717	32921
27961	30979	33635	32704	32922
28003	36221	34258	32712	32380
28038	43284	33214	32720	33016
28080	29859	34655	32716	33505
28122	26731	32795	32716	32642
28157	28540	34572	32737	32883
28199	23493	32072	32726	32339
28234	23108	32930	32723	33619
28276	28579	34379	32705	32339
28311	34331	33159	32694	32543
28353	28873	30955	32722	32509
28388	29169	31316	32704	32132
28430	19810	29922	32719	33182
28472	20842	32223	32714	32662
28514	37858	31668	32726	32419
28556	47752	32062	32721	32453
28598	43280	32387	32698	32819
28640	35151	32313	32696	32635
28682	26674	31423	32732	32438
28724	19991	32880	32718	33040
28766	34083	32347	32715	32490
28808	41649	33024	32702	32770
28850	50094	30813	32710	32667
28892	29578	33732	32713	32823
28934	20454	31914	32736	32529
28976	23314	33374	32714	32832
29018	37864	33096	32723	32941
29060	44605	32364	32709	32709
29102	43075	36196	32707	32456
29144	37095	32178	32728	32573
29186	26265	32869	32716	32642
29228	21545	34113	32720	32522
29270	27426	32402	32729	32740
29312	41948	31583	32695	32618
29354	51474	32579	32738	32133
29396	30878	32052	32713	32594
29438	22153	31473	32713	33414
29480	21266	33622	32713	33169
29522	36399	32985	32711	32849
29564	46465	32535	32734	32385
29606	43546	32130	32706	32495
29648	37388	35122	32709	32993
29690	28578	32463	32740	32634
29732	24303	31883	32711	32889
29774	19517	31911	32707	32729
29816	40775	32873	32729	32662
29858	15530	31045	32715	32185
29893	32288	29928	32741	32753
29935	34306	31376	32710	32238
29977	31737	34075	32730	32411
30019	30847	34477	32709	32716
30061	35504	32910	32715	32604
30103	33616	32549	32705	32621
30145	36776	32137	32706	33011
30187	41691	33918	32723	32463
30229	38198	33932	32710	32364
30271	27362	32315	32733	33090
30313	22293	32764	32739	32733
30355	30501	32019	32708	31990
30397	51741	33139	32736	32257
30439	35274	32232	32710	32769
30481	33526	32359	32714	32474
30523	27763	32538	32706	32742
30565	31847	31943	32752	32421
30607	35489	33486	32733	32933
30649	36222	33339	32717	32801
30691	41356	34500	32727	32456
30733	39640	34153	32709	32420
30775	30210	32112	32714	32305
30817	20119	32171	32714	32719
30859	30119	32112	32704	33378
30901	9083	33798	32696	33674
30943	40521	32180	32707	32596
30985	34615	31963	32705	32361
31027	27402	32718	32717	32453
31069	24012	31655	32706	32540
31111	36518	31750	32728	32939
31153	38322	31595	32705	32638
31195	41759	32742	32728	32522
31237	42038	33320	32705	32541
31279	33429	33725	32730	32851
31321	18426	34449	32713	32842
31363	30382	32309	32700	32758
31405	51019	35358	32707	32449
31447	34472	29934	32702	32575
31489	32751	32147	32702	32455
31531	29100	33449	32705	32865
31573	31164	32991	32715	32404
31615	34206	31923	32716	32662
31657	34093	32884	32714	32985
31699	37347	35678	32715	32768
31741	40102	33376	32736	32385
31783	30775	32717	32689	32956
31825	29542	33693	32711	32483
31867	30481	33391	32727	32363
31909	41961	32307	32716	33469
31951	33133	30289	32721	32839
31993	34005	32048	32732	32195
32035	32460	32392	32703	32479
32077	37216	32125	32710	32902
32119	33554	29562	32713	32860
32161	32421	31104	32711	32534
32203	37446	32452	32690	32554
32245	39570	33396	32734	32850
32287	33469	34334	32709	32875
32329	18607	32519	32707	32605
32371	31956	34830	32729	32741
32413	8771	35397	32745	32878
32455	33089	34453	32708	31958
32497	34879	32262	32706	32420
32539	30548	31321	32714	32443
32581	31083	31404	32710	32479
32623	35504	31823	32715	33028
32665	34481	32271	32695	32668
32707	37791	31515	32698	33120
32749	41052	33496	32718	32619
32791	35342	32098	32697	32915
32833	27191	32070	32703	33204
32875	17974	33132	32722	32953
32917	32941	32715	32715	33400
32959	51816	36032	32729	32736
33001	36249	31449	32706	31928
33043	30898	32237	32729	32565
33085	24350	31650	32738	33098
33127	29013	32103	32725	32952
33169	38254	31767	32729	32653
33211	38564	33380	32700	32224
33253	41479	34082	32722	32368
33295	38468	34789	32743	32399
33337	29479	33034	32724	33355
33379	24042	31773	32690	32928
33421	18919	31395	32718	33711
33463	39902	31467	32717	32733
33505	22888	33105	32701	32690
33547	35113	32736	32717	32432
33589	24704	32424	32716	32678
33631	19881	32737	32736	31887
33673	29033	32561	32703	33014
33715	46582	31648	32719	32850
33757	45030	32924	32725	32602
33799	39678	32827	32721	32784
33841	31104	33008	32715	32887
33883	24227	37637	32714	33217
33925	21282	32491	32724	32649
33967	38785	30410	32719	32791
34009	20668	29757	32687	33569
34051	40133	29901	32712	32221
34093	25721	30736	32722	32715
34135	19678	30886	32730	32374
34177	25211	32713	32703	33184
34219	43093	32910	32735	33086
34261	45710	34882	32676	32440
34303	41335	33598	32720	32341
34345	32571	33730	32691	32622
34387	25236	33471	32698	32922
34429	24498	35415	32699	32716
34471	27356	33618	32735	32978
34513	44251	32761	32712	32474
34555	51832	34522	32720	32888
34597	27931	32139	32701	32952
34639	20631	30873	32703	32864
34681	21208	32048	32737	33039
34723	37195	33607	32725	32160
34765	49403	34537	32716	32582
34807	43209	33576	32699	32116
34849	34613	34373	32718	32260
34891	26423	33383	32708	32597
34933	25202	33146	32712	31830
34975	26754	32918	32730	31946
35017	41904	32838	32712	32367
35059	25938	31553	32699	33521
35101	33967	32269	32728	32376
35143	22269	33821	32713	32562
35185	18776	32046	32728	33036
35227	29645	31900	32695	33011
35269	48069	32415	32702	32808
35311	46874	34352	32705	32808
35353	36243	36588	32691	32643
35395	28622	31984	32735	32941
35437	25393	33043	32720	32743
35479	28474	32806	32715	33330
35521	28858	31983	32724	32449
35563	44826	31881	32729	32985
35605	34903	33733	32714	32796
35647	23624	31376	32719	32822
35689	19526	32330	32698	33214
35731	25593	30885	32733	32743
35773	40643	29558	32724	32809
35815	49889	31853	32732	32586
35857	40203	32025	32735	33085
35899	29844	29911	32730	32670
35941	25432	30559	32708	32491
35983	28186	32379	32722	32753
36025	29575	32912	32722	32777
36067	42813	34825	32703	32849
36109	39805	33589	32705	32297
36151	29551	31185	32728	33032
36193	20443	33399	32715	32540
36235	23002	33349	32711	32932
36277	33385	32890	32720	32479
36319	49805	33084	32706	32822
36361	44023	32840	32734	32610
36403	31820	31045	32721	32607
36445	24957	32718	32719	33530
36480	29890	32705	32716	32572
36522	22282	33296	32730	33105
36564	23289	35434	32696	32260
36599	31809	35373	32730	32743
36641	51845	38608	32715	32596
36676	24913	32875	32720	32283
36718	19970	33048	32715	32326
36753	22221	32932	32728	32298
36795	24227	30654	32707	32735
36837	40964	30238	32685	32837
36872	32352	30563	32707	32853
36914	32099	30738	32709	33170
36956	37155	33786	32726	32209
36998	35436	34031	32704	32761
37040	37204	33996	32726	32476
37082	33562	33030	32720	33393
37124	50805	30573	32712	32137
37159	27769	31270	32735	32492
37201	18804	33183	32722	33007
37243	22347	34893	32742	33070
37285	38163	33056	32687	33193
37320	35148	31837	32710	32904
37362	36039	34018	32710	32587
37404	40591	33011	32716	32632
37446	39547	33939	32709	32214
37488	32296	32556	32705	33069
37530	23208	31339	32720	32857
37572	31151	30604	32700	32388
37614	51798	32776	32712	32740
37656	33660	32111	32722	32644
37698	33891	33622	32716	32548
37740	28688	33314	32710	33319
37782	33856	31558	32702	33063
37824	36585	31642	32738	32557
37866	34175	31412	32706	32734
37908	38932	31398	32707	32559
37950	39739	33250	32726	32908
37992	33363	31575	32695	32271
38034	18687	30999	32708	33302
38076	31149	32458	32689	32747
38118	7179	34728	32734	32980
38160	33369	32155	32712	32398
38202	34830	34376	32674	33325
38244	29543	32733	32701	32965
38286	29342	35297	32724	32146
38328	34656	32608	32680	33141
38370	34463	32525	32728	32754
38412	38448	32737	32676	32328
38454	41199	33192	32711	31716
38496	36028	36327	32709	33086
38531	38225	33971	32692	32469
38566	26465	30702	32725	32964
38608	42472	32615	32714	32519
38643	35180	31413	32729	33260
38678	51762	32941	32713	32316
38720	25765	31193	32707	32892
38755	20584	32934	32712	33336
38797	23749	32193	32688	33375
38839	39950	31789	32708	32742
38881	49690	32835	32712	32513
38916	37306	31354	32706	32858
38958	41844	32127	32697	32513
38993	35852	32519	32714	32328
39028	26537	33662	32726	32535
39070	31415	31362	32721	32681
39105	22004	32259	32731	33012
39147	29388	32814	32709	32988
39182	30243	31820	32706	31796
39217	12557	32251	32712	33432
39259	22308	30249	32705	32622
39294	26081	31000	32729	31938
39329	33194	31769	32710	32079
39371	30100	33045	32715	32713
39406	47680	33786	32720	33233
39441	45455	33102	32697	32655
39483	43983	34351	32702	31903
39518	37453	34523	32709	32651
39553	26384	31875	32705	32313
39588	24430	32180	32710	32953
39623	31231	32426	32696	33060
39658	30377	31860	32720	32605
39693	42591	31796	32698	32602
39728	2503	33531	32726	33532
39770	36769	31285	32709	32604
39805	22904	31162	32724	32763
39840	20958	34923	32705	32569
39882	21613	34639	32697	32648
39917	31542	33814	32706	32908
39959	35906	32576	32697	32895
39994	34352	32217	32742	31919
40029	40076	34004	32726	32693
40064	40983	33328	32725	33031
40106	36699	32339	32697	32522
40155	23039	33001	32714	33104
40197	39347	32404	32740	32199
40239	51752	34831	32715	32626
40281	32893	32655	32707	32269
40323	23735	31816	32721	32331
40372	32952	31665	32698	32742
40414	46247	32131	32686	32582
40456	44030	34283	32710	32898
40498	32290	32623	32726	32700
40540	26585	33521	32719	32553
40582	28735	34017	32713	33365
40624	31347	32975	32704	32781
40666	39030	33172	32728	32278
40701	39528	31426	32716	32583
40743	51816	33591	32724	32502
40785	34005	30478	32734	32262
40820	33489	32354	32717	32284
40862	33024	30519	32700	32739
40897	38960	31211	32696	32873
40939	49494	35238	32723	32847
40974	44739	34315	32718	31972
41016	41754	34009	32720	32706
41058	35674	32574	32699	33107
41093	40055	33073	32738	33060
41128	32541	30068	32706	32496
41170	35881	31820	32703	31642
41212	41822	33583	32721	32621
41247	49862	35738	32721	32473
41289	34160	34316	32699	32258
41331	25846	35068	32716	33174
41373	20264	33571	32726	32829
41415	30169	33806	32718	33474
41450	36763	33753	32714	32340
41492	30333	31095	32727	32169
41527	30377	33306	32712	32360
41576	39147	31150	32719	32622
41618	38638	32336	32691	32232
41660	27565	31308	32714	32527
41709	38475	31881	32758	32605
41744	15896	34892	32729	33045
41786	31928	31182	32683	33116
41821	20843	32278	32720	32523
41856	23593	34132	32698	32377
41898	21252	33390	32698	33327
41933	34668	35513	32708	32738
41975	35120	32956	32724	32809
42017	30300	32785	32714	32599
42052	27117	34003	32706	33047
42087	35337	34199	32705	32753
42129	26528	32590	32733	33121
42164	28758	31572	32712	33114
42206	30594	31304	32725	32200
42241	41223	31935	32703	32861
42276	51846	33408	32711	32793
42318	35135	32008	32701	32568
42353	33563	32969	32696	32553
42395	32698	32838	32724	32828
42437	33030	34321	32703	32277
42472	49496	33797	32723	32077
42514	39067	33067	32713	32880
42549	42489	32763	32704	32600
42591	36079	32219	32721	33016
42626	39805	33015	32724	32976
42668	27339	31923	32716	32742
42703	45213	32102	32736	32716
42745	7614	31934	32708	32927
42787	27867	31971	32729	32496
42829	20873	31959	32714	32812
42878	35105	33807	32714	32379
42920	38650	33565	32740	32640
42955	48448	32634	32727	32514
42990	39091	31807	32720	32859
43032	41871	32117	32715	31807
43067	32975	33093	32728	32595
43102	25082	32143	32722	32662
43137	27606	33439	32708	33055
43172	28239	32888	32707	32352
43214	36488	31592	32737	32800
43249	8532	31442	32691	32958
43284	40082	30150	32723	32346
43319	26323	30649	32711	33008
43361	31004	34991	32708	32340
43396	24783	34549	32701	32845
43438	41970	33984	32690	32810
43473	38392	32118	32747	33137
43508	30902	31089	32727	33040
43543	32190	32683	32718	32211
43585	26331	32232	32716	32747
43620	33385	30606	32706	32996
43655	33727	32776	32684	32118
43697	39227	32465	32694	33045
43732	44699	34043	32704	32751
43767	51826	36068	32721	32758
43802	23073	32651	32715	32529
43844	27988	34258	32707	32834
43879	20808	34144	32721	33268
43914	25352	33101	32699	32322
43949	43802	35580	32705	33169
43991	36242	31517	32707	32441
44033	27528	32897	32709	32550
44075	29983	33079	32728	31989
44117	36674	31424	32699	32471
44159	35207	32254	32708	32231
44194	30102	33018	32706	32411
44229	32989	32855	32697	32137
44264	1864	35807	32727	32986
44299	34028	33893	32710	31994
44334	35344	32707	32709	32485
44369	29880	33298	32723	32444
44404	22040	34281	32714	32881
44439	27452	33641	32721	32839
44474	43411	30874	32710	33064
44509	46379	32888	32723	32758
44544	39375	32028	32694	32812
44586	41103	33204	32700	32936
44621	35082	32042	32725	32797
44656	21468	32094	32722	32728
44691	29260	31628	32681	32150
44726	38019	33705	32703	33009
44761	51014	35615	32693	32635
44803	31746	32121	32751	32582
44838	34380	30202	32687	32310
44873	28685	30417	32712	32879
44915	38262	31180	32709	32301
44950	41782	33025	32698	33013
44992	45178	32017	32712	32754
45034	40677	33214	32735	32466
45069	40284	34699	32698	32480
45111	39215	30740	32706	32563
45146	30111	32125	32714	33190
45181	32123	30694	32723	32983
45216	30739	31467	32730	32628
45251	51840	36767	32725	32495
45293	22314	33765	32739	32597
45328	27489	33132	32719	32558
45363	34115	33417	32703	32613
45405	34381	36992	32709	32274
45440	48997	33112	32717	32900
45482	42557	30512	32723	32444
45517	41839	32545	32733	32533
45552	35785	32906	32725	32382
45587	26481	32077	32709	32116
45622	26612	31746	32722	32415
45657	25034	31618	32710	32592
45692	44035	33768	32711	33007
45727	38567	33588	32713	32388
45762	51620	33785	32707	32690
45797	22402	33653	32719	32652
45839	20337	31544	32706	33043
45874	21055	31987	32721	32034
45909	35817	33774	32724	32640
45951	38691	31946	32736	32464
45986	43375	31849	32701	32545
46021	42446	31676	32702	32966
46063	39858	34114	32684	32516
46105	31319	33606	32725	33210
46140	37555	32488	32710	32859
46182	22733	32199	32707	32559
46217	44798	33004	32691	32586
46252	7017	34318	32717	33333
46294	41110	32704	32713	32483
46329	31181	34801	32719	32689
46371	34079	33921	32737	32193
46406	30902	32896	32711	32307
46448	45662	35154	32712	32559
46483	41471	31070	32721	32546
46525	42804	30141	32726	32914
46567	41157	30772	32680	32347
46609	33577	31919	32711	32552
46644	38014	33671	32704	32521
46686	28365	32525	32718	32853
46721	45512	32664	32677	32598
46763	22707	33648	32727	33416
46798	37161	32431	32700	32487
46840	31219	31675	32736	32548
46882	24031	33806	32744	32400
46917	36019	33568	32721	32063
46959	40547	32347	32738	32083
46994	46337	30847	32719	32414
47036	36076	31571	32697	32613
47071	41168	32567	32705	33353
47113	34598	33369	32693	33392
47155	21438	35569	32736	32743
47190	41796	34947	32717	32338
47232	10670	36287	32727	32608
47274	20476	32201	32702	32646
47309	24092	31550	32697	33091
47351	19009	32924	32724	32974
47386	31437	33101	32722	33134
47428	35056	32386	32714	32410
47463	39557	31030	32718	32353
47505	30956	32905	32720	33303
47540	36118	31336	32713	32553
47582	27479	30026	32722	32292
47617	30117	30100	32714	32433
47659	31293	31593	32708	32660
47694	41466	34024	32708	32850
47736	51523	34934	32729	32175
47771	34102	31685	32704	32300
47813	25661	31519	32712	33005
47848	33031	30690	32728	32472
47890	34626	30342	32702	33142
47932	37043	32603	32708	32955
47974	30711	33077	32683	33192
48009	29796	35905	32726	32716
48051	26030	36521	32706	32949
48086	28084	33820	32730	32345
48128	19482	34089	32690	32951
48163	28739	34162	32738	31988
48205	28694	33226	32699	32190
48247	51633	33166	32733	32459
48282	20922	29423	32703	33225
48324	21188	30406	32697	33184
48366	28589	28643	32701	33505
48401	28311	30760	32743	32603
48443	43149	32925	32715	32673
48485	43665	33048	32704	32563
48520	33466	31906	32739	33042
48562	39055	32117	32733	32734
48597	27758	32962	32713	33021
48639	30073	32418	32713	32667
48674	25022	32638	32719	32826
48716	37750	33918	32689	32303
48751	51826	35520	32709	32560
48793	28538	31521	32722	33157
48828	20302	33354	32700	33084
48870	26269	33477	32740	32577
48905	25028	32679	32717	32711
48947	40412	33247	32711	32787
48989	42964	34074	32731	32367
49024	32497	31887	32698	33307
49066	37605	32018	32724	32313
49108	38786	32242	32739	32596
49143	24914	32614	32716	32577
49185	45880	33915	32704	32271
49227	9828	30875	32698	32747
49269	27210	32540	32703	32897
49311	18844	32721	32732	33905
49353	21812	33630	32697	32944
49395	36289	33399	32705	33301
49437	48743	31724	32710	32220
49479	43500	33294	32711	32065
49521	34079	30612	32712	32482
49563	27083	31845	32730	32475
49605	25743	29868	32709	33061
49647	30726	30428	32710	33371
49689	36309	32423	32701	32705
49731	41942	33555	32719	32390
49773	51541	32522	32717	32287
49815	21539	32257	32698	33317
49857	20103	33734	32739	32178
49899	28599	22684	32725	33161
49941	45108	33300	32712	32527
49983	48194	35651	32728	32943
50025	36777	38166	32704	32202
50067	29065	36654	32732	32804
50109	25642	34368	32729	32972
50151	30165	34200	32724	33110
50193	35883	33208	32724	32795
50235	33756	29983	32698	32504
50277	38074	31745	32724	32675
50319	51827	34607	32706	32928
50361	21781	31154	32724	32746
50403	25882	31118	32716	32531
50445	34390	32618	32693	32511
50487	43738	32765	32706	32582
50529	43315	33535	32702	31797
50571	31006	33608	32698	32788
50613	27225	31238	32691	32933
50655	31988	31951	32697	32326
50697	36966	29560	32689	32549
50739	37173	33580	32693	32372
50781	25419	32891	32704	32383
50823	33301	34489	32719	32781
50865	625	35700	32721	32641
50907	30090	32305	32714	32329
50949	32934	32312	32682	32144
50991	35234	32424	32718	32206
51033	33992	32143	32701	32416
51075	39096	32422	32702	32718
51117	31757	30452	32718	32778
51159	32424	30820	32713	33034
51201	37977	36997	32709	32341
51243	37558	43328	32704	33254
51285	34114	33706	32708	32552
51327	18711	48292	32724	32860
51369	33125	33181	32717	33436
51411	7186	28903	32722	32597
51453	35421	29826	32718	32458
51495	35078	17144	32725	31816
51537	31071	19693	32716	32882
51579	29516	24630	32726	32525
51621	34866	27369	32707	32830
51663	33324	32245	32732	32558
51705	38047	32910	32726	32761
51747	40202	38948	32715	32726
51789	35654	37924	32722	32500
51831	22519	37434	32713	32991
51873	28242	35481	32719	32899
51915	28979	36356	32683	32650
51957	37733	32775	32725	32521
51999	34939	33245	32739	32042
52041	30854	34387	32685	32663
52083	27409	32707	32733	32520
52125	35432	33058	32721	32623
52167	36484	32986	32727	32385
52209	37879	33507	32751	32662
52251	40709	31783	32712	32384
52293	36164	31620	32712	32781
52335	24667	32396	32718	31836
52377	28309	30961	32700	32874
52419	19198	33660	32710	33492
52461	35660	32360	32719	32989
52503	35182	31384	32708	32754
52545	32356	31868	32736	32517
52587	29373	30879	32714	32805
52629	35530	32350	32721	32486
52671	34415	32494	32706	32871
52713	36390	31763	32705	32348
52755	40654	32674	32711	31758
52797	36567	34362	32725	32802
52839	23672	33568	32708	32511
52881	32157	32076	32722	33115
52923	171	33599	32695	33658
52965	35143	32498	32692	32409
53007	34427	30081	32716	32465
53049	32349	31000	32720	32920
53091	28662	32943	32702	32467
53133	37120	34212	32734	32905
53175	34152	32199	32736	32619
53217	36042	32043	32700	32661
53259	40747	34839	32698	32529
53301	33367	32893	32675	32572
53343	34027	33316	32723	32494
53385	30881	33040	32737	32505
53427	29791	30059	32722	32830
53469	27968	31471	32713	32342
53511	33232	33319	32697	32338
53553	35250	31284	32711	32284
53595	40462	31935	32702	32438
53637	33540	31573	32734	32657
53679	29315	32738	32717	32488
53721	33900	33305	32738	32519
53763	34290	31622	32699	32938
53805	40556	33773	32723	32796
53847	37293	32890	32731	32551
53889	50773	32016	32716	32448
53931	21041	32281	32718	32935
53973	25194	33189	32725	32891
54015	34697	33768	32694	32449
54057	46662	33870	32714	32501
54099	40800	31348	32701	32586
54141	30265	31836	32738	32799
54183	27494	31873	32721	33088
54225	31869	32636	32714	33132
54267	29648	32337	32693	33038
54309	46645	34166	32720	32823
54351	5739	32991	32719	32595
54393	23155	31265	32707	32902
54435	19606	32098	32715	32591
54477	25933	30778	32725	32935
54519	37922	30924	32717	32524
54561	49714	33006	32700	32386
54603	39021	32559	32710	32876
54645	29733	32188	32715	32803
54687	27474	31960	32704	33142
54729	31560	32102	32701	32529
54771	28955	31406	32698	32627
54813	45946	34272	32710	32605
54855	5352	32938	32723	32613
54897	24435	32714	32730	32774
54946	32337	32936	32708	32862
54988	33520	32114	32712	32602
55030	35430	32126	32711	32526
55079	41690	32289	32699	32801
55121	42333	34537	32703	32579
55163	39714	33680	32711	32592
55205	32725	31763	32748	32731
55247	23005	32384	32721	32148
55289	24277	32556	32728	32684
55331	37663	33354	32724	32895
55373	51322	32151	32702	32363
55415	34240	32858	32717	32444
55457	27097	34336	32710	32853
55499	22097	32361	32713	32670
55541	31743	30429	32715	33055
55583	40623	31188	32710	32361
55625	41250	32193	32722	32659
55667	41619	32124	32706	32395
55709	32889	32040	32701	33010
55751	21575	31391	32707	32980
55793	32438	32324	32739	32099
55835	13171	34856	32704	33567
55877	41371	30450	32730	32697
55919	33782	32034	32711	33000
55961	26996	31387	32705	32165
56003	23230	32397	32695	32720
56045	35320	32927	32729	31964
56087	39396	33038	32734	32914
56129	41366	33654	32720	32060
56171	40215	34252	32718	32514
56213	25845	31280	32712	32892
56255	29221	31678	32733	33313
56297	31429	30931	32706	32777
56339	28206	30987	32713	31978
56381	33635	30361	32723	32875
56423	33328	30765	32725	32351
56465	30368	32545	32698	32793
56507	35170	33904	32722	32867
56549	31946	33035	32715	32754
56591	34492	33963	32696	33594
56633	40216	33778	32731	32201
56675	39489	34428	32712	32281
56717	24473	32929	32722	32427
56759	34019	31182	32717	33036
56801	780	33608	32691	32603
56843	28789	30437	32713	33016
56885	32741	32766	32723	33259
56927	32952	34942	32717	32538
56969	33428	34997	32711	32797
57011	37251	32176	32731	32757
57053	30229	30936	32725	32889
57095	32810	31449	32708	33004
57137	40052	34300	32705	32689
57179	39478	31851	32698	32299
57221	24151	32259	32729	32811
57263	34194	33764	32719	32704
57305	20	34120	32739	32880
57347	28799	31760	32732	32712
57389	32220	32544	32734	32703
57431	33781	30014	32704	32497
57473	34229	30183	32691	33187
57515	37413	29778	32705	33010
57557	30972	31156	32714	32648
57599	32414	34560	32737	32807
57641	38800	34239	32704	32944
57683	39142	32459	32713	32360
57725	33218	31916	32706	32038
57767	20607	36726	32714	32609
57809	30729	37685	32723	32235
57851	49906	35578	32710	32505
57893	33400	30610	32729	32625
57935	34364	30347	32712	33081
57977	28976	35169	32695	32695
58019	30112	33779	32692	32012
58061	34765	30540	32729	32987
58103	34109	31001	32717	32237
58145	38723	34943	32722	32606
58187	39308	33646	32710	32880
58229	33947	36138	32713	32957
58271	17094	29245	32713	33899
58313	32296	31435	32741	32763
58355	5313	33115	32729	33156
58397	35272	32186	32721	33113
58439	34442	32964	32694	32327
58481	29831	33262	32711	32820
58523	29663	32947	32723	33060
58565	35807	30384	32722	32766
58607	34623	35323	32715	33021
58649	39298	33582	32736	32250
58691	40134	33825	32681	33020
58733	27513	35240	32727	32893
58775	29316	31820	32726	32783
58817	30183	32942	32726	32273
58859	31707	33543	32679	32581
58901	30892	32021	32718	32305
58943	34625	33393	32712	32177
58985	33880	29377	32734	32711
59027	37268	31905	32736	32364
59069	33248	32525	32742	32917
59111	31957	34466	32710	32748
59153	37760	34385	32697	33049
59195	39846	31514	32726	32812
59237	30195	35554	32730	31966
59279	33966	33514	32721	32782
59321	1206	33622	32731	33752
59363	28424	28853	32716	32366
59405	29841	32219	32710	32974
59447	32835	32089	32720	32130
59489	34843	33675	32718	32556
59531	39258	32977	32701	32555
59573	31560	32319	32717	31878
59615	30690	31772	32717	33167
59657	37235	32134	32710	33143
59699	39851	29673	32727	32255
59741	30412	29040	32705	32982
59783	32494	31286	32711	32620
59825	28791	31442	32728	32031
59867	26066	32126	32697	33008
59909	30112	31813	32720	32302
59951	33990	33617	32677	32293
59993	34925	32620	32726	32460
60035	37458	34175	32692	32324
60077	32189	32763	32735	32836
60119	31788	34539	32722	32530
60161	37305	33514	32713	32579
60203	39623	32318	32733	32537
60245	36755	33780	32716	32173
60287	20859	33320	32740	32547
60329	31555	31734	32735	32060
60371	7694	32996	32721	32627
60413	31257	29944	32717	32597
60455	33365	31617	32709	32445
60497	31653	32569	32713	32665
60539	32254	32207	32718	32470
60581	35535	32012	32701	32476
60623	31630	32234	32724	32566
60665	36124	32820	32710	33302
60707	39918	33753	32714	32828
60749	37719	32809	32710	32792
60798	22399	33106	32714	32903
60840	40155	34487	32691	32778
60882	51825	34052	32728	33354
60924	33709	32628	32705	32281
60966	24949	33053	32720	32453
61008	21102	31889	32719	31949
61050	32240	33019	32697	32456
61092	44311	32587	32706	33150
61134	43392	32104	32708	32744
61176	38867	33420	32709	32589
61211	39411	32317	32715	32739
61253	37566	32000	32713	32500
61288	28366	30630	32711	32881
61330	44196	34498	32721	32826
61365	20677	34095	32708	33588
61407	41488	33241	32725	31521
61449	29445	32505	32703	32515
61491	21497	32841	32716	32910
61526	33536	31342	32716	32418
61568	37717	32120	32739	32833
61610	33603	32199	32717	32783
61652	33295	31884	32715	33379
61687	27143	32034	32727	32839
61729	28307	31955	32704	33269
61771	33339	33489	32727	33214
61813	29899	33795	32725	32315
61855	42292	32935	32716	32462
61897	5177	33508	32723	32888
61939	22902	32735	32725	32682
61981	22413	32915	32713	32575
62023	29345	31713	32707	32532
62065	40497	31621	32720	32448
62100	42527	32702	32714	33312
62142	44577	33043	32708	32597
62177	33200	32406	32701	31825
62212	27388	31805	32733	32605
62254	32042	33440	32721	33098
62289	24207	32363	32719	32374
62331	24017	31946	32710	33004
62366	22257	32562	32737	32502
62408	33463	32976	32726	32683
62443	38188	35208	32715	31950
62485	23385	30607	32725	32264
62527	28696	32359	32715	32511
62562	21220	33094	32719	32682
62604	33100	32356	32707	33178
62646	49282	34062	32707	32655
62688	44468	32655	32726	32843
62730	34668	32694	32732	32194
62765	40035	32671	32704	32510
62807	33801	32118	32708	32976
62842	39055	33539	32716	32442
62884	26026	33826	32712	33001
62926	33833	33267	32731	32595
62968	13422	35048	32710	32614
63010	27597	33860	32729	32585
63052	30163	35232	32717	32807
63094	33655	33137	32694	32261
63136	37104	34251	32694	32913
63178	40043	32492	32712	32271
63220	32287	32676	32701	32875
63262	32773	29714	32720	32518
63304	37741	31313	32711	32940
63346	36661	33014	32731	32138
63388	30767	34471	32727	32382
63430	32388	31199	32721	32478
63472	51399	33493	32736	32416
63514	24586	30840	32703	33072
63556	30133	32517	32695	32733
63598	35495	30487	32712	31871
63640	41403	31173	32709	33006
63682	38251	32427	32723	32551
63724	28978	31452	32701	32554
63766	31022	31975	32717	32278
63808	35888	31972	32735	32777
63850	37464	33034	32690	32975
63892	26005	33740	32710	32957
63934	35371	34736	32713	32819
63976	6569	33724	32723	32776
64018	26103	32561	32706	32671
64060	30523	31869	32721	32624
64102	34837	31618	32710	32630
64137	34520	30722	32733	32524
64179	50243	33363	32724	33146
64221	43812	32665	32703	32472
64263	31092	32135	32721	32945
64305	26805	32091	32712	32926
64347	25855	32536	32720	33257
64389	31772	34655	32718	32708
64431	34547	33313	32717	32457
64473	42025	35958	32715	32498
64515	51819	35934	32723	32644
64557	21356	30704	32757	32267
64592	27529	33633	32709	32693
64634	20626	31007	32697	32759
64676	29374	30075	32726	32862
64711	37984	30913	32712	32679
64753	31573	31299	32695	32800
64788	30617	31996	32718	32829
64830	26842	33742	32707	32471
64872	29377	34557	32707	33292
64914	35471	33960	32721	32814
64949	17769	34244	32700	32857
64991	41279	33783	32708	32185
65033	9523	31726	32714	32980
65075	36550	30972	32737	32132
65117	24649	33048	32719	32496
65159	19176	33560	32720	32692
65201	26937	32188	32712	33257
65243	44457	32347	32706	32645
65285	45617	32440	32724	32674
65327	40964	32971	32719	32638
65369	32504	34285	32711	32265
65404	38455	33827	32715	32612
65446	27416	32272	32700	32804
65481	33704	34424	32703	32533
65523	39514	30830	32746	32572
65565	51740	32703	32733	32159
65607	21596	31177	32727	32873
65649	25130	33337	32720	33524
65691	33414	32459	32706	32319
65733	43773	33299	32735	31874
65768	45958	31465	32708	32001
65810	43652	32390	32709	33035
65852	37859	33703	32705	33234
65894	29195	34284	32690	32523
65936	23012	31714	32731	32869
65978	19105	32105	32697	31976
66020	41943	30594	32740	32067
66055	4522	33967	32699	33344
66097	36515	31673	32699	32521
66139	35678	30917	32711	32602
66181	32272	31730	32709	32271
66223	30023	32476	32728	32457
66265	36171	30054	32715	32881
66307	33652	31953	32740	33145
66349	36144	32053	32736	32822
66391	39754	33952	32718	33137
66433	36699	30974	32716	32151
66475	25904	32497	32710	32221
66517	24491	34885	32741	32405
66559	32184	31936	32725	32743
66594	51836	36312	32703	32291
66636	22423	32449	32704	32966
66678	26967	33859	32713	32305
66720	34263	32176	32724	33301
66762	43030	33938	32726	32262
66804	42306	33118	32722	33297
66846	30524	33008	32706	32846
66895	40860	32347	32709	32736
66937	39277	32701	32721	32708
66979	31163	31338	32724	32900
67021	16195	30767	32723	33218
67063	31819	33489	32720	33130
67105	3953	33867	32692	33953
67147	36710	31416	32693	32577
67189	34611	34394	32719	32147
67231	27442	33827	32701	32356
67273	26311	32918	32728	33437
67315	36261	34133	32724	32243
67357	37409	33150	32737	32578
67399	40208	33632	32704	33174
67441	40369	32462	32706	32984
67483	33292	31160	32719	32385
67525	25211	29339	32700	33047
67567	19240	32970	32730	32414
67609	36532	32390	32754	33319
67651	51844	35970	32708	32223
67693	36902	32086	32726	32584
67735	29587	32672	32719	32424
67784	25571	31700	32725	32740
67826	44574	32836	32716	32754
67868	49582	34148	32698	32594
67910	38512	33757	32724	32617
67952	28718	32249	32714	32673
67994	23699	32397	32745	33338
68036	24352	34224	32704	31963
68078	39560	33402	32726	32089
68120	44960	33153	32701	32396
68162	39150	31894	32710	32017
68204	23393	32347	32722	33554
68246	20994	31967	32728	33665
68288	27205	31915	32721	32688
68330	46367	32168	32705	32053
68372	46253	31521	32715	32249
68414	36745	33147	32723	32800
68456	29513	32387	32731	32381
68498	24748	32257	32711	32006
68540	19913	32415	32718	32763
68582	42778	34087	32723	32308
68624	26228	33612	32703	32771
68666	31399	31818	32717	32029
68708	22504	32090	32712	32819
68750	20074	32387	32725	33064
68792	32712	33028	32709	32388
68834	47062	32274	32715	32237
68876	43798	32778	32695	32405
68918	37208	32070	32701	32513
68960	29374	31539	32736	32488
69002	25595	32305	32704	32752
69044	20450	33606	32697	32500
69086	43810	31634	32698	32562
69128	10793	32149	32691	32352
69170	33927	31470	32697	32020
69212	24008	31920	32711	33527
69254	20005	33189	32727	33145
69296	29991	32553	32715	31979
69338	47439	33520	32700	32119
69380	45368	34631	32717	32361
69422	38557	32585	32716	32674
69464	30324	33198	32733	32864
69506	24636	32790	32719	33497
69548	25913	34796	32708	32363
69590	30555	31811	32713	33156
69632	43799	33376	32709	32589
69674	51766	34385	32735	33006
69716	25250	31117	32723	32195
69758	20368	32670	32727	33238
69800	24074	33615	32710	33388
69842	40403	31665	32728	32922
69884	49616	32212	32718	32530
69926	41282	33809	32710	33006
69968	32081	33266	32743	32895
70010	25669	33354	32699	33453
70052	26680	32753	32740	33712
70094	28326	32476	32704	33298
70136	38369	34758	32707	32536
70178	40802	32372	32733	32134
70220	51738	30025	32712	32917
70262	22525	31312	32712	32225
70304	22733	31370	32735	33395
70346	31885	31938	32751	32385
70388	46902	32786	32725	32499
70437	33377	31005	32733	32262
70479	30909	32023	32722	32947
70521	36334	31873	32710	32547
70563	38694	31513	32692	32554
70605	34971	31799	32707	32320
70654	18956	33808	32712	32565
70703	39959	33866	32714	32452
70745	9019	36618	32724	32555
70787	23429	34482	32715	33082
70829	24679	34345	32726	32441
70871	32133	33900	32726	32151
70913	39352	32938	32711	32462
70955	45701	33360	32721	32821
70997	34456	32601	32710	32088
71039	29293	34291	32687	33088
71081	31171	32339	32683	33737
71123	35449	30592	32726	32599
71165	29642	30908	32687	32889
71207	41779	31858	32727	32095
71249	484	35862	32720	32481
71291	23979	34784	32691	31986
71333	23675	32634	32745	32737
71375	30009	33770	32705	33115
71417	38393	33001	32701	32216
71459	46904	31386	32694	32481
71501	35155	31331	32705	32589
71543	28499	30056	32729	32288
71585	29934	32601	32719	33054
71627	29355	32007	32681	32957
71669	42562	32467	32712	32363
71711	40494	31089	32731	32227
71753	50720	32619	32735	32319
71802	30603	34852	32707	32332
71844	32972	34958	32698	31922
71886	33915	34846	32725	32562
71928	37554	33284	32701	32222
71970	32422	29656	32726	33347
72012	32440	30494	32723	32788
72054	37481	30443	32717	32530
72096	39052	29648	32730	32266
72138	30849	31512	32720	32205
72180	32558	33303	32705	33017
72222	12608	33604	32727	33405
72264	29506	31894	32717	32204
72306	31452	32267	32730	32116
72348	33929	34407	32698	32209
72390	34446	35307	32695	32559
72432	39674	33626	32723	32571
72474	32725	34060	32703	33103
72516	31077	33103	32704	32497
72558	36897	31633	32728	32548
72600	37826	32075	32706	32240
72642	30965	32448	32710	32523
72684	33233	33321	32707	32501
72726	30042	32484	32722	32377
72768	25507	32326	32714	32645
72810	29901	31703	32711	32647
72852	33428	33344	32717	32612
72894	34279	32895	32707	32686
72936	40327	32181	32709	32235
72978	33960	33251	32718	32336
73020	29858	32838	32696	33004
73062	33641	31707	32709	33278
73104	37710	31899	32733	32342
73146	35490	32986	32722	32998
73188	28386	32001	32710	33409
73230	31689	31422	32728	32916
73272	51698	34509	32686	32407
73314	29465	32467	32709	32108
73356	33200	33491	32714	32535
73398	33018	31976	32699	32975
73440	35619	32618	32696	33111
73482	34936	31488	32721	32476
73524	31064	32140	32699	33617
73566	35652	33856	32698	32826
73608	39552	34540	32710	32479
73650	36544	34902	32728	32397
73692	21636	32721	32725	32928
73734	32818	31279	32706	32423
73776	5	31702	32714	33578
73818	32033	30757	32720	32800
73860	33604	31758	32678	32589
73902	31479	33560	32723	32765
73944	31145	35523	32751	32323
73986	37155	34307	32706	32851
74028	33647	32364	32704	32521
74070	35727	31011	32723	32935
74112	40092	29597	32710	32465
74154	38268	31165	32713	31869
74196	24483	32437	32698	32718
74238	32565	32094	32734	32055
74280	62	33717	32706	33891
74322	32643	30611	32715	32459
74364	32622	33247	32726	32705
74406	34125	33348	32706	32945
74448	32641	33270	32721	31937
74490	35197	33475	32724	32313
74532	32270	32480	32720	32247
74574	34645	33158	32696	33478
74616	39484	32277	32709	32756
74658	39036	32753	32727	32329
74700	24335	34131	32713	32340
74742	31962	31048	32715	32538
74784	378	34227	32707	33007
74826	31578	30664	32735	33083
74868	33237	32731	32697	32704
74910	33804	34577	32695	32311
74952	34738	33230	32717	33107
74994	38266	33548	32724	32797
75036	31296	32878	32709	33269
75078	32969	33582	32704	32073
75120	38165	32519	32726	32702
75162	38421	33708	32727	32129
75204	31098	34906	32721	32459
75246	22091	32629	32714	32793
75288	31012	31478	32701	32752
75330	51814	33545	32732	32611
75372	33944	31369	32713	32633
75414	34476	32451	32723	32376
75456	31170	31913	32720	32384
75498	33061	33099	32721	32330
75540	35489	32941	32742	32709
75582	33194	31767	32733	33064
75624	38166	31935	32736	32497
75666	40194	33178	32724	32588
75708	34780	33184	32707	32582
75750	24371	31893	32694	32769
75792	26187	32563	32721	33137
75834	31825	32422	32719	33359
75876	51105	29707	32711	32371
75918	36020	31253	32700	32218
75960	30450	33250	32697	32703
76002	24879	33764	32711	31786
76044	31884	32814	32701	32821
76086	37244	33405	32721	32390
76128	39226	32642	32713	32619
76170	41413	33081	32730	32296
76212	36153	33636	32710	32206
76254	27963	32685	32710	32714
76296	18827	32745	32716	32772
76338	30456	33220	32712	32843
76380	37640	32897	32704	33349
76422	42836	30832	32721	32546
76464	31944	31420	32729	32861
76520	34160	33493	32720	31952
76562	34225	34495	32708	33199
76604	38566	32172	32729	32831
76646	32195	28437	32709	32489
76688	33214	31406	32723	33467
76730	36416	34685	32711	31955
76772	38044	35809	32713	32407
76814	25728	30748	32728	33245
76856	34117	33141	32739	31725
76898	4812	32217	32721	31997
76940	29220	25222	32703	32520
76982	32009	29279	32710	32389
77024	34190	31438	32721	32744
77073	28267	35048	32680	32105
77115	40026	32790	32695	32261
77157	40323	34272	32709	32401
77199	40941	22533	32712	31662
77248	26239	34570	32716	32068
77290	26323	36878	32696	33193
77332	41762	39904	32718	32859
77381	8	37864	32711	34063
77423	27027	33691	32683	32443
77465	27997	33216	32719	31844
77507	32075	31887	32724	32621
77549	37381	25748	32702	32604
77591	42198	31368	32705	32872
77633	31607	32229	32715	32981
77675	29534	33044	32710	32393
77717	34234	32253	32695	32693
77759	37857	29158	32729	32347
77801	33306	39406	32720	32824
77843	35914	65505	32730	32691
77892	7653	51071	32720	33341
77941	27113	33503	32707	32111
77983	20422	5654	32713	33293
78025	22515	15930	32724	32822
78067	36366	22575	32723	32707
78109	49402	24083	32717	32287
78151	41950	27759	32693	32267
78193	32466	33608	32720	32409
78235	26411	35356	32730	32022
78277	27037	36104	32713	33287
78319	24841	39197	32710	32594
78361	44172	35759	32694	32175
78403	7008	34425	32719	33182
78445	27794	34876	32701	33198
78487	19112	35440	32708	32422
78529	21766	38005	32742	32894
78571	35631	33236	32706	32235
78613	50586	30825	32712	32581
78655	42015	30875	32689	32427
78697	32158	30882	32707	32267
78739	27072	29824	32712	32706
78788	33885	30224	32720	32457
78830	39027	31073	32685	32094
78872	32669	32537	32723	32699
78914	24629	31294	32711	32313
78956	23457	31082	32710	33086
78998	30195	32945	32693	32472
79040	36793	34984	32703	32510
79082	44483	33520	32717	32974
79124	36240	32113	32726	32388
79173	39477	31746	32700	32789
79215	40485	33671	32739	32982
79257	34857	31882	32708	32516
79299	20871	34133	32720	33003
79341	31702	31535	32702	32905
79383	51829	34897	32719	32211
79425	32379	31941	32721	32083
79467	32959	33544	32691	32673
79509	30418	32304	32725	32026
79551	32837	33796	32712	33065
79593	36290	31011	32715	33126
79635	31911	31945	32719	32805
79677	38258	32750	32720	32495
79719	39926	33536	32745	32512
79761	34570	33818	32715	32317
79796	34594	33385	32699	32469
79838	41800	33402	32705	33110
79880	7738	32715	32721	33256
79915	39244	31735	32718	32170
79957	26331	31456	32701	33361
79999	19550	30958	32704	32897
80041	24079	32233	32714	32817
80083	41133	32766	32735	33122
80118	35786	32421	32730	32622
80160	36492	32848	32690	32793
80202	40684	32853	32733	32432
80244	38588	32171	32710	32539
80286	31746	32330	32728	32698
80328	16241	31617	32714	32688
80370	32460	31254	32715	32891
80412	5778	32270	32710	33365
80447	27200	32948	32703	32711
80489	25984	32824	32704	33214
80524	19360	33856	32717	32187
80566	25043	33179	32717	33447
80608	45236	32463	32719	32439
80643	39468	32792	32737	33000
80685	40695	33674	32722	32681
80720	31064	30668	32711	32773
80762	35958	32209	32699	32569
80797	26763	32358	32711	32466
80839	22994	32913	32715	32933
80881	44611	33369	32709	32513
80923	3877	32501	32703	33991
80965	30131	31150	32717	32733
81007	21146	32248	32710	32828
81042	26704	32010	32723	32545
81084	25760	32313	32720	32567
81126	36878	32368	32718	32623
81168	38685	32517	32703	31909
81210	42286	32100	32708	32602
81245	33930	32314	32742	32484
81287	37613	33373	32720	32284
81322	22375	32721	32695	32848
81364	42957	33312	32711	32372
81406	5729	32237	32688	33318
81448	34337	31830	32691	32412
81490	22337	32294	32708	31947
81532	20412	33054	32730	32755
81574	29821	31924	32714	32815
81616	46972	32704	32709	32233
81658	46124	31916	32691	32478
81700	37492	34323	32703	32640
81742	29153	31956	32739	32488
81784	25775	30522	32725	32779
81826	24071	32670	32720	32704
81868	39545	33842	32690	32715
81910	39218	34621	32712	33020
81952	35533	30665	32706	31862
81994	22906	32253	32709	32788
82029	30174	31786	32709	32518
82071	26791	34095	32732	32457
82113	34006	32190	32717	32735
82155	38243	32262	32711	33341
82190	30321	31117	32721	33409
82239	41050	32618	32704	31872
82281	36127	31144	32703	32210
82323	26571	32985	32705	32617
82365	22527	33643	32732	32632
82407	33071	34205	32702	32860
82449	51119	34565	32708	32657
82491	34717	33183	32717	32097
82533	30482	32367	32709	32804
82575	25241	30729	32712	32510
82617	31531	31653	32735	32895
82659	37765	31831	32712	32359
82701	38272	30552	32711	32641
82743	40530	31910	32732	32583
82785	36325	32614	32713	32379
82827	28278	32185	32709	33345
82869	16280	32621	32713	33630
82911	33330	33140	32709	32870
82953	19119	34086	32725	32957
82995	37617	32441	32702	32705
83037	32468	33947	32708	31978
83079	25127	33804	32712	31946
83121	27373	32947	32751	33252
83163	37723	31956	32728	33420
83205	40272	31842	32719	32171
83247	42154	32085	32726	32082
83289	37855	31721	32720	32737
83331	25174	33243	32719	33148
83373	29082	33409	32714	31932
83408	37139	32235	32704	32729
83450	51524	34249	32722	32076
83492	23467	31598	32724	33293
83534	26862	32908	32732	32894
83576	34287	33047	32707	32527
83618	42546	33411	32711	32412
83660	38614	39388	32703	32738
83702	29268	38929	32709	32983
83744	28884	65503	32696	33033
83786	34067	24531	32713	32508
83828	36489	24248	32719	32414
83870	34884	25091	32715	32826
83912	36303	24925	32727	32563
83954	51702	30916	32724	32435
83996	22844	31689	32724	33126
84038	27183	33102	32737	32713
84080	34257	34095	32724	31722
84122	44083	36562	32741	32470
84164	41317	37168	32716	33300
84206	30110	34657	32709	32052
84248	28310	33399	32729	32568
84290	33958	31974	32712	32808
84332	38490	31340	32726	32018
84374	31765	33111	32703	32044
84416	36081	30945	32729	32517
84458	51801	34943	32748	33034
84500	22491	32970	32719	33309
84542	26817	32631	32716	32210
84584	33794	32775	32715	32997
84626	42595	34127	32741	33842
84668	41526	33014	32719	33076
84710	29616	33139	32724	33249
84752	27566	32228	32720	33077
84794	32531	32447	32712	32782
84836	38885	31679	32735	32137
84878	29968	30330	32730	31579
84920	40289	32964	32706	32762
84962	2382	33883	32747	33421
85004	24923	31823	32724	32815
85046	26636	33336	32724	32088
85088	32661	33880	32720	33003
85130	38017	32413	32722	31914
85172	42626	34231	32732	32068
85214	31934	30361	32703	32425
85256	29303	30527	32694	32704
85298	34274	32743	32738	31974
85340	35622	33776	32725	32279
85382	38149	32884	32720	33400
85424	35864	33130	32699	31982
85466	51426	34514	32719	31900
85508	21763	31992	32707	31967
85550	26269	32267	32689	33640
85592	35137	31094	32710	32535
85634	44801	30995	32697	32212
85676	39299	33194	32706	33132
85718	29963	32808	32736	32854
85760	27455	31976	32724	32752
85802	32992	32812	32701	31877
85844	37434	33980	32718	33189
85886	33793	32196	32731	32272
85928	38341	33114	32725	32548
85970	51690	35295	32720	32430
86012	21668	32676	32713	32931
86054	25986	33115	32708	32169
86096	33376	32306	32706	32093
86138	43460	33491	32715	32574
86180	42803	32755	32729	33215
86222	31101	32536	32709	32635
86264	27818	31735	32713	32429
86306	30989	32442	32734	32476
86348	35665	33526	32711	31933
86390	32038	31818	32707	32322
86432	39305	33686	32710	32620
86474	4481	34647	32746	33557
86516	26815	34352	32710	32827
86558	26972	32794	32723	33230
86600	30636	32861	32748	32380
86642	37609	30940	32713	32740
86684	44291	31463	32737	33058
86726	34672	30665	32731	32504
86768	28720	31356	32729	32295
86810	32167	32787	32707	33472
86852	36979	32695	32697	33050
86894	34499	32545	32714	32564
86936	35757	34165	32709	32433
86978	32547	32386	32732	32126
87020	50776	32080	32743	32498
87062	26655	32457	32738	32493
87104	31874	33039	32698	33807
87146	34401	32036	32704	32826
87188	41025	32713	32731	32536
87230	34588	31896	32729	33026
87272	29022	33295	32731	33003
87314	32016	32614	32718	32272
87356	37032	33028	32714	32784
87398	28995	33892	32709	32846
87440	40845	32917	32731	32803
87482	60	33736	32698	32653
87524	25361	31802	32707	32254
87566	25261	31230	32718	32796
87608	30720	33440	32721	32691
87650	39330	33190	32701	32412
87692	44315	33201	32723	32176
87734	33435	36006	32730	32667
87776	28870	32639	32719	32868
87818	32200	31857	32716	32217
87860	36571	31160	32714	32947
87902	31869	30821	32708	33496
87944	39991	32638	32723	32178
87986	42057	34653	32713	32960
88028	22358	31427	32700	32176
88070	24393	32623	32715	32523
88112	31349	33809	32690	32762
88154	43544	33428	32696	33065
88196	45839	34017	32713	32526
88238	32993	32816	32731	33165
88280	26902	31760	32699	31998
88322	29585	32833	32709	32914
88364	32273	33361	32715	32768
88406	39509	28379	32708	32631
88448	38882	31765	32723	32325
88490	50963	34354	32740	32308
88532	21778	34754	32728	33050
88574	22698	34524	32711	32440
88616	31928	32218	32713	32773
88658	45737	33204	32698	32241
88700	44282	31429	32717	32363
88742	32226	31048	32724	32644
88784	27579	32197	32728	32441
88826	28813	31811	32715	31982
88868	29633	32049	32708	33257
88910	43565	33341	32709	32987
88952	41007	33681	32707	32621
88994	33156	30658	32735	31660
89036	21511	33351	32717	33910
89078	22869	33260	32726	33284
89120	31117	33600	32717	32866
89162	47197	33662	32707	32566
89204	44469	33898	32707	32600
89246	33357	31544	32702	32877
89288	27539	31182	32747	32930
89330	28066	31499	32725	33680
89372	27873	31169	32700	33217
89414	44647	32536	32725	32213
89456	51827	36267	32737	32521
89498	27940	32189	32714	32777
89540	20618	34506	32719	32383
89582	23194	34253	32694	33505
89624	37543	35198	32729	31805
89666	46806	32901	32735	32436
89708	40694	33820	32745	33295
89750	34186	30543	32730	32464
89792	25610	33232	32725	32596
89834	21601	33360	32727	33454
89876	37699	31840	32735	32724
89918	36742	34342	32706	33871
89960	41040	29889	32701	32261
90002	27533	31291	32716	32794
90044	20632	32903	32703	32858
90086	24967	32407	32710	32980
90128	43514	32743	32703	32241
90170	45248	33109	32716	32195
90212	41395	33779	32730	32949
90254	33652	32725	32715	32865
90296	26128	32277	32747	33004
90338	18337	34109	32721	32565
90380	34605	34060	32736	33246
90422	41827	33402	32691	32930
90464	40763	27899	32701	32983
90506	27910	32357	32718	32369
90548	21172	32827	32713	32108
90590	25002	31926	32749	33089
90632	40668	34162	32708	32972
90674	45540	33896	32715	32820
90716	39841	32578	32716	32961
90758	35427	31467	32722	32926
90800	27171	32365	32710	32304
90842	24516	32890	32721	32459
90884	25237	33410	32705	33414
90926	42429	31737	32698	32425
90968	51806	36898	32727	32397
91010	30099	33835	32717	32529
91052	22414	31674	32715	32773
91094	20866	31049	32718	33397
91136	35283	31005	32703	33150
91178	47179	31789	32705	32826
91220	42811	32039	32709	32688
91262	37417	32688	32724	32213
91304	28449	34021	32728	32149
91346	24894	33190	32707	33256
91388	22797	33143	32717	33818
91430	41008	33457	32724	32456
91472	51827	35691	32704	32791
91514	31262	31379	32712	32743
91556	23100	34280	32699	32299
91598	21677	33994	32706	32433
91640	33771	29066	32697	32596
91682	45267	28691	32739	32043
91724	43412	32430	32730	32790
91766	38598	35732	32716	32570
91808	30348	35608	32715	32564
91850	23905	33898	32732	32469
91892	21382	33374	32720	33798
91934	40996	32257	32737	32921
91976	51822	34405	32730	32717
92018	33128	30719	32700	32334
92060	23320	34935	32721	31596
92102	19660	33050	32714	32774
92144	31610	32418	32724	32824
92186	45507	32038	32712	33039
92228	43153	30229	32708	32641
92270	38101	31753	32715	33045
92312	30728	33141	32699	33303
92354	25227	32407	32698	33508
92396	18467	32443	32714	33002
92438	40336	33356	32711	31751
92480	10390	34063	32715	32519
92522	36034	34394	32718	32557
92564	26370	31409	32736	32523
92606	20137	33198	32701	32318
92648	26994	32621	32714	31908
92690	44482	31560	32733	32275
92732	45243	29981	32720	32766
92774	40830	30966	32726	32518
92816	33120	32811	32723	32819
92858	24636	33095	32741	32420
92900	20764	33869	32722	33185
92942	35056	33962	32729	32347
92984	41604	32249	32712	32991
93026	51299	32384	32705	32467
93068	28477	31970	32711	32780
93110	21538	33124	32722	33079
93152	21096	33599	32684	31892
93194	39735	33186	32723	33140
93236	47217	32450	32731	32585
93278	42246	34721	32712	32412
93320	34894	32737	32691	32662
93362	26967	32057	32689	32026
93404	14910	33847	32708	33901
93446	38058	33258	32709	31419
93481	14067	33140	32717	33569
93523	33189	30979	32706	32350
93572	29210	32336	32722	32568
93614	22320	32411	32683	33301
93656	26046	31802	32719	32030
93698	40581	31801	32699	32910
93740	41690	32477	32694	32169
93782	41257	33446	32717	32720
93824	35303	32857	32680	32912
93866	22241	34356	32734	32855
93908	28964	32314	32741	32525
93950	34088	32317	32723	32463
93992	29448	31204	32718	32657
94034	34478	34202	32726	32429
94076	29852	34068	32720	32776
94118	27314	33556	32721	32824
94160	35292	32500	32714	32652
94202	36447	31562	32705	32889
94244	39873	31403	32697	32559
94286	41158	32658	32729	32839
94328	36542	34929	32726	32546
94370	20513	32884	32708	31885
94412	32234	30814	32739	32583
94454	12141	33125	32727	32616
94496	30912	32063	32716	32087
94538	33528	32399	32712	32338
94580	30876	32607	32699	32050
94622	32921	32232	32711	32185
94664	36692	33212	32712	32365
94706	32097	33940	32717	32118
94748	35445	33584	32716	33016
94790	39150	33559	32700	32558
94832	34218	31273	32699	32795
94874	30462	32020	32711	33440
94916	30337	33619	32704	32179
94958	51295	32687	32713	32216
95000	28419	33830	32708	31770
95042	33059	33447	32716	32389
95084	33788	33200	32724	31822
95119	41507	34778	32721	32167
95154	41606	32410	32717	32315
95196	41592	32270	32706	32525
95238	40727	33289	32694	31714
95273	36032	33665	32723	33246
95315	33624	32899	32690	31940
95350	34368	31584	32693	32042
95392	43213	31536	32701	32184
95427	51752	36507	32722	32353
95462	23278	31185	32705	32169
95497	22547	31963	32717	32518
95532	29826	33164	32712	32407
95567	36139	31606	32694	32711
95602	39120	31396	32700	32670
95637	34387	32179	32729	32939
95672	31806	31955	32700	33105
95707	36876	33952	32715	32366
95742	40897	32191	32725	31838
95777	34084	32743	32721	32265
95812	15768	32875	32704	33160
95847	32951	32916	32736	32608
95882	15365	33589	32716	33193
95917	44243	32951	32716	32192
95959	31645	32200	32744	32375
95994	33110	32897	32710	32799
96029	29453	32975	32707	31754
96064	29287	33551	32710	32165
96099	38176	32519	32703	32897
96134	41048	33594	32722	32455
96169	41500	34398	32713	32581
96211	38365	33103	32693	32067
96253	29841	31722	32745	32671
96288	35906	33147	32693	33088
96330	24969	32478	32697	32861
96365	43042	31946	32708	32737
96400	10964	32198	32716	32752
96435	29902	31398	32714	32268
96470	20072	29894	32731	33766
96505	24789	32353	32731	32092
96540	33197	35391	32722	32963
96575	40739	33494	32708	32706
96617	49423	32327	32660	32481
96652	42761	32071	32700	32984
96687	32162	31537	32716	32813
96722	27737	32169	32710	33539
96757	32209	33267	32702	32510
96792	37351	32078	32719	32822
96827	32677	30564	32751	32818
96862	25507	31516	32723	33027
96904	39803	34068	32706	32267
96946	51809	35345	32740	32693
96988	31278	30853	32708	31866
97023	34340	31878	32711	32386
97058	28510	32015	32702	33376
97093	26238	33696	32725	32613
97128	36989	32601	32704	33050
97163	43906	33600	32719	32648
97198	44253	32345	32706	33302
97233	36705	32566	32708	33499
97268	27862	31240	32720	32726
97303	26082	31554	32703	32400
97338	31953	33156	32698	33564
97373	29641	32437	32746	32129
97408	40774	32899	32731	32379
97443	20702	33639	32706	33187
97478	38222	31595	32702	32499
97513	28372	31984	32710	32630
97548	33098	34212	32724	32484
97583	30494	33416	32715	32601
97625	41369	30575	32700	32242
97660	44558	31660	32714	32850
97695	33537	32268	32697	32974
97737	35357	34896	32717	32654
97779	40371	33200	32716	32517
97814	31277	32179	32702	33152
97856	32103	33053	32703	32841
97898	39369	34191	32718	33016
97940	38381	32341	32705	32904
97982	51151	32313	32713	32546
98024	21375	31025	32732	32356
98066	24780	31600	32699	32995
98108	33882	30729	32725	32908
98150	46356	32237	32718	32806
98192	41792	33155	32714	32985
98227	42984	33482	32707	32369
98269	36621	35868	32713	32753
98304	39893	34651	32722	32574
98346	36125	33659	32718	32202
98381	33630	32392	32705	32586
98423	41462	32376	32752	32120
98465	22301	31103	32713	33009
98500	51264	31031	32727	32280
98542	28391	32061	32724	32078
98577	34293	33623	32720	32775
98619	29896	32857	32698	32527
98661	34590	34241	32727	32635
98703	35678	33087	32701	32605
98745	34917	32262	32731	33210
98780	27985	30258	32723	31992
98822	28423	29228	32711	32233
98864	34488	31166	32717	32254
98906	30371	34828	32714	31787
98941	40349	33929	32744	33297
98976	17496	34407	32700	33628
99011	30072	33252	32708	32188
99053	20325	32920	32732	32427
99088	22659	32538	32692	33132
99123	29809	32916	32733	32518
99158	40777	32837	32722	33089
99193	44026	32787	32703	32495
99228	33567	31945	32751	32134
99263	31948	31234	32714	32944
99298	37035	32290	32730	32621
99333	39807	32858	32719	32160
99368	27915	32815	32711	32045
99403	21279	32831	32709	33141
99438	34288	33071	32746	32605
99473	2338	32885	32705	33351
99508	40807	31404	32693	32250
99550	31058	32064	32692	31911
99585	33600	31848	32717	32336
99627	34840	32994	32717	32696
99669	40360	34458	32727	33036
99711	33004	34091	32731	33081
99746	34996	33246	32709	32640
99788	28084	30590	32706	33171
99823	32250	31600	32724	32093
99865	23894	32261	32728	32206
99900	39836	32976	32698	33254
99942	51847	36691	32714	32355
99977	33626	33155	32709	32440
100012	34004	33099	32701	31811
100047	27671	32003	32746	32479
100089	37921	33605	32715	32460
100124	39922	33287	32729	33408
100159	34693	30000	32734	32768
100194	32833	32512	32726	32628
100236	28513	34561	32724	32534
100278	29813	32707	32704	31804
100313	20501	33450	32737	32821
100348	27894	31167	32728	32506
100390	31871	31266	32718	32760
100432	51353	33485	32731	32377
100474	27607	29108	32691	33636
100516	32166	31281	32687	33382
100558	33087	30843	32710	32575
100600	38602	34936	32711	32408
100642	35853	31792	32727	32010
100684	29281	32204	32737	32054
100726	33478	33031	32695	33354
100768	38319	33252	32694	33222
100810	37658	34687	32710	32274
100852	25281	35084	32725	32272
100894	32474	33361	32729	33466
100936	35633	31485	32723	33594
100978	27554	29864	32729	33012
101020	31622	29949	32728	32224
101062	34047	31315	32702	32145
101104	36200	31689	32728	32322
101146	38659	34281	32700	32169
101188	30347	33502	32723	33395
101230	33130	31698	32726	32051
101272	38443	32975	32702	32605
101314	37708	33750	32717	32957
101356	25410	34330	32712	32131
101398	33506	34582	32727	32681
101440	8055	35848	32698	33199
101482	26616	32435	32715	32079
101524	30828	30936	32732	33215
101566	33388	32108	32699	31915
101608	37264	32516	32716	32493
101650	39373	33274	32726	31840
101692	30962	32189	32690	32664
101734	31781	30880	32722	33087
101776	37179	32709	32729	32412
101818	37001	34156	32714	32072
101860	28430	32329	32706	33246
101902	35160	33328	32737	33015
101944	45864	35519	32720	32441
101986	25290	31891	32717	33865
102028	29456	31800	32717	33388
102070	34560	32285	32725	32231
102112	39339	31745	32705	33055
102154	39228	31906	32714	32366
102196	29739	30351	32691	32772
102238	30171	31207	32723	32991
102280	35819	31460	32698	32633
102322	38650	32664	32714	32872
102364	33979	32631	32707	32422
102406	29396	34276	32720	33162
102448	30320	33346	32722	31958
102490	51664	34476	32713	32212
102532	29540	33481	32714	32268
102574	33574	33067	32741	32394
102616	33304	33020	32705	32413
102658	38394	32794	32718	32424
102700	36330	33947	32724	32183
102742	31374	30751	32719	32825
102784	36080	32264	32731	32878
102826	38791	31497	32704	32761
102868	36027	32545	32723	32809
102910	29747	32061	32726	32606
102952	21363	32167	32704	33231
102994	31018	29907	32703	32391
103036	51783	36161	32711	32965
103078	33921	31374	32697	33449
103120	31686	33619	32697	32694
103162	27221	34254	32716	31614
103204	31350	36013	32707	33175
103246	35193	35889	32712	32071
103288	36272	33960	32713	33233
103330	41064	33982	32715	32229
103372	39487	33360	32729	32957
103414	32630	31079	32725	32652
103456	26006	33420	32736	32780
103498	18151	31647	32735	32951
103540	37156	31403	32738	32189
103582	9670	30153	32716	32915
103624	37583	29017	32703	32395
103666	28578	32290	32694	32409
103708	21796	35206	32716	32778
103750	25504	35247	32716	33539
103792	42443	32897	32700	31900
103834	43833	32182	32709	32882
103876	42748	32641	32714	32394
103918	36253	31235	32715	32550
103960	27710	31463	32723	33640
104016	22575	31319	32714	33330
104058	31643	32177	32715	32207
104100	2998	33453	32683	33130
104142	29531	31937	32735	32816
104184	32081	33917	32718	32930
104226	32259	35038	32705	31807
104268	33421	34049	32719	32623
104310	38709	32680	32715	33144
104352	31487	31145	32721	33050
104394	34489	33865	32732	32936
104429	27490	33406	32692	32664
104464	29263	31426	32738	32604
104499	34730	28814	32721	32384
104534	29395	27964	32708	32147
104569	34324	33648	32731	32423
104604	30246	35826	32714	33566
104639	51776	37235	32727	31785
104674	31599	33354	32656	32015
104709	33416	33668	32716	32384
104744	28293	33123	32722	32826
104779	24136	34080	32710	32770
104814	37494	34325	32735	32547
104849	47058	28405	32727	32140
104884	45336	31693	32717	32071
104919	36547	31985	32719	32978
104954	28134	35799	32713	32905
104989	25751	33835	32730	32195
105024	32589	34993	32703	32990
105059	32184	33214	32708	32771
105094	37332	33163	32706	32644
105129	30980	31837	32705	32625
105164	51817	33758	32727	32516
105199	31183	30921	32729	32812
105234	33186	32227	32712	32583
105269	29439	29282	32707	33078
105304	24221	32463	32710	32877
105339	32184	32272	32705	32782
105374	44324	33562	32721	32048
105409	44529	33571	32728	32951
105444	40676	32071	32699	32497
105479	29950	31915	32708	32721
105521	34690	32037	32719	32325
105556	26261	32368	32736	33182
105591	16253	33592	32711	32050
105626	36512	34069	32718	32207
105661	42424	40672	32709	32752
105696	51746	25192	32710	32888
105738	34880	54179	32734	32247
105780	30070	9947	32726	32894
105822	23712	31440	32721	32192
105864	32034	14061	32742	32750
105899	41920	19340	32712	33087
105934	44113	21311	32673	33153
105976	34773	26646	32713	32475
106018	26143	29824	32702	32421
106060	25082	32476	32738	32349
106102	26428	36784	32714	33024
106144	43108	37599	32709	32175
106186	51813	41941	32731	33076
106228	28520	34838	32738	31969
106270	20133	34717	32731	32225
106305	27834	35669	32715	32814
106347	29923	36289	32750	32321
106382	44529	35882	32705	32613
106424	33685	33631	32722	33228
106459	39266	32931	32713	32735
106501	31617	30747	32730	32507
106536	37732	32477	32729	32110
106578	24684	32796	32711	32158
106620	29566	31698	32732	32977
106655	34732	32249	32703	32659
106697	35124	29917	32703	32679
106739	21465	30202	32711	32287
106774	19736	31683	32710	32680
106816	21649	31801	32692	32832
106851	31253	31917	32717	32837
106893	37615	31614	32707	32457
106928	35436	32948	32708	33016
106963	38956	33276	32716	32784
107005	31053	31347	32704	32963
107040	36919	31928	32727	32543
107082	26348	32302	32696	32902
107117	33325	33702	32720	32409
107159	36161	34014	32723	32742
107194	38444	33972	32694	32513
107236	29984	32186	32711	32544
107271	33594	33751	32713	31982
107313	29068	33287	32689	32571
107348	36255	31914	32712	31963
107390	46165	32015	32722	32908
107425	46966	32876	32730	32208
107467	40652	33445	32710	32384
107502	40438	32414	32724	32664
107544	38198	32372	32722	32240
107586	29922	34245	32719	32833
107621	29146	32733	32718	32208
107663	39177	33950	32711	33171
107698	8264	35076	32688	33035
107740	31688	33038	32708	32317
107775	34275	32492	32721	32432
107817	29799	30999	32713	31756
107859	26709	31582	32714	33204
107901	36241	32634	32728	31797
107943	36392	32151	32714	32854
107978	29837	32116	32732	32796
108020	31046	30461	32712	32706
108062	32357	34192	32708	33366
108097	20433	32287	32728	32501
108139	39745	32718	32724	32492
108181	51783	35194	32719	32971
108223	33636	31608	32701	32568
108258	31832	31960	32707	32608
108300	31699	30831	32734	32552
108335	36339	31923	32700	32544
108377	48745	33766	32695	32039
108412	42866	32717	32728	32409
108454	42410	32207	32712	32169
108489	37564	32564	32715	33058
108531	39413	31616	32725	32680
108573	27211	33048	32726	32478
108615	36489	34071	32714	32157
108657	6	34693	32715	32379
108692	32364	31871	32691	32494
108727	33418	33758	32728	32431
108769	26663	32562	32699	32417
108811	22682	34551	32732	32818
108853	35282	33624	32699	32686
108895	40060	32091	32716	32775
108937	42224	31953	32734	32556
108979	40046	32889	32719	32369
109021	32213	31462	32707	31957
109063	21840	32422	32726	32417
109105	27204	32709	32725	32950
109147	36934	32396	32711	32480
109189	51004	32528	32713	32695
109231	33405	34273	32721	31947
109273	27231	33030	32703	32868
109315	23806	33150	32724	32591
109357	34169	33112	32727	33079
109399	40366	32580	32703	32552
109441	41185	30607	32712	32729
109483	39867	31057	32706	32567
109525	34288	31819	32717	32731
109567	27223	33488	32702	32872
109609	20264	32568	32731	32689
109651	37019	31888	32706	32605
109693	7826	33740	32687	33542
109735	40358	32609	32676	32673
109777	28608	32661	32750	32832
109819	21567	32240	32716	32647
109861	24375	33354	32713	32758
109903	41260	31828	32728	32370
109945	44232	31194	32737	33246
109987	41770	35383	32711	32242
110029	35274	33214	32708	32260
110071	27192	33020	32705	32560
110113	24194	32766	32721	33343
110155	24429	31996	32712	32460
110197	41418	32974	32708	31797
110239	51834	37025	32715	32803
110281	31160	31585	32717	32577
110323	22036	33224	32737	32438
110365	21091	32672	32721	33000
110407	34831	32043	32721	33250
110449	46774	29977	32721	32908
110491	43952	32687	32713	33018
110533	37384	33599	32728	32500
110575	28723	33670	32697	32515
110617	25129	33346	32731	32909
110659	20676	33068	32738	33066
110701	42056	34644	32733	32875
110743	8980	32285	32715	32707
110785	32952	32217	32710	32330
110827	22665	31937	32705	33209
110869	20132	33680	32728	32440
110911	30361	33169	32701	33145
110953	47027	34491	32711	32364
110995	44360	33323	32710	33154
111037	37857	36273	32721	32550
111079	30477	32564	32722	32744
111121	25224	32420	32719	32396
111163	27557	32017	32745	32720
111205	27126	30799	32727	33201
111247	43878	31902	32682	32624
111289	24690	32717	32712	33055
111331	26604	30383	32716	32477
111373	21031	32858	32728	32903
111415	22340	31777	32696	33024
111457	37514	31991	32717	32212
111499	49851	32353	32668	32293
111541	41740	32136	32708	32702
111583	33011	33243	32704	33123
111625	27365	30257	32720	32889
111667	27239	30847	32705	33079
111709	33358	31846	32723	31920
111751	29837	32908	32731	32641
111793	41903	33514	32686	31982
111835	3407	33971	32696	33330
111877	24432	31891	32709	32066
111919	23345	31858	32700	32973
111961	28569	33175	32716	32466
112003	38061	33739	32710	32574
112045	47920	34054	32703	32550
112087	38022	32764	32688	32336
112129	30241	32223	32734	32488
112171	29255	31115	32721	32621
112213	34301	31860	32735	32519
112255	36585	33903	32690	32885
112297	33982	33495	32694	32072
112339	27964	30974	32721	32380
112381	31358	31331	32709	32470
112423	51784	32309	32725	32587
112465	29014	32064	32730	32604
112507	33456	33248	32685	32255
112549	33026	33137	32705	32689
112591	37195	33844	32694	32774
112633	36352	32152	32713	32616
112675	31863	31069	32719	32603
112717	36687	32558	32719	32310
112752	27421	31764	32723	32501
112794	30440	33797	32712	32262
112836	30859	34090	32708	32877
112878	40863	34680	32709	32863
112920	36762	36281	32707	32799
112962	32644	34052	32752	32276
113004	21393	30838	32729	32560
113046	26451	29762	32707	33865
113088	34401	31839	32715	32914
113130	46733	32061	32703	32241
113172	41913	33175	32720	32842
113214	31583	31820	32711	33352
113256	27836	31510	32718	32446
113298	30343	32431	32712	32948
113340	35388	32951	32698	33358
113382	33063	32949	32703	31908
113424	39205	34728	32702	32230
113466	51821	37818	32724	32665
113508	21847	33260	32709	33183
113550	23960	33347	32716	32602
113592	31502	32408	32707	33200
113634	44176	32404	32701	32425
113676	45404	31761	32710	32688
113718	34542	33734	32708	33153
113760	29043	32495	32737	32227
113802	30309	31773	32723	32962
113844	34517	32533	32716	33038
113886	32221	32223	32717	32132
113928	38417	31798	32708	32337
113970	23209	29922	32726	33403
114012	23314	30593	32724	33219
114054	24405	33301	32727	32314
114096	30661	33373	32702	32843
114138	37235	34236	32711	32328
114180	46443	33444	32703	32228
114222	37437	33276	32714	32653
114264	28565	33167	32737	33345
114306	29219	31884	32739	32684
114348	34320	30939	32717	32642
114390	36501	30252	32701	32254
114432	27370	28453	32725	32488
114474	33954	31488	32718	32635
114516	6301	33349	32721	33601
114558	24296	32070	32714	32859
114600	29314	33816	32721	33109
114642	34320	34135	32720	32190
114684	39009	32668	32713	32404
114726	42145	33955	32721	32261
114768	31601	33477	32725	32982
114810	30159	31212	32729	32758
114852	35366	32969	32707	32641
114894	38424	31865	32721	32191
114936	32128	32495	32708	32756
114978	34276	32988	32729	31871
115020	30032	32817	32732	33244
115062	36330	33623	32727	32766
115104	27703	31720	32702	33159
115146	32560	33091	32714	32409
115188	33743	32586	32699	33263
115230	40188	34154	32704	33325
115272	35325	32933	32741	32622
115314	30459	32330	32707	32871
115356	34805	31558	32722	32530
115398	37540	33968	32706	32781
115440	33969	32918	32735	31816
115482	32999	33422	32720	32647
115524	30985	31336	32708	32727
115566	51675	29545	32713	31778
115608	26522	31041	32707	32446
115650	31481	31641	32702	32441
115692	35602	32407	32715	32516
115734	40644	33951	32706	32332
115776	35781	36347	32716	32420
115818	29713	33572	32725	33381
115860	33708	33462	32697	32258
115902	38137	33302	32694	32375
115944	37550	31553	32705	32184
115986	24487	29073	32712	32911
116028	33813	29081	32741	32315
116070	3	36000	32711	33319
116112	28914	34860	32727	32229
116154	33537	35507	32707	33433
116196	34085	35009	32711	31992
116238	35371	38331	32719	32170
116280	38417	35975	32711	32951
116322	31134	34901	32729	32101
116364	33580	27593	32714	32921
116406	38238	28474	32711	32968
116448	37774	36025	32701	32404
116490	34454	36043	32725	32822
116532	22804	31127	32695	32860
116574	31359	23581	32715	33042
116616	51342	27675	32717	32574
116658	32583	33860	32727	33212
116700	32358	36329	32710	32668
116742	32238	40246	32721	32884
116784	33750	39044	32720	32452
116826	36039	35153	32729	32672
116868	32288	33578	32719	32181
116910	37793	31723	32669	32450
116952	39500	30766	32719	32373
116994	36641	30571	32704	32800
117036	22871	30082	32713	32873
117078	31537	28544	32708	32596
117120	17532	31417	32694	32240
117162	30022	27551	32703	32745
117204	33755	30268	32691	32244
117246	36185	29244	32698	32490
117288	38208	34531	32716	32435
117330	36096	40089	32696	32712
117372	21429	40554	32702	33097
117414	43100	38466	32718	32307
117456	35809	26793	32712	32253
117498	40078	32398	32698	32743
117540	32156	30946	32707	32459
117582	18650	29839	32709	32857
117624	50379	34963	32723	32735
117666	25804	29713	32733	32442
117708	47109	33587	32693	31798
117750	33292	34408	32701	32347
117792	46995	12546	32701	32580
117834	40360	31219	32698	32330
117876	33878	40167	32707	32338
117918	29849	40043	32722	32546
