timestamp	ch1	ch2	ch3	ch4
10	65535	65535	33625	65535
10	21225	37641	33667	33781
10	34359	24863	33700	33824
10	38903	35007	33663	33902
17	32655	33163	33685	33672
38	36669	33214	33679	33903
59	36318	34221	33659	33739
87	41282	33621	33672	33772
122	32914	44317	33687	34147
157	19714	35917	33701	34276
171	51830	65535	33707	33507
199	20196	20639	33711	33231
227	21857	26729	33730	33448
248	29419	27378	33660	33853
269	31342	27430	33721	33608
290	38734	49397	33704	33649
311	41827	43990	33744	33476
332	41536	20572	33717	33618
360	33223	21002	33695	33775
381	33136	23016	33697	33526
402	31524	22708	33716	33471
430	34243	26217	33726	33693
451	32796	28413	33702	33893
472	32701	28813	33702	33736
493	31474	31273	33716	33729
514	31038	27962	33704	33678
535	29258	22042	33726	33811
556	36897	28612	33710	33633
577	29099	30215	33699	33607
598	27675	33450	33743	33584
619	13260	37065	33722	33788
647	22536	39083	33729	33858
668	14614	40060	33712	33698
689	17647	40251	33702	33410
710	24493	40952	33695	33597
731	28484	41716	33705	33763
752	32189	33218	33713	33792
780	41889	34910	33729	33472
801	41689	37512	33727	33515
822	39664	37314	33713	33493
843	40942	38368	33712	33664
864	44113	39699	33724	33501
892	40534	38286	33705	33717
920	38392	36393	33705	33564
948	37848	36222	33698	33841
976	37023	35215	33694	33733
1004	41214	24154	33740	33644
1032	31713	22171	33736	33628
1060	30385	29896	33717	33807
1088	46792	38189	33697	33624
1123	18429	42884	33712	33590
1151	24715	39215	33710	33566
1179	29810	39863	33710	33532
1207	33976	39699	33714	33814
1242	39272	34935	33724	33850
1277	32799	31339	33730	33617
1312	34297	27679	33717	33763
1340	34916	37627	33697	33776
1375	34546	65535	33705	33713
1403	33573	49115	33720	33530
1438	39322	33219	33722	33640
1473	30440	17574	33711	33880
1508	52718	18611	33697	33643
1543	18802	17785	33720	33733
1578	27469	22368	33714	33739
1606	34356	26606	33706	33546
1634	39624	27931	33703	33542
1669	43249	33398	33699	33466
1704	33328	35353	33712	33532
1739	31824	36658	33700	33714
1774	34200	39597	33716	33868
1809	34583	38938	33697	33647
1851	38749	37742	33720	33486
1886	31383	35499	33719	33828
1921	20018	37636	33706	34017
1949	50029	37981	33713	33636
1991	23309	37118	33705	33670
2033	33649	35332	33709	33504
2068	39500	36254	33705	33648
2110	38445	29550	33717	33590
2145	33830	27971	33701	33676
2201	33903	31826	33718	33627
2250	35158	35171	33703	33705
2285	38426	38569	33719	33604
2320	30613	37270	33713	33550
2355	49640	36597	33738	33687
2390	18272	36890	33718	33880
2425	27641	34787	33712	33848
2460	34453	33093	33725	33688
2502	41182	33479	33717	33795
2544	33475	32318	33718	33809
2579	33532	30960	33708	33677
2614	34947	33948	33723	33466
2649	34545	30944	33720	33528
2684	38011	31072	33713	33575
2733	29703	31094	33730	33822
2768	52153	31570	33727	33759
2803	18429	33072	33695	33804
2866	33485	34611	33679	33625
2901	39989	33717	33693	33679
2936	40288	33657	33715	33582
2971	33572	34497	33706	33725
3006	34199	35461	33711	33701
3041	34170	34346	33712	33775
3076	33726	32954	33724	33557
3111	39161	31814	33700	33704
3146	31859	35131	33707	33769
3181	52696	34638	33695	33696
3216	20854	33205	33691	33584
3251	27565	33827	33711	33539
3293	37548	33267	33702	33642
3328	43385	32923	33707	33437
3370	30697	34090	33719	33665
3426	33274	35319	33705	33740
3475	33922	35016	33720	33631
3517	38893	34437	33687	33703
3552	30443	36778	33696	33718
3594	49564	34085	33732	33615
3636	18062	32659	33705	33513
3685	31776	33996	33719	33572
3741	41624	32886	33720	33814
3783	32402	32828	33707	33601
3839	33904	31827	33731	33781
3902	34806	31337	33702	33559
3965	39220	34693	33718	33611
4014	30226	35514	33739	33734
4056	20703	34863	33708	33589
4112	28454	34656	33728	33664
4175	39786	34414	33700	33636
4231	34017	35217	33717	33792
4273	34164	31292	33699	33700
4322	34571	32953	33704	33821
4364	34257	33346	33694	33780
4406	34625	33747	33707	33687
4448	30734	34239	33691	33543
4497	51996	33176	33727	33626
4539	18000	33402	33671	33712
4595	33407	31212	33721	33695
4644	41329	33085	33714	33392
4693	34628	34981	33708	33587
4756	34569	33601	33739	33715
4819	33722	32211	33731	33785
4868	33400	34213	33725	33576
4910	38208	34112	33709	33902
4952	30174	34076	33679	33742
4994	51381	35639	33733	33766
5036	20442	33307	33718	33717
5085	33618	32335	33728	33503
5134	41671	33102	33725	33538
5190	33711	33170	33706	33634
5232	34547	32706	33722	33653
5274	34729	35546	33716	33536
5316	34263	33503	33714	33651
5358	33859	33093	33701	33733
5400	38595	34026	33717	33893
5449	29874	34332	33706	33909
5498	21325	33324	33726	33797
5547	26533	30849	33701	33606
5589	35916	33077	33728	33760
5638	42797	36195	33730	33702
5680	33396	35308	33728	33731
5729	34182	33074	33707	33676
5778	34020	33527	33700	33740
5820	33485	33034	33725	33694
5869	33611	33193	33703	33625
5918	33407	33123	33719	33523
5967	26553	33048	33730	33701
6009	18129	34712	33726	33673
6072	34043	33513	33720	33642
6135	42883	34359	33743	33638
6184	32249	32425	33718	33930
6247	34514	35581	33720	33551
6310	34457	34009	33727	33562
6366	39171	32387	33701	33790
6429	28788	33141	33709	33701
6499	22359	36200	33706	33707
6548	34844	35153	33710	33812
6611	42013	35160	33711	33801
6660	31729	33711	33718	33532
6709	33756	31714	33740	33546
6772	34198	32353	33712	33707
6835	39232	32740	33713	33493
6884	29915	33022	33686	33729
6954	21385	34158	33710	33616
7017	36437	32948	33718	33593
7073	40079	34420	33712	33694
7143	33397	33500	33730	33766
7192	34131	32931	33701	33661
7255	34674	34050	33703	33662
7318	30718	33955	33735	33782
7367	50318	34790	33706	33678
7416	23512	34044	33731	33604
7472	36527	34576	33691	33454
7528	40317	35051	33704	33703
7591	33935	32987	33708	33741
7640	34618	32976	33728	33681
7689	34005	31489	33714	33876
7752	37078	32911	33715	33594
7808	25440	34497	33712	33703
7857	17409	33960	33709	33793
7920	33721	34642	33710	33706
7969	41247	33962	33700	33642
8018	32781	32289	33709	33753
8081	34017	33654	33726	33776
8151	34528	34275	33701	33775
8200	39255	33843	33701	33403
8263	30421	35869	33711	33418
8312	17836	32696	33727	33645
8375	32821	32002	33704	33652
8424	41878	35589	33713	33765
8473	35459	35795	33725	33915
8522	35349	35451	33688	33995
8571	35485	31889	33721	33620
8620	35221	34345	33724	33824
8669	37812	33733	33708	33580
8718	30177	33968	33712	33740
8767	47273	32788	33725	33835
8816	23918	35060	33686	33622
8872	36729	33606	33701	33510
8921	40653	34891	33742	33611
8970	31587	32134	33691	33640
9026	33112	35312	33703	33869
9075	33515	33162	33738	33753
9145	38661	32300	33705	33732
9208	51411	33426	33719	33709
9257	20316	32962	33711	33683
9306	35046	32819	33688	33490
9369	42841	33626	33706	33616
9418	30289	32961	33713	33693
9474	33373	34997	33704	33707
9544	34137	32948	33709	33737
9614	30859	32921	33716	33786
9677	20809	33412	33698	33808
9747	32495	33575	33725	33565
9817	41841	33775	33726	33754
9880	32108	33094	33728	33722
9957	34994	32575	33723	33559
10034	35249	31835	33736	33866
10111	30065	34107	33735	33735
10181	20000	34422	33714	33748
10237	34936	33446	33728	33508
10293	42215	34156	33739	33535
10342	33743	33447	33728	33595
10398	35117	34126	33720	33671
10447	35080	34024	33692	33673
10503	35617	32838	33730	33575
10559	31157	33918	33723	33582
10608	51417	32346	33725	33649
10664	24650	34733	33706	33716
10720	36992	32426	33698	33487
10776	38463	31863	33738	33656
10832	33311	33907	33714	33771
10888	33840	32852	33718	33651
10951	33407	35013	33700	33709
11007	37950	33965	33694	33859
11070	52112	34216	33730	33738
11147	28088	33687	33696	33617
11196	38050	34291	33726	33557
11245	39455	33742	33736	33606
11294	33680	34161	33711	33500
11343	34574	34609	33709	33690
11385	34644	33251	33711	33637
11434	34128	33537	33718	33812
11476	38527	33392	33702	33649
11518	30081	32965	33685	33658
11560	49786	32379	33707	33505
11609	22118	32214	33713	33638
11651	33588	32815	33698	33529
11707	43379	33750	33727	33744
11756	32328	34377	33719	33607
11798	33723	34866	33719	33662
11854	33884	34170	33709	33564
11896	33980	33052	33727	33910
11938	34823	33210	33721	33615
11980	31607	32167	33732	33806
12022	11112	32462	33726	33676
12064	19502	33905	33716	33657
12106	27953	35095	33721	33705
12148	37211	33788	33697	33536
12190	42908	35171	33726	33552
12239	30732	35033	33707	33782
12281	33206	34773	33696	33744
12323	33871	33579	33731	33703
12400	34892	33671	33739	33649
12442	36641	33811	33728	33629
12484	30248	33106	33715	33533
12526	19535	32836	33722	33638
12568	24894	32988	33711	33721
12610	35307	33314	33727	33748
12652	43396	33937	33723	33649
12694	34424	33078	33722	33661
12743	35325	31766	33712	33693
12792	36412	32562	33719	33832
12841	35617	34206	33723	33570
12883	35316	32924	33730	33740
12932	39358	32873	33731	33730
12981	31158	33697	33708	33745
13023	21874	34656	33692	33786
13065	24063	33589	33710	33666
13107	34124	34879	33706	33587
13149	41426	36415	33718	33568
13191	33887	32063	33715	33644
13240	32981	34716	33700	33620
13282	33535	34399	33711	33598
13324	32892	36461	33714	33571
13366	32758	34901	33709	33538
13408	33524	32177	33705	33761
13450	32833	33471	33706	33645
13492	13298	32362	33718	33956
13534	19570	30079	33696	33629
13583	29434	34193	33713	33490
13646	42236	34251	33722	33710
13688	34697	35158	33709	33504
13744	33415	34377	33704	33582
13800	34242	32842	33729	33757
13863	34087	33261	33707	33480
13905	34400	34640	33709	33772
13947	31486	33120	33705	33784
13989	26017	31972	33710	33685
14052	23993	33015	33700	33739
14094	34126	33069	33716	33554
14136	42720	32086	33711	33447
14192	30157	33263	33711	33863
14255	32989	33403	33719	33936
14304	34086	32785	33715	33583
14346	34264	34994	33709	33597
14388	35444	33681	33717	33397
14444	31721	34553	33718	33646
14500	28996	34360	33713	33731
14549	26014	32310	33708	33740
14605	38328	34599	33699	33588
14661	37314	35344	33698	33743
14703	31922	36578	33734	33742
14745	33544	37176	33713	33682
14787	34076	34502	33711	33673
14829	34079	33069	33735	33820
14871	34215	31933	33691	33624
14927	34548	31626	33722	33634
14969	23851	32569	33713	33772
15032	19805	36008	33715	33654
15081	33098	33385	33699	33575
15130	42084	36928	33725	33625
15172	34362	33702	33726	33901
15214	33154	33263	33710	33610
15263	34839	32602	33739	33868
15305	33914	32656	33716	33780
15354	32298	32787	33701	33671
15410	37247	32318	33726	33666
15466	30568	32615	33741	33696
15508	27690	33119	33708	33740
15564	27710	36933	33715	33704
15627	40810	35521	33706	33559
15669	38474	36003	33713	33579
15725	33040	32890	33733	33717
15767	33907	31300	33716	33741
15823	33789	32181	33718	33758
15872	33926	36551	33703	33561
15935	38142	34288	33723	33678
15984	29976	35194	33716	33662
16026	22046	32840	33729	33641
16068	25444	31241	33706	33667
16110	35484	32879	33740	33656
16152	43970	31370	33709	33744
16194	32214	32452	33722	33735
16236	31680	33760	33730	33817
16278	33692	34666	33717	33807
16327	33588	32355	33702	33756
16383	34562	34213	33718	33815
16425	38830	33013	33714	33741
16481	29149	32995	33720	33668
16523	21725	33975	33713	33764
16572	28217	34509	33718	33549
16635	41806	33640	33732	33620
16698	30324	31396	33717	33784
16754	32981	33328	33729	33684
16803	34105	34604	33710	33616
16852	34601	34958	33729	33760
16894	39512	33693	33722	33682
16936	30465	34298	33720	33802
16971	52156	34001	33712	33771
17027	23958	34541	33722	33726
17069	34574	33431	33718	33478
17118	43138	33793	33715	33735
17153	34071	34241	33706	33696
17209	32874	34431	33710	33747
17265	33809	34396	33711	33586
17307	33596	34202	33718	33659
17349	35081	32468	33724	33823
17391	33029	34269	33702	33539
17440	33506	32591	33742	33725
17482	17164	32916	33708	33665
17524	28598	34388	33733	33659
17559	35953	33863	33719	33728
17615	42309	35265	33715	33651
17650	34019	34549	33713	33583
17692	34707	34207	33731	33633
17734	35403	33457	33720	33767
17776	34653	32840	33716	33446
17811	34370	33830	33696	33651
17853	38589	33333	33708	33747
17902	29974	32552	33716	33648
17958	19539	33385	33714	33593
18007	28101	33318	33718	33471
18049	36757	32583	33712	33625
18084	42758	31261	33734	33616
18126	32392	33720	33695	33719
18175	32051	36032	33696	33635
18217	32422	32385	33701	33492
18252	32661	33161	33723	33794
18308	33748	34088	33724	33604
18357	31224	33974	33715	33902
18392	28315	34819	33725	33792
18448	17677	36896	33715	33643
18490	30331	37958	33689	33584
18539	40947	34774	33697	33579
18581	41061	34072	33714	33755
18637	34569	32206	33709	33610
18679	35277	30793	33720	33685
18714	34997	30026	33718	33590
18749	35043	30347	33704	33730
18791	39735	31147	33689	33664
18840	30738	32041	33706	33583
18882	49000	33795	33693	33760
18924	21439	32865	33716	33864
18966	32284	33886	33712	33519
19001	39921	33577	33690	33734
19036	41703	34349	33740	33723
19078	29830	33708	33710	33668
19120	32184	33651	33707	33709
19169	32944	33262	33726	33695
19211	33085	30450	33734	33694
19260	38479	34624	33733	33685
19323	12724	35310	33732	33745
19358	21332	34930	33704	33708
19400	25646	34111	33717	33506
19435	34237	32958	33737	33588
19477	42466	34036	33711	33585
19519	35320	33457	33724	33711
19575	34238	33117	33715	33597
19631	34800	33500	33707	33726
19687	33873	33338	33728	33736
19736	35264	34292	33720	33653
19778	29987	32604	33685	33545
19834	50366	32873	33698	33484
19876	19546	36167	33724	33618
19932	34903	33218	33710	33612
19974	43012	32726	33717	33582
20009	37378	33246	33723	33797
20044	34425	34253	33710	33563
20079	35267	33705	33709	33483
20114	35228	32329	33691	33630
20149	34606	33616	33709	33728
20184	33844	34527	33725	33679
20219	34884	35247	33718	33710
20261	32868	34383	33730	33777
20296	29375	35756	33734	33499
20345	18885	34327	33705	33669
20401	30430	34566	33685	33693
20443	38748	34222	33729	33573
20499	36868	32843	33738	33677
20562	33607	32815	33683	33730
20625	34587	32237	33711	33567
20667	34873	34901	33716	33678
20702	35504	32887	33730	33699
20758	29975	33851	33704	33667
20800	52025	34346	33725	33802
20856	22711	34345	33691	33850
20905	34090	32277	33714	33544
20947	41862	34297	33713	33749
20989	31332	33591	33698	33679
21045	31653	32568	33671	33579
21101	33079	34126	33728	33748
21157	34692	32318	33723	33638
21199	38840	34381	33717	33750
21241	32196	34012	33721	33705
21297	18886	34136	33706	33492
21339	29487	34246	33714	33659
21388	40861	32263	33725	33469
21430	42584	33122	33710	33583
21472	33438	34175	33709	33762
21514	35260	35114	33719	33457
21563	35136	34221	33715	33764
21619	35491	34090	33713	33785
21668	30608	33861	33711	33652
21710	33536	33504	33728	33849
21752	17387	34387	33719	33601
21794	27847	33555	33713	33623
21829	35364	33237	33728	33761
21871	42600	32419	33700	33469
21906	33069	32918	33732	33879
21948	32434	35137	33711	33650
21990	33525	33309	33727	33688
22025	33620	33356	33706	33682
22067	33928	33455	33736	33568
22109	38779	33732	33691	33703
22144	30389	32587	33700	33644
22186	49461	34325	33722	33767
22228	20302	32860	33683	33600
22263	30125	33695	33720	33488
22305	38062	33263	33711	33659
22347	41141	33081	33726	33617
22403	33497	32729	33720	33694
22445	34144	33355	33722	33546
22501	34129	32224	33725	33789
22557	36237	33257	33708	33805
22599	30870	33162	33700	33649
22634	11796	34588	33717	33880
22676	18800	33479	33708	33852
22739	32666	32921	33720	33677
22774	39193	32384	33683	33640
22816	41266	34796	33721	33627
22858	33585	34905	33716	33840
22914	34541	33717	33735	33639
22956	34375	34868	33718	33790
23005	33894	34014	33707	33566
23061	33005	33155	33727	33556
23103	22027	32937	33708	33596
23138	19735	34015	33717	33505
23180	25398	33059	33719	33668
23222	35281	32320	33703	33675
23271	43909	33203	33705	33748
23313	32337	33958	33731	33723
23348	32754	33883	33742	33631
23390	33715	33700	33721	33745
23432	33776	33355	33724	33579
23488	35158	32822	33718	33687
23530	30871	33437	33733	33790
23586	50764	34990	33725	33473
23635	23469	33421	33714	33539
23691	36412	36449	33744	33724
23733	43261	33795	33730	33671
23782	31654	32392	33715	33785
23824	33811	32446	33726	33630
23873	34417	34185	33703	33434
23922	34159	35275	33716	33689
23971	38809	34143	33721	33634
24027	20117	34135	33706	33899
24076	18298	32339	33722	33814
24118	28635	32440	33706	33942
24160	36864	34244	33723	33704
24195	42942	32864	33706	33543
24230	34695	32987	33723	33735
24272	33875	32494	33723	33486
24314	34363	33355	33714	33712
24356	34083	33531	33712	33647
24405	33408	33010	33696	33796
24447	37993	32473	33725	33606
24489	30022	32950	33714	33720
24538	21550	33555	33739	33723
24594	28954	34434	33727	33708
24636	37368	35003	33706	33709
24685	41337	34512	33725	33610
24727	33730	36071	33731	33669
24762	34242	33242	33725	33731
24818	34144	33598	33715	33631
24867	33779	33881	33710	33502
24909	38224	33493	33716	33653
24958	30138	32746	33727	33748
25007	49212	34288	33719	33629
25056	24423	32762	33703	33763
25112	36791	32209	33722	33645
25161	41511	32728	33736	33480
25203	33089	32811	33730	33871
25259	34356	34801	33703	33765
25315	34245	33611	33712	33701
25371	33951	34246	33729	33554
25427	31766	33245	33734	33743
25483	51520	32837	33744	33573
25539	23551	30315	33727	33613
25595	36702	32795	33694	33546
25651	40207	36081	33749	33766
25693	31498	34803	33718	33791
25735	33512	34795	33710	33671
25777	33471	33360	33707	33812
25819	33713	33590	33708	33900
25875	37067	34545	33707	33471
25910	31451	34419	33718	33592
25952	12781	34869	33703	33666
25994	19156	32258	33702	33702
26029	26566	33146	33694	33748
26064	34689	32927	33704	33652
26106	42336	31378	33685	33513
26141	37118	31931	33712	33621
26183	32138	32025	33703	33659
26225	34350	35713	33715	33676
26274	33809	33584	33705	33687
26309	34330	33812	33732	33508
26365	39433	34040	33741	33525
26414	30435	32683	33715	33752
26470	20087	31764	33737	33747
26547	34367	36589	33702	33306
26603	43441	34413	33714	33670
26659	33070	35045	33720	33737
26701	34388	34786	33699	33508
26743	34270	34812	33696	33555
26785	33271	33971	33720	33721
26820	32440	33560	33693	33568
26855	35188	33710	33716	33603
26897	28416	32148	33726	33538
26939	52731	33799	33736	33754
26981	14116	32853	33708	33626
27023	26818	33160	33702	33711
27086	39826	32826	33712	33550
27135	34727	33395	33699	33745
27198	36306	32680	33733	33786
27233	37323	31469	33706	33575
27275	37852	35989	33704	33771
27317	38063	33539	33702	33812
27359	42323	36288	33686	33723
27401	34285	35331	33704	33754
27443	52577	36072	33731	33732
27485	20157	36331	33699	33669
27527	31857	33052	33696	33749
27569	38772	31974	33712	33362
27611	40985	33423	33736	33737
27667	31636	31878	33709	33660
27723	31498	32185	33710	33837
27772	31265	34461	33704	33681
27828	31521	34120	33719	33549
27891	28217	33674	33689	33713
27933	48599	34794	33720	33773
27975	17093	33657	33702	33558
28017	27966	32993	33724	33631
28059	37552	33836	33717	33656
28108	39918	34033	33722	33627
28164	32210	33285	33707	33858
28213	35112	33850	33743	33605
28276	35519	33536	33691	33604
28332	39219	33780	33702	33705
28374	31526	33862	33721	33555
28416	19680	35782	33708	33793
28458	26172	33897	33723	33587
28507	37162	32769	33712	33825
28549	44200	33294	33712	33637
28591	30805	33520	33717	33704
28633	32005	33980	33705	33671
28682	33734	32444	33700	33511
28731	33938	33904	33703	33562
28773	39558	34040	33701	33656
28829	29688	32686	33719	33851
28878	19250	32150	33721	33555
28934	31678	33707	33723	33760
28976	39414	34783	33725	33464
29032	34428	34556	33720	33705
29074	33252	33783	33715	33724
29123	34477	33480	33736	33668
29172	34401	33415	33698	33666
29228	38955	34666	33744	33670
29270	30751	33569	33717	33874
29326	29517	34736	33717	33715
29368	23179	32760	33707	33729
29410	33973	33598	33705	33598
29452	41663	32819	33737	33677
29508	33277	32838	33691	33607
29550	33698	32821	33721	33510
29592	34036	33406	33718	33669
29634	33993	33890	33730	33717
29683	34630	33189	33693	33737
29725	30897	33569	33714	33915
29781	50392	33129	33716	33690
29837	24204	33204	33710	33790
29879	34165	33815	33695	33763
29928	42417	32561	33716	33624
29970	32965	32965	33729	33611
30012	33452	34088	33715	33632
30061	34381	34883	33712	33538
30117	34271	38703	33737	33788
30173	35120	34885	33717	33542
30236	30585	33322	33686	33570
30292	19410	31145	33697	33732
30348	30657	32164	33707	33530
30404	41661	34512	33708	33654
30446	36461	35057	33727	33828
30488	32934	33576	33697	33648
30530	33732	35931	33698	33709
30572	34065	33766	33718	33784
30621	33778	32423	33714	33712
30677	38106	34578	33714	33537
30733	28913	33168	33721	33517
30789	18252	32548	33711	33724
30838	31268	34908	33723	33693
30887	41969	33001	33723	33834
30929	37006	34123	33708	33527
30971	32065	35226	33700	33807
31013	33611	33010	33727	33750
31055	33582	34427	33709	33567
31097	33565	34515	33680	33610
31153	39079	33065	33694	33723
31209	20909	33858	33703	33703
31265	18416	32640	33736	33636
31307	30811	33383	33680	33584
31349	39423	32992	33709	33560
31391	41134	34566	33710	33809
31440	31869	35162	33732	33782
31482	34084	34333	33736	33601
31524	34290	33032	33707	33658
31566	34224	33512	33700	33696
31608	39271	32663	33706	33733
31664	29754	33682	33701	33698
31720	18145	34318	33704	33659
31769	31968	35218	33708	33520
31839	44443	34178	33726	33653
31881	30739	33501	33700	33673
31923	32597	34241	33720	33654
31965	34143	33098	33714	33632
32007	34080	32968	33697	33656
32056	35251	33589	33701	33588
32098	32618	33255	33717	33676
32140	18469	32813	33707	33783
32189	17996	34089	33708	33688
32238	30655	33433	33702	33761
32280	39209	34213	33706	33542
32322	40622	32318	33734	33500
32378	32271	31488	33701	33737
32420	33971	33266	33730	33578
32462	34306	34494	33713	33622
32504	34210	34609	33714	33633
32546	34454	33962	33719	33651
32588	36178	33209	33708	33593
32637	16327	32879	33734	33989
32679	19301	33632	33736	33614
32728	29269	31981	33706	33553
32770	37201	34459	33707	33659
32812	43271	34214	33731	33724
32854	32519	35017	33708	33717
32896	32895	35486	33724	33496
32938	34446	33826	33723	33666
32987	34054	33064	33709	33872
33029	34087	33448	33742	33786
33071	37909	34091	33727	33783
33113	30730	33628	33720	33806
33162	50532	32610	33702	33723
33211	22783	33735	33724	33695
33260	34789	32888	33700	33678
33316	43358	33589	33712	33586
33358	32345	34265	33720	33605
33414	33889	34343	33718	33610
33470	34369	31040	33710	33554
33512	34316	32413	33724	33861
33568	35802	33210	33700	33609
33624	30401	34068	33704	33626
33680	21759	33187	33712	33506
33736	28819	31804	33717	33555
33778	36904	33579	33735	33553
33820	42794	34131	33733	33446
33862	32769	32974	33726	33596
33904	33965	34374	33697	33646
33946	34969	35285	33722	33878
33988	34791	32911	33705	33521
34037	34164	33447	33717	33612
34093	35895	33073	33708	33608
34142	15484	33265	33692	33967
34184	19874	34129	33695	33684
34226	27749	33850	33707	33548
34268	37034	33125	33715	33458
34310	44975	33671	33718	33688
34352	31126	34542	33712	33646
34401	33016	35394	33681	33583
34450	34227	32312	33733	33598
34506	34041	32787	33703	33748
34562	33544	34878	33697	33727
34604	26488	33031	33719	33686
34646	19071	25263	33710	33831
34688	26595	33133	33692	33833
34730	37206	35831	33760	33672
34772	45817	35934	33724	33569
34828	30924	36644	33699	33650
34877	33916	36169	33704	33635
34919	33978	34496	33724	33742
34961	34608	40530	33730	33624
35010	33325	34401	33712	33702
35080	48985	30816	33713	33783
35129	24005	27202	33769	33692
35171	34609	31258	33718	33864
35227	43904	33651	33731	33757
35269	30848	33764	33717	33638
35311	32751	34383	33703	33693
35353	34145	35313	33671	33670
35395	33975	34090	33729	33766
35437	34750	33383	33704	33670
35479	34969	34656	33696	33608
35535	52391	37574	33725	33568
35577	17626	31019	33718	33657
35626	31246	30795	33676	33688
35682	42664	33215	33707	33708
35752	32489	34613	33739	33633
35815	34710	34554	33719	33570
35871	34508	33529	33707	33528
35927	34056	34149	33729	33819
35976	37013	34172	33685	33719
36018	30272	34713	33738	33567
36060	20783	37216	33722	33694
36102	24431	36078	33792	33715
36144	33614	31211	33770	33673
36186	41801	30345	33685	33748
36235	32957	31319	33675	33715
36277	33455	31419	33723	33662
36319	34296	34054	33713	33675
36361	33880	32834	33706	33712
36403	34184	33603	33697	33825
36445	33985	34038	33708	33634
36494	36643	33233	33692	33636
36550	12496	39806	33700	33658
36613	21569	39194	33738	33836
36669	36160	65535	33713	33651
36711	43725	10013	33709	33671
36774	31730	33566	33779	33631
36830	34271	35981	33708	33605
36886	34751	37815	33712	33797
36942	33768	65535	33723	33532
36984	34151	18932	33706	33718
37040	30538	14636	33729	33614
37082	44886	34666	33742	33615
37138	22361	33923	33662	33499
37180	32340	17216	33740	33687
37222	42614	35074	33696	33652
37264	35497	24023	33718	33892
37327	31912	37987	33718	33563
37383	33159	15759	33717	33698
37446	33963	28837	33713	33661
37509	36251	38156	33716	33465
37572	30884	37036	33716	33540
37621	50241	36722	33692	33756
37663	22949	33952	33712	33626
37719	36804	34466	33709	33612
37761	45210	35292	33724	33691
37803	29530	33305	33713	33787
37845	31971	35016	33705	33680
37887	33260	33720	33702	33795
37929	33606	33689	33727	33768
37971	34404	35345	33725	33724
38013	34146	32578	33724	33629
38069	37926	31509	33710	33709
38125	13999	34497	33696	33732
38181	18966	33722	33719	33762
38223	31004	32961	33727	33591
38279	43682	36694	33687	33562
38335	30073	34425	33704	33733
38398	32706	27283	33708	33830
38440	34215	33105	33705	33826
38482	34354	35471	33692	33661
38531	34873	34553	33723	33697
38573	34468	37044	33728	33788
38615	38811	38439	33710	33480
38657	30213	34337	33703	33751
38699	45247	35318	33698	33874
38741	22409	30272	33678	33725
38790	34913	40174	33683	33655
38832	44075	65535	33697	33712
38874	34089	38710	33765	33607
38930	32881	14583	33728	33666
38972	34884	21574	33739	33570
39035	34353	27872	33714	33578
39077	34580	32712	33712	33512
39126	34481	37071	33807	33640
39182	31266	37410	33712	33670
39224	34937	39110	33695	33617
39273	19350	35349	33725	33703
39315	30433	35469	33750	33569
39357	39767	34875	33751	33605
39413	34185	34004	33709	33693
39469	31608	34891	33708	33613
39511	33298	34812	33687	33786
39567	33984	33396	33708	33719
39609	33976	34401	33733	33743
39658	35085	32829	33798	33859
39707	31316	33885	33732	33579
39749	52653	37944	33709	33604
39791	18184	30462	33709	33882
39840	31917	32519	33725	33829
39889	42496	30696	33697	33663
39945	30929	32213	33705	33849
39994	31394	34137	33727	33795
40050	34044	34064	33699	33765
40113	34599	33194	33731	33433
40162	34495	35222	33708	33643
40218	33053	32827	33707	33819
40260	15078	34558	33710	33766
40302	19296	36211	33712	33525
40358	30477	33495	33698	33736
40407	41072	30869	33757	33566
40449	39667	31382	33738	33620
40498	31716	32992	33681	33816
40540	33869	34051	33726	33669
40603	33704	29352	33719	33654
40652	34375	31603	33699	33708
40694	35319	37396	33727	33587
40743	34973	35608	33710	33536
40785	25050	33717	33732	33727
40841	17592	30542	33725	33516
40890	32160	35537	33699	33702
40953	44816	34531	33738	33821
41016	28591	33448	33722	33652
41058	31141	33527	33701	33744
41100	30667	34549	33712	33507
41142	30073	33069	33713	33691
41205	33157	32417	33712	33757
41268	32376	33706	33719	33792
41324	48730	34087	33722	33531
41366	24705	32307	33723	33475
41408	35938	30863	33691	33619
41457	45868	34440	33711	33514
41513	32500	32386	33704	33622
41583	34673	35232	33706	33771
41646	33015	34446	33709	33691
41695	35213	35014	33707	33725
41751	30931	32025	33705	33743
41800	51495	34006	33687	33620
41849	22670	32044	33718	33475
41912	37315	34729	33684	33597
41975	37302	34324	33662	33835
42017	30639	33904	33715	33625
42080	33888	34729	33751	33411
42136	33661	35134	33712	33507
42185	41213	34036	33684	33895
42248	24134	34925	33712	33675
42304	22191	28676	33724	33576
42353	31986	30601	33696	33617
42395	40812	35641	33682	33763
42437	35591	35626	33688	33638
42486	31191	65535	33680	33573
42549	32489	31160	33719	33810
42598	34310	41638	33691	33875
42661	36850	4560	33717	33837
42731	52261	29271	33705	33722
42801	27787	43101	33692	33812
42864	40799	46484	33706	33718
42927	31897	43000	33702	33686
42997	36074	36249	33695	33616
43060	35293	33639	33674	33613
43116	39361	33760	33704	33712
43158	32782	30981	33701	33741
43214	18623	30092	33688	33844
43270	29134	30821	33699	33760
43312	40625	30791	33759	33609
43361	37824	32092	33689	33541
43403	33114	34017	33717	33866
43445	34879	32978	33734	33602
43487	33251	33392	33781	33667
43529	36698	35566	33694	33546
43571	32584	34740	33693	33759
43620	36065	37460	33717	33557
43669	17952	32235	33731	33796
43725	33141	32237	33772	33624
43795	40560	32898	33685	33597
43851	28314	32813	33729	33517
43907	33267	31313	33720	33551
43956	33305	33884	33686	33597
43998	34508	35633	33701	33794
44040	31472	34832	33772	33828
44103	48780	31154	33688	33553
44159	24737	31275	33704	33563
44215	36063	65535	33746	33600
44271	40422	65535	33657	33629
44348	32790	25685	33693	33637
44418	33257	26425	33703	33654
44467	32638	27802	33692	33677
44530	30512	35301	33793	33555
44600	18502	33373	33703	33605
44656	29875	33108	33729	33679
44719	44224	36470	33698	33701
44782	35206	36368	33696	33622
44845	34712	35531	33694	33824
44901	35785	34816	33733	33751
44950	34301	33564	33724	33814
45020	30186	32525	33724	33698
45076	17296	31278	33714	33710
45139	33885	33026	33691	33737
45202	43626	34646	33697	33664
45272	30611	34729	33705	33479
45342	32660	32721	33699	33782
45412	38551	33217	33704	33802
45475	30785	33503	33701	33791
45538	20121	32864	33720	33633
45601	35749	35518	33773	33677
45657	44944	34343	33718	33535
45713	32713	34465	33689	33755
45762	32741	31520	33711	33620
45825	33482	33562	33711	33829
45867	35291	33990	33709	33564
45909	33495	33663	33697	33613
45958	16929	32933	33704	33497
46000	17483	36891	33749	33742
46049	27466	37937	33704	33578
46091	33926	31852	33721	33688
46133	38181	38186	33677	33675
46175	32376	41048	33705	33665
46224	39731	30850	33679	33675
46294	41635	30961	33694	33665
46336	37485	34257	33702	33599
46399	28637	31706	33698	33719
46455	17974	29474	33683	33578
46518	29443	35330	33692	33801
46581	42673	34876	33686	33584
46644	31182	33466	33704	33585
46700	32258	23361	33722	33743
46763	34266	36924	33756	33630
46826	31256	39933	33697	33516
46882	50639	45927	33712	33632
46924	21894	44305	33713	33658
46994	37768	30084	33710	33774
47036	41891	28404	33701	33549
47078	31133	29186	33757	33775
47120	33574	29618	33702	33636
47183	34739	30749	33705	33827
47253	32109	34546	33710	33688
47295	29766	35978	33704	33629
47344	19436	32331	33736	33917
47400	34608	33702	33729	33798
47442	41746	36130	33682	33656
47498	33161	35376	33706	33817
47540	33873	36702	33676	33788
47582	34349	34575	33696	33583
47631	33912	32086	33707	33732
47694	30708	33843	33754	33640
47757	22283	32604	33713	33621
47799	23566	32839	33682	33629
47855	35838	33607	33687	33609
47918	37438	31077	33722	33586
47974	33252	34972	33688	33726
48016	34005	33882	33803	33591
48072	33816	35152	33700	33447
48128	37630	31547	33699	33567
48184	11029	31869	33693	33577
48233	17920	32833	33709	33608
48303	35152	31708	33701	33623
48359	42255	33468	33704	33776
48415	33203	36693	33706	33688
48464	33616	35471	33716	33768
48513	33252	34898	33708	33415
48562	33521	33907	33719	33741
48604	34939	38190	33716	33629
48646	30243	34027	33716	33568
48702	17955	31086	33713	33540
48758	31795	32217	33724	33769
48800	39976	32495	33710	33751
48849	37240	33433	33702	33857
48891	34394	32463	33723	33638
48940	35179	34351	33754	33705
48982	35268	34971	33713	33679
49024	35323	33749	33720	33643
49080	31150	31697	33764	33584
49136	49829	36062	33699	33367
49178	20745	33856	33686	34019
49220	31415	32864	33782	33676
49276	41428	32712	33703	33696
49325	29835	33058	33682	33809
49374	31602	33556	33711	33669
49416	32310	32809	33718	33697
49465	32238	33632	33709	33713
49521	34442	34702	33723	33841
49563	29244	35139	33691	33572
49612	18165	32376	33704	33834
49661	30837	33954	33717	33677
49703	40657	32919	33711	33919
49745	44680	31918	33714	33555
49787	33294	34696	33723	33519
49850	35640	35150	33718	33530
49906	35709	33456	33707	33646
49948	40240	34022	33736	33829
49990	30756	32541	33717	33782
50032	50736	37469	33730	33601
50074	18122	33129	33721	33682
50116	30088	33784	33710	33623
50165	40438	32763	33705	33465
50207	37250	32851	33723	33679
50249	30513	33449	33731	33710
50298	32995	32705	33728	33489
50340	33970	33373	33673	33865
50382	33369	32609	33727	33677
50424	34558	31686	33709	33584
50466	35377	33527	33709	33530
50508	30130	32693	33742	33756
50550	22270	30000	33694	33716
50592	24832	33510	33748	33646
50634	34582	32395	33720	33834
50676	41902	33073	33700	33808
50725	33664	34853	33719	33781
50767	33829	33621	33689	33742
50809	34052	34243	33710	33645
50851	34445	34659	33729	33747
50893	33335	33863	33727	33688
50935	32452	35412	33746	33811
50984	36521	34806	33739	33750
51033	28788	32804	33718	33838
51089	16122	30998	33718	33618
51131	27785	31697	33733	33847
51194	40836	34015	33796	33672
51250	34731	33270	33704	33573
51299	36030	33693	33697	33622
51341	36548	34606	33673	33543
51383	36307	36579	33722	33672
51425	36438	33694	33727	33699
51481	36067	33512	33696	33747
51523	35067	31964	33728	33598
51572	15617	41696	33718	33406
51614	20298	33712	33702	33701
51656	26932	31219	33722	33546
51698	34600	31246	33711	33763
51747	42001	32492	33716	33885
51789	31370	32188	33736	33661
51845	33209	33466	33731	33456
51908	33942	33976	33716	33777
51957	33873	34461	33705	33693
52006	36191	34589	33708	33469
52062	29685	35333	33699	33561
52104	48849	35137	33727	33714
52160	25729	33182	33717	33498
52209	36236	33881	33717	33533
52251	44038	34482	33709	33623
52293	32705	35332	33720	33680
52335	33568	33195	33719	33717
52377	34129	34774	33713	33695
52419	33837	33119	33707	33924
52468	33830	32456	33717	33698
52510	39948	31702	33713	33844
52552	30408	33193	33725	33728
52594	50854	35119	33713	33674
52636	21755	33400	33703	33501
52678	32325	33608	33719	33659
52734	43744	34665	33725	33738
52783	30558	34738	33699	33966
52825	32553	35201	33691	33658
52867	33038	33812	33710	33574
52909	34157	32255	33704	33787
52958	35574	32471	33720	33530
53021	29946	32851	33716	33663
53070	19998	33439	33689	33837
53126	30293	31283	33732	33575
53182	41423	35241	33725	33565
53224	37278	34176	33703	33803
53266	30034	33405	33720	33766
53322	33400	35299	33728	33810
53378	33735	33418	33731	33554
53427	39019	34519	33708	33652
53469	30051	33252	33704	33464
53511	50902	33934	33721	33540
53553	21321	31132	33701	33501
53595	31489	33644	33719	33897
53644	41103	33082	33720	33466
53707	30495	32935	33713	33729
53763	33612	34167	33690	33750
53819	34729	34798	33730	33647
53875	36980	32452	33723	33825
53924	33587	35074	33684	33717
53980	52749	36959	33726	33676
54029	22659	36824	33722	33431
54085	36756	34917	33716	33733
54141	44760	33754	33715	33627
54204	35886	32749	33701	33813
54253	35794	32584	33716	33614
54295	34441	33041	33709	33582
54337	32927	31785	33722	33357
54379	34220	35121	33723	33685
54435	28318	33265	33722	33688
54477	44307	32075	33733	33694
54533	23070	32177	33706	33685
54575	33118	33152	33703	33604
54631	41847	34218	33703	33489
54694	32692	31276	33698	33887
54736	33453	31089	33723	33505
54785	33538	32110	33712	33637
54834	34058	32956	33742	33539
54876	34455	32670	33718	33605
54925	32520	34287	33701	33786
54967	12274	34199	33710	34024
55009	20237	33901	33719	33751
55079	33586	35751	33701	33524
55135	42967	34856	33731	33691
55191	32306	34113	33732	33510
55247	34293	33049	33719	33763
55310	35349	33762	33699	33671
55352	34787	34897	33723	33559
55394	34582	34262	33729	33654
55436	36204	33889	33707	33820
55478	30167	33356	33728	33680
55520	21163	33788	33708	33769
55562	25685	33488	33709	33504
55604	35067	34581	33703	33542
55646	42707	33057	33693	33680
55688	32653	34435	33712	33726
55737	32577	33398	33711	33764
55786	33919	33585	33713	33677
55842	34332	31664	33687	33730
55898	34792	34778	33742	33787
55947	33041	36321	33710	33765
55989	18070	31923	33727	33831
56031	19599	32314	33700	33824
56080	28980	35015	33714	33620
56157	44524	34854	33698	33628
56220	30640	34757	33733	33653
56262	33911	34143	33738	33785
56318	34861	32597	33685	33792
56360	35216	32603	33722	33717
56416	38145	33237	33698	33682
56472	31438	33695	33717	33813
56528	21667	34349	33710	33687
56584	29922	33156	33722	33545
56640	41243	32735	33732	33787
56696	32859	31926	33717	33636
56752	33102	32755	33718	33895
56822	33392	32453	33720	33830
56864	33581	33986	33727	33464
56906	33653	33733	33721	33592
56948	37652	35452	33707	33702
57004	11273	34772	33727	33716
57053	17898	32854	33704	33616
57109	32056	34556	33695	33582
57151	39300	33802	33698	33597
57207	34405	33065	33707	33686
57249	33727	34542	33714	33613
57291	34144	34738	33693	33727
57333	33905	33821	33710	33825
57375	34297	33564	33705	33615
57417	34068	32006	33728	33726
57459	38060	31698	33725	33659
57501	30547	33065	33707	33848
57543	50977	34770	33716	33794
57599	24815	32910	33707	33597
57641	34263	33430	33716	33554
57683	42166	34888	33729	33662
57739	33193	33189	33727	33767
57795	34430	33581	33705	33637
57851	33997	33643	33728	33633
57907	33835	33307	33723	33723
57949	33990	33411	33701	33776
58005	30608	32901	33716	33610
58068	29434	33241	33718	33699
58124	27106	33683	33717	33645
58173	36825	33655	33725	33626
58229	38839	33677	33696	33775
58285	31791	32987	33715	33609
58341	32832	31881	33714	33605
58383	33155	32560	33712	33801
58439	34018	34624	33695	33761
58481	38610	32825	33715	33586
58537	31191	33853	33712	33657
58579	20368	35730	33719	33791
58621	25466	35235	33726	33634
58670	37022	34460	33729	33552
58712	45965	34192	33722	33617
58754	33070	35543	33733	33670
58810	34645	35145	33709	33738
58859	35117	34417	33703	33650
58901	34913	34103	33693	33662
58943	38353	33830	33720	33575
58992	30977	32324	33728	33568
59041	48319	31641	33732	33515
59104	28425	32826	33718	33458
59167	40889	33544	33719	33770
59230	29040	34735	33705	33560
59279	32187	33827	33701	33649
59321	33589	33861	33713	33610
59363	33893	33534	33711	33579
59405	39437	32363	33711	33793
59468	30212	32458	33691	33863
59531	19972	34654	33697	33556
59587	34283	32774	33705	33571
59643	43955	34298	33707	33716
59692	31628	32797	33728	33388
59734	32982	33112	33713	33673
59769	34016	33202	33714	33772
59811	34037	33942	33705	33596
59853	35287	33897	33742	33666
59902	31504	34274	33716	33799
59944	16735	34719	33732	33844
59986	18508	33371	33726	33559
60035	29432	34092	33703	33563
60084	39274	34437	33711	33491
60133	38284	34175	33713	33748
60175	33248	34197	33703	33738
60210	33931	34073	33714	33577
60259	34255	33329	33703	33832
60301	33793	33514	33740	33875
60343	35162	34521	33715	33679
60378	32571	33707	33718	33716
60434	52107	32696	33721	33693
60476	18649	33551	33695	33476
60518	30724	33486	33735	33526
60553	36802	33553	33731	33748
60588	43253	34719	33700	33508
60630	33859	32744	33724	33726
60679	33836	34317	33716	33705
60728	34174	32726	33720	33773
60777	33388	33443	33714	33606
60826	34675	32811	33716	33807
60882	30555	33261	33743	33725
60931	52135	34026	33715	33625
60973	19553	33360	33711	33537
61043	36699	34582	33721	33643
61092	43454	34561	33707	33603
61134	31853	33015	33711	33921
61183	33064	33720	33719	33752
61239	33424	31165	33729	33473
61302	33152	35160	33698	33656
61358	30257	35828	33712	33520
61421	52482	34659	33714	33575
61463	20706	34460	33721	33533
61505	32257	31666	33711	33471
61547	41758	34163	33702	33574
61589	38624	35532	33707	33820
61631	33036	35184	33717	33553
61673	35982	33850	33731	33504
61715	36073	33047	33713	33576
61764	36247	30775	33719	33678
61806	40639	32030	33712	33824
61848	32047	33302	33730	33736
61890	49458	34796	33693	33705
61946	26524	34581	33709	33549
62002	37960	34155	33709	33544
62065	34094	32068	33709	33753
62128	32552	33512	33723	33596
62191	32892	33258	33705	33613
62254	33499	33650	33703	33916
62317	30578	32015	33728	33561
62380	31316	32913	33719	33667
62436	26706	34374	33728	33708
62499	39425	34475	33706	33724
62555	34842	34385	33725	33693
62618	33914	33396	33717	33470
62667	34123	31295	33725	33749
62737	33308	34339	33717	33476
62779	37527	34192	33720	33680
62821	29763	34067	33702	33547
62877	49663	33338	33711	33702
62919	22292	32773	33715	33688
62961	32805	33632	33717	33459
63010	41635	34853	33759	33554
63052	35335	34459	33727	33641
63108	34306	32667	33702	33606
63171	35164	34104	33700	33634
63227	35099	34442	33719	33584
63283	39703	34017	33728	33625
63325	31766	33691	33706	33783
63374	21962	33196	33728	33784
63416	26467	34337	33695	33715
63458	35701	32491	33727	33604
63507	44607	34000	33711	33790
63549	31975	32884	33719	33604
63591	33081	33560	33700	33634
63633	33853	32446	33729	33682
63675	32990	32670	33720	33583
63738	37388	33568	33739	33768
63794	28975	32269	33721	33709
63836	48541	34302	33699	33750
63878	23383	32242	33705	33624
63920	33699	33177	33707	33501
63962	41849	31783	33716	33578
64004	35372	32493	33697	33613
64046	32160	32786	33708	33751
64095	34404	33526	33723	33743
64137	34326	31560	33716	33534
64179	34606	34739	33704	33611
64221	37200	33460	33729	33779
64263	30609	33689	33704	33396
64305	20751	34132	33691	33658
64347	24806	34917	33712	33554
64403	36658	35061	33702	33762
64459	39743	33430	33721	33617
64522	33408	32587	33739	33644
64578	33786	36726	33710	33707
64620	34208	34754	33727	33671
64669	36594	34461	33716	33641
64718	30843	32937	33737	33554
64760	51946	34088	33717	33731
64823	25488	33061	33689	33419
64879	37078	31149	33706	33634
64942	36918	33656	33702	33670
65005	33845	34456	33695	33619
65061	33873	34908	33720	33611
65117	33749	33933	33739	33512
65159	38459	33870	33733	33730
65215	29754	33449	33708	33719
65271	18137	32903	33717	33531
65327	32130	33463	33717	33612
65383	42086	33754	33701	33735
65439	34068	32411	33727	33613
65488	34707	32211	33691	33532
65537	34329	34568	33705	33651
65593	33430	33165	33727	33556
65642	36901	34139	33693	33764
65691	28119	36123	33681	33630
65747	16288	34815	33705	33519
65803	28761	32638	33739	33792
65845	37433	32262	33723	33464
65894	37805	31203	33731	33685
65936	32690	33543	33720	33571
65978	35463	33504	33704	33881
66027	36518	34295	33706	33711
66069	37742	36928	33725	33738
66111	43531	35929	33707	33789
66167	31012	33775	33704	33775
66223	21416	34689	33734	33851
66279	35487	33375	33695	33418
66335	44140	33512	33741	33778
66391	29896	33425	33717	33541
66433	31053	33330	33714	33585
66475	30656	31732	33716	33733
66517	30911	31784	33725	33499
66566	36510	32739	33696	33586
66608	28474	31708	33694	33738
66664	19016	32724	33743	33673
66713	25729	33272	33725	33533
66755	35535	34051	33728	33594
66811	42750	34128	33706	33668
66853	32239	34676	33703	33652
66895	34184	34636	33740	33638
66951	35289	32678	33725	33787
66993	35488	34559	33738	33606
67035	38415	34155	33710	33580
67077	30788	32394	33697	33499
67119	51802	33020	33711	33821
67161	18196	36248	33714	33610
67203	30180	34519	33702	33587
67245	38065	33592	33726	33481
67287	42517	34368	33720	33768
67329	31827	33543	33738	33829
67378	33456	33338	33709	33959
67420	34846	33047	33716	33736
67469	34553	33486	33684	33841
67518	35290	31669	33706	33644
67560	31316	32474	33692	33812
67602	22437	34651	33734	33752
67651	17338	33936	33716	33792
67707	32941	33642	33725	33656
67763	43136	33464	33698	33795
67812	33980	35011	33722	33710
67854	34484	34842	33696	33716
67896	35358	34336	33709	33652
67959	34338	32481	33704	33668
68029	37827	31135	33713	33683
68092	10600	32139	33711	33813
68148	18913	31681	33712	33746
68204	33635	34814	33712	33611
68260	43369	34118	33710	33709
68316	32086	33698	33698	33612
68358	33609	33896	33724	33719
68407	33618	32372	33722	33598
68449	34330	34390	33699	33623
68491	34684	34656	33709	33894
68533	34601	32514	33687	33709
68575	28383	35486	33701	33826
68617	21349	34583	33698	33491
68659	26545	35027	33698	33620
68701	36430	33755	33721	33464
68743	44406	33711	33714	33591
68785	32558	32714	33718	33870
68841	33597	33796	33711	33565
68904	33503	34679	33731	33867
68960	34019	33349	33721	33812
69002	35421	34183	33717	33780
69051	14871	33058	33715	33872
69107	16401	32093	33734	33660
69149	29130	32686	33699	33544
69191	37962	32296	33729	33422
69233	41096	32641	33721	33522
69275	32015	33736	33716	33622
69317	34270	34164	33738	33766
69359	35460	34459	33716	33666
69408	35833	36058	33696	33553
69457	41547	36164	33705	33524
69499	33090	34348	33699	33541
69541	52710	34515	33703	33689
69583	19969	33488	33683	33615
69632	32979	34483	33721	33534
69688	43236	33943	33738	33693
69730	34029	32594	33716	33757
69772	33700	34370	33723	33740
69814	34174	32618	33724	33660
69877	33623	33104	33724	33712
69919	33555	34077	33707	33700
69961	37858	32188	33704	33554
70003	29613	33355	33723	33645
70045	46922	32780	33738	33574
70087	19331	33065	33720	33772
70129	30709	33338	33707	33650
70199	42435	33858	33715	33602
70255	32481	34240	33733	33578
70297	33544	32414	33718	33834
70346	34197	34267	33714	33581
70388	34131	35230	33699	33594
70444	34471	34490	33721	33749
70500	32616	32396	33708	33653
70542	13910	32699	33707	33861
70584	18854	33870	33704	33686
70633	28210	33565	33710	33823
70675	36325	33726	33708	33722
70717	42890	35572	33711	33572
70794	33365	33223	33709	33647
70843	34938	32872	33712	33672
70892	34776	34542	33715	33704
70955	34994	34391	33719	33813
71011	35928	34732	33720	33696
71060	12532	34717	33719	33814
71102	19753	32865	33699	33669
71151	30063	33244	33701	33218
71193	38992	32199	33707	33688
71242	41097	33825	33711	33832
71284	31372	34450	33704	33696
71326	32984	34134	33722	33648
71375	33372	34729	33684	33766
71417	33558	32698	33716	33745
71459	34912	33498	33718	33720
71515	30737	32254	33729	33459
71571	36786	33856	33729	33703
71627	27862	34463	33718	33536
71683	38860	35021	33712	33471
71732	37176	35185	33720	33796
71795	32405	31909	33734	33751
71851	34017	30873	33712	33560
71893	33833	31325	33705	33698
71956	39145	34063	33738	33764
72005	30640	33750	33725	33529
72054	21065	34624	33730	33756
72103	27202	34042	33686	33559
72166	40329	33592	33714	33536
72222	33716	36039	33713	33521
72278	32934	34147	33715	33753
72327	34626	34927	33749	33593
72383	34554	35453	33729	33647
72425	34956	34791	33721	33593
72481	30504	33594	33703	33869
72530	50031	34051	33703	33674
72586	26684	32387	33727	33696
72649	39981	33053	33711	33599
72698	37785	33386	33705	33463
72761	33479	33120	33715	33723
72817	33803	33624	33732	33588
72873	33774	33419	33713	33687
72915	34441	33857	33727	33752
72971	30100	32569	33714	33653
73013	50491	33802	33730	33834
73069	24699	33964	33728	33738
73111	34734	35374	33712	33680
73153	42165	35514	33710	33617
73195	34235	35025	33725	33605
73237	32323	33922	33720	33743
73279	33545	33499	33694	33595
73321	33001	33646	33724	33905
73363	33335	33144	33711	33758
73405	33823	32699	33705	33761
73447	31002	32970	33722	33601
73489	15716	33461	33718	33779
73531	18253	33430	33719	33451
73594	33652	33583	33714	33670
73643	44750	33123	33714	33656
73699	33255	33908	33712	33811
73755	35640	32665	33700	33637
73797	35832	33314	33729	33720
73853	35506	32761	33719	33711
73902	39705	31646	33721	33619
73972	50164	34128	33715	33811
74021	20074	34320	33728	33338
74063	31359	33418	33718	33541
74105	40099	34451	33690	33562
74147	37753	33588	33696	33755
74189	29833	34128	33706	33730
74231	32629	34647	33723	33679
74287	33506	33580	33742	33589
74343	35010	34988	33719	33759
74385	33124	33284	33706	33627
74441	51443	32752	33707	33683
74490	20415	32725	33712	33697
74532	32157	32964	33726	33496
74574	40217	33075	33714	33644
74616	39181	34588	33723	33486
74658	31491	32922	33724	33596
74700	33643	34871	33699	33770
74742	34602	33338	33699	33605
74798	34440	34954	33719	33643
74847	38853	32627	33688	33612
74889	30332	30965	33727	33456
74945	20107	32347	33713	33660
75001	29738	34715	33706	33730
75043	37694	34025	33704	33578
75092	39289	33288	33713	33563
75141	32271	34021	33709	33747
75190	33857	32706	33724	33729
75246	33484	34306	33720	33720
75309	38296	34559	33712	33428
75365	30616	33556	33704	33642
75407	26884	35732	33708	33759
75456	25069	36006	33705	33751
75512	38135	35254	33706	33506
75568	40158	35631	33708	33407
75617	34831	33386	33706	33714
75673	35689	32861	33709	33621
75729	34912	33461	33723	33690
75778	34961	33134	33708	33553
75820	37306	33650	33690	33573
75883	49887	34279	33714	33820
75939	22157	32444	33716	33728
75981	32675	32782	33694	33664
76037	43314	32452	33715	33825
76079	31403	32823	33702	33813
76121	31668	32963	33698	33589
76163	33099	34136	33709	33682
76205	33223	30575	33723	33659
76261	34413	33415	33694	33679
76317	30818	35299	33709	33640
76359	51938	35620	33731	33752
76401	19575	33202	33718	33399
76457	34207	34847	33710	33647
76513	44354	34777	33710	33715
76555	31095	35153	33743	33727
76597	32195	33099	33691	33738
76639	34170	32405	33709	33614
76688	34196	34306	33740	33693
76737	39058	33721	33724	33624
76779	30922	34620	33725	33724
76821	50758	35943	33727	33598
76863	22400	32642	33701	33580
76919	36331	31447	33714	33634
76975	42733	33446	33680	33690
77031	30952	34631	33705	33646
77087	33616	33126	33733	33732
77129	33512	34560	33715	33408
77178	34416	33193	33724	33760
77248	30709	32368	33716	33603
77304	19035	33439	33697	33654
77360	32888	33924	33711	33724
77402	41126	34292	33723	33738
77458	33557	35997	33700	33811
77514	33602	33141	33708	33785
77570	34294	32759	33722	33723
77619	34070	32685	33723	33735
77661	38414	34003	33700	33671
77703	30299	32596	33713	33492
77745	50435	33770	33727	33906
77787	19235	33310	33728	33532
77829	31020	35858	33710	33343
77871	39245	31780	33718	33585
77913	39034	32719	33695	33657
77955	32447	31957	33735	33723
77997	33892	31366	33710	33759
78039	34256	33127	33715	33837
78081	33656	34825	33727	33445
78123	34204	34435	33733	33648
78165	35494	35718	33712	33618
78207	30760	35493	33724	33808
78263	18150	34900	33698	33827
78326	33677	35838	33712	33555
78375	43339	31715	33728	33463
78424	33634	33498	33716	33621
78487	34770	34602	33720	33773
78564	34716	35054	33705	33579
78613	34532	33048	33718	33504
78655	36536	33436	33726	33718
78697	30168	34169	33713	33709
78746	20557	32894	33722	33733
78802	30713	33929	33715	33645
78844	39324	32523	33718	33637
78886	41715	33034	33724	33815
78928	29955	33273	33705	34074
78963	32124	32217	33712	33691
79012	33300	32864	33709	33509
79054	33611	33778	33722	33554
79096	33685	33792	33716	33554
79152	34377	32224	33703	33771
79194	27562	31925	33701	33779
79236	21521	33642	33686	33449
79278	26647	33873	33711	33657
79320	35980	32998	33725	33637
79369	44478	32766	33708	33781
79411	30526	34037	33714	33696
79467	33586	36323	33735	33480
79509	34402	34719	33713	33777
79558	34719	33850	33704	33784
79600	34689	35160	33715	33782
79642	38247	33765	33692	33909
79684	30887	31971	33720	33905
79726	22942	33317	33738	33822
79775	25588	33282	33712	33619
79838	39244	33678	33710	33578
79887	37581	34187	33707	33616
79929	31949	34473	33707	33735
79971	33573	35420	33712	33668
80013	34499	31701	33721	33613
80062	34287	33331	33707	33733
80104	33982	34597	33724	33742
80153	37893	36050	33737	33584
80195	29956	35209	33699	33662
80251	19911	33510	33690	33533
80293	25894	33927	33699	33609
80342	36809	32803	33706	33586
80384	44437	33226	33700	33603
80426	32789	33171	33695	33717
80468	33630	33606	33709	33831
80517	35032	34140	33731	33586
80566	34090	35196	33727	33864
80615	33969	34661	33720	33713
80657	37517	32549	33715	33919
80706	30312	31621	33735	33592
80755	49512	29378	33710	33793
80797	22448	31886	33697	33679
80853	35768	31555	33714	33668
80916	40525	33532	33709	33890
80972	32900	34578	33716	33531
81021	33699	34347	33713	33771
81077	33846	34211	33704	33643
81112	33710	36362	33709	33740
81154	34526	34624	33692	33788
81203	31175	33658	33708	33713
81245	48305	35660	33713	33710
81287	19510	33465	33689	33623
81329	30143	33365	33720	33448
81371	38769	35558	33745	33646
81420	41225	34883	33700	33507
81462	29439	35159	33705	33607
81511	31918	33995	33720	33752
81553	32069	34234	33702	33623
81602	32494	31900	33750	33649
81658	33942	31987	33701	33689
81700	27567	32308	33697	33715
81749	18675	32619	33723	33611
81791	28385	33719	33710	33607
81833	37918	34704	33720	33439
81882	44482	36358	33750	33815
81924	33143	37012	33718	33610
81973	35210	34862	33734	33676
82015	35607	33736	33697	33818
82057	35210	34047	33702	33592
82099	39939	33565	33717	33585
82141	30929	31920	33727	33767
82183	49553	31420	33729	33798
82232	22414	32804	33714	33621
82281	34169	31400	33707	33505
82337	43171	33088	33706	33634
82393	32217	34247	33719	33403
82449	33334	35058	33720	33552
82519	33258	34376	33715	33535
82568	37723	32644	33723	33574
82610	29827	31108	33694	33721
82652	50101	31459	33720	33700
82701	21599	31116	33712	33654
82743	32917	32413	33734	33532
82792	42139	34538	33709	33440
82841	34311	32908	33695	33669
82883	33967	36191	33711	33696
82925	34655	35626	33709	33672
82974	34373	35600	33722	33477
83016	34087	36456	33721	33562
83065	32861	34385	33719	33685
83107	22222	34427	33699	33811
83163	17041	33234	33715	33636
83205	29229	34832	33709	33571
83247	37825	34300	33715	33357
83282	43913	34287	33732	33692
83324	33611	36581	33699	33675
83380	34950	35453	33727	33453
83422	34766	34061	33727	33705
83478	34811	32830	33720	33761
83520	38638	32888	33708	33690
83576	30129	31947	33692	33593
83632	19557	32598	33724	33538
83674	27704	33049	33706	33754
83723	37870	32985	33719	33851
83765	44023	31050	33702	33871
83807	30845	32331	33732	33660
83856	33204	32207	33703	33585
83905	33299	32111	33721	33646
83947	33651	31809	33725	33613
83996	38353	34060	33703	33741
84045	29568	33114	33706	33666
84087	41260	34132	33708	33644
84129	22904	34802	33713	33534
84171	33747	35669	33716	33439
84213	42775	36971	33713	33654
84255	35944	35618	33708	33723
84311	33752	34084	33720	33576
84367	34875	33805	33709	33624
84423	34681	34681	33722	33617
84493	31471	32967	33704	33810
84542	51583	34325	33724	33661
84584	19427	32353	33698	33501
84633	32805	31955	33705	33515
84682	41687	31013	33704	33673
84724	35188	32628	33715	33629
84780	33284	34759	33717	33656
84836	34688	31387	33693	33483
84878	33668	33014	33711	33610
84934	34063	35314	33727	33642
84976	30685	35315	33696	33731
85032	50050	35772	33694	33695
85081	22054	30365	33708	33586
85137	35521	33188	33717	33494
85186	43455	35533	33711	33645
85235	33242	35216	33711	33598
85284	34257	35596	33711	33584
85333	33972	35504	33718	33979
85396	33213	34183	33736	33634
85452	38181	33105	33704	33663
85515	15274	31795	33726	33829
85571	19489	33521	33696	33679
85613	31314	33606	33717	33701
85669	42196	34573	33716	33456
85732	33390	36679	33744	33759
85781	34708	31500	33734	33624
85823	34836	35248	33719	33670
85865	34403	31492	33729	33577
85921	34493	32565	33710	33594
85970	32906	32845	33728	33610
86012	21474	33899	33708	33765
86068	18317	33134	33729	33577
86117	31703	34627	33735	33620
86159	40827	33304	33697	33527
86222	31664	33040	33720	33686
86285	33333	33365	33720	33652
86334	33793	32042	33678	33683
86397	34048	33124	33724	33780
86467	30507	33821	33719	33746
86509	51806	34458	33717	33704
86565	23739	34039	33731	33549
86607	34231	33463	33703	33929
86663	44202	33175	33730	33649
86719	30289	32168	33709	33616
86761	33390	33221	33712	33760
86803	34196	33944	33688	33782
86845	34193	33241	33721	33628
86887	38101	34371	33743	33737
86929	31302	33096	33701	33666
86971	52599	32777	33731	33612
87027	22235	33468	33705	33356
87076	34656	33580	33705	33558
87118	42760	34414	33726	33536
87167	32590	34258	33723	33468
87209	32344	33023	33707	33664
87258	33719	33210	33712	33720
87307	33358	32066	33710	33634
87349	33492	34185	33705	33430
87405	31455	32814	33714	33716
87461	52586	33986	33716	33714
87503	18379	34714	33709	33712
87559	33974	34816	33705	33643
87615	44801	32751	33712	33511
87657	33888	33968	33708	33676
87713	34531	35687	33698	33738
87755	34951	34994	33696	33710
87797	34039	34111	33728	33658
87853	34375	33802	33702	33748
87909	30407	33690	33713	33613
87965	50009	32708	33740	33763
88021	24536	31221	33723	33717
88070	35661	30975	33715	33652
88112	43457	32367	33741	33478
88175	32855	33811	33743	33439
88231	34072	34393	33710	33669
88280	34058	36395	33719	33535
88329	33805	36666	33721	33609
88385	37876	35864	33717	33661
88434	30374	33825	33699	33655
88483	21555	32542	33706	33816
88546	30269	31856	33708	33596
88595	40131	32481	33711	33550
88637	40119	31248	33715	33745
88686	30857	32751	33702	33711
88728	32724	33356	33702	33709
88777	33330	32049	33720	33669
88819	33211	33892	33719	33563
88875	37858	34433	33718	33696
88917	29528	32606	33690	33461
88973	17529	33133	33712	33773
89015	24338	33056	33719	33622
89085	41587	33647	33707	34036
89148	33277	34809	33706	33689
89211	36810	34542	33725	33673
89253	38004	35503	33704	33633
89309	37720	33966	33718	33765
89365	40373	33310	33709	33574
89414	27872	33765	33723	33742
89470	18313	33492	33715	33607
89519	29885	33225	33720	33702
89568	39074	33617	33726	33614
89624	29530	32505	33709	33819
89680	30910	33326	33719	33499
89743	32324	32474	33699	33571
89806	33278	32959	33706	33609
89869	31068	33735	33706	33633
89925	51471	35033	33727	33769
89988	26701	33714	33725	33442
90044	39285	34462	33697	33578
90093	40581	34552	33709	33591
90149	33190	33984	33742	33642
90205	34599	35246	33716	33801
90261	33807	34296	33701	33754
90303	34137	31691	33708	33720
90352	36007	33259	33735	33644
90422	51691	32670	33715	33659
90471	22230	34414	33715	33717
90520	34377	37408	33685	33585
90583	42993	37317	33701	33603
90639	33242	32455	33719	33613
90681	34245	29311	33719	33649
90730	34503	27822	33708	33709
90772	34183	29864	33710	33517
90828	38690	65535	33735	33723
90884	30463	40024	33732	33688
90926	23251	16485	33694	33738
90968	23787	34384	33724	33690
91024	36901	33920	33730	33574
91080	40475	7796	33718	33723
91122	30992	24257	33724	33637
91164	32924	33932	33699	33569
91227	33895	39256	33698	33482
91290	34801	41085	33700	33730
91346	30537	38821	33720	33713
91388	50951	38885	33714	33608
91430	21602	42851	33715	33687
91472	32758	40919	33704	33553
91514	41673	35008	33727	33584
91563	34361	31726	33726	33672
91605	30053	29483	33697	33743
91647	33017	30269	33707	33711
91689	33594	30348	33715	33647
91731	34491	23701	33716	33710
91773	38612	30792	33726	33620
91815	31508	31252	33724	33824
91857	21815	34888	33693	33860
91899	24927	36560	33708	33490
91941	35114	35858	33718	33602
91990	44186	35616	33717	33603
92046	30958	32824	33715	33496
92088	32742	35638	33733	33753
92137	32984	35656	33724	33728
92186	32614	35229	33693	33626
92228	37992	34393	33706	33919
92270	30922	28641	33720	33586
92312	52422	35131	33697	33712
92354	20990	35129	33722	33597
92396	32592	34519	33705	33752
92438	40791	34489	33704	33681
92494	35549	32651	33709	33667
92536	33287	38507	33697	33613
92585	34147	35017	33729	33640
92627	33703	34116	33704	33729
92669	34838	32623	33710	33689
92718	30073	30048	33743	33838
92760	31230	34205	33714	33802
92802	18297	65535	33689	33624
92858	31356	48468	33732	33767
92900	40065	44236	33722	33621
92942	40160	28824	33690	33638
93005	33855	7742	33689	33517
93054	33727	33286	33732	33927
93096	34559	21022	33723	33624
93159	31131	26731	33703	33551
93215	49346	32324	33706	33748
93271	22367	32408	33708	33663
93334	37743	38113	33679	33591
93376	42305	36895	33713	33518
93432	30588	37553	33718	33738
93495	33607	37117	33711	33500
93558	35916	35340	33699	33660
93621	30436	34676	33749	33529
93691	17485	33036	33708	33663
93747	33014	32671	33696	33458
93817	43564	19495	33709	33665
93873	32874	30627	33710	33725
93922	34432	38386	33716	33601
93978	35329	41949	33707	33717
94027	35781	43114	33706	33869
94083	34107	40937	33693	33944
94146	50090	37914	33703	33593
94202	25223	33093	33702	33845
94251	34427	31020	33708	33341
94300	41658	31573	33698	33603
94349	31270	28173	33712	33581
94391	33821	28812	33721	33722
94433	34590	31686	33701	33683
94482	34548	29392	33723	33786
94531	35093	28750	33711	33654
94587	30749	30765	33707	33732
94629	41456	33561	33709	33595
94692	21973	33999	33714	33450
94748	35485	34490	33726	33307
94797	43013	32465	33712	33679
94846	31214	30763	33728	33658
94895	32949	33631	33709	33961
94937	33062	35236	33696	33630
94979	32808	36882	33702	33631
95021	32926	34094	33689	33721
95063	37948	37854	33705	33675
95105	31683	39831	33708	33575
95147	22463	28519	33728	34022
95203	28220	35357	33719	33462
95252	39683	38257	33711	33472
95308	38913	40647	33697	33618
95364	33724	37521	33703	33510
95420	33393	34375	33735	33753
95476	34447	33240	33705	33755
95539	31442	34473	33713	33737
95581	51821	29186	33727	33704
95630	22169	25932	33704	33585
95679	34008	27446	33714	33567
95721	42058	26860	33711	33807
95770	31639	28832	33717	33672
95833	32153	35483	33714	33866
95889	33050	33136	33716	33788
95931	34299	34615	33698	33653
95987	30564	31789	33722	33488
96043	40945	33560	33719	33749
96085	23736	33094	33695	33640
96127	34221	33412	33720	33895
96176	42650	32936	33725	33702
96218	34261	35138	33699	33459
96274	33635	35815	33722	33703
96323	34272	34806	33725	33790
96379	34220	34406	33733	33850
96435	31369	35478	33715	33664
96491	51254	35767	33713	33808
96533	19799	33484	33727	33702
96589	34478	35493	33718	33546
96638	42465	33512	33708	33766
96701	32929	35066	33722	33619
96764	34852	34783	33730	33738
96813	33848	30208	33726	33703
96869	35858	29186	33717	33768
96939	29235	32986	33716	33745
97009	21820	37612	33692	33575
97051	32352	41076	33706	33498
97114	43013	39612	33709	33581
97163	32449	35178	33713	33695
97212	34264	35080	33712	33585
97261	34661	34369	33690	33468
97324	35233	32935	33741	33719
97387	30662	31207	33719	33689
97450	20607	30222	33708	33716
97506	30558	31867	33708	33512
97562	41495	31175	33726	33559
97618	31932	33122	33745	33461
97674	33433	34093	33714	33666
97737	33745	33975	33727	33667
97800	35509	33827	33713	33708
97849	18603	34157	33695	33885
97891	19082	33712	33699	33815
97933	27285	34576	33712	33452
97975	36180	33371	33698	33884
98017	43648	34602	33703	33675
98059	31661	33319	33722	33598
98108	33795	35073	33736	33678
98164	35210	34286	33713	33576
98206	37749	34497	33702	33544
98248	32395	34981	33699	33710
98290	51701	35359	33716	33618
98332	19026	31674	33717	33819
98374	30240	33801	33732	33673
98430	41169	33364	33704	33463
98493	33187	34832	33717	33880
98556	33997	33497	33705	33736
98619	33584	33528	33713	33798
98675	35358	33279	33726	33594
98724	21626	32880	33706	33934
98780	18477	33531	33752	33693
98822	30111	33897	33714	33631
98878	40185	34753	33721	33489
98948	32956	33774	33722	33679
99004	34084	33068	33708	33758
99053	33960	32980	33735	33763
99109	34474	33349	33702	33554
99165	30486	32561	33707	33613
99214	49389	34239	33698	33709
99277	27588	33405	33714	33613
99319	35982	32392	33711	33600
99368	42367	36169	33710	33718
99424	32926	34411	33706	33532
99466	33318	33981	33711	33638
99515	33523	31979	33711	33666
99564	33474	33983	33704	33738
99613	38023	33201	33718	33465
99655	30365	33606	33718	33538
99697	52643	33419	33732	33795
99739	19892	34325	33687	33782
99788	33582	34628	33715	33605
99844	43625	34253	33712	33397
99900	34061	36132	33713	33792
99963	35037	34449	33707	33648
100026	34400	33548	33713	33731
100075	34533	33283	33713	33708
100131	38170	33623	33700	33995
100173	30087	34592	33712	33583
100215	29192	32979	33731	33835
100257	23338	32320	33730	33820
100299	33566	33342	33716	33708
100355	43348	33314	33715	33567
100397	31602	33773	33706	33650
100439	33253	33564	33707	33664
100488	34062	32274	33715	33671
100530	33922	33088	33726	33639
100586	34695	32833	33706	33663
100656	29999	33840	33741	33722
100705	26427	32719	33698	33832
100747	23465	33417	33690	33591
100789	33947	33170	33718	33423
100831	42351	34352	33720	33679
100894	30910	33934	33720	33847
100936	33308	34751	33727	33571
100978	34321	35644	33710	33814
101020	35117	33439	33720	33620
101069	37464	36164	33713	33665
101111	32241	33604	33707	33553
101153	47891	32415	33716	33699
101209	22336	34430	33721	33382
101251	33028	33596	33717	33609
101307	43498	34081	33722	33576
101363	31504	34332	33714	33646
101405	32725	33551	33711	33654
101447	34161	34344	33708	33822
101489	33736	31226	33716	33643
101531	34239	32526	33727	33789
101573	36675	32345	33720	33493
101629	23732	32739	33715	33772
101692	22175	33402	33717	33735
101741	34387	33534	33712	33455
101797	42944	32782	33721	33626
101860	32643	35113	33723	33486
101916	34414	34888	33739	33817
101965	33690	35193	33715	33712
102021	34866	34877	33694	33847
102084	30296	32559	33717	33613
102147	19916	33515	33716	33389
102203	30198	33488	33713	33442
102245	38128	32380	33701	33674
102287	41837	32747	33714	33505
102329	32871	33886	33727	33699
102385	34175	33663	33728	33437
102427	34427	35646	33716	33871
102469	34435	35055	33709	33632
102511	35951	33419	33681	33655
102553	30835	32461	33711	33807
102602	52023	33285	33699	33531
102651	21310	34579	33712	33741
102707	35137	33354	33718	33564
102749	42325	34434	33716	33538
102798	33194	34597	33711	33780
102847	33719	33787	33712	33561
102889	34646	31907	33724	33782
102931	34121	33152	33726	33789
102987	34660	34557	33727	33638
103036	30580	35388	33702	33569
103078	52478	35130	33726	33703
103134	21844	34361	33715	33492
103190	35580	33700	33708	33517
103246	42903	33843	33711	33488
103288	31523	33960	33723	33611
103330	33456	31990	33691	33935
103372	33839	33058	33724	33702
103414	34356	33342	33710	33749
103456	37368	33678	33708	33687
103498	30695	34036	33712	33533
103540	52528	34373	33729	33675
103582	19382	34652	33701	33478
103645	34864	33979	33710	33737
103694	43656	33416	33701	33639
103736	30819	33606	33689	33422
103778	32580	32823	33709	33717
103820	33634	33498	33715	33782
103862	34180	34303	33716	33759
103904	36175	33962	33688	33621
103946	30856	34317	33695	33593
103995	52337	34074	33728	33681
104044	22270	34172	33696	33655
104114	38928	33581	33719	33780
104177	33755	34133	33706	33662
104233	32945	32395	33718	33638
104296	34357	33820	33708	33692
104352	34603	33674	33724	33607
104415	30775	34010	33723	33970
104464	50389	33062	33729	33503
104506	21710	32733	33705	33666
104548	32640	33767	33685	33565
104590	40271	34295	33716	33456
104632	37105	33859	33714	33572
104695	33242	34372	33707	33801
104758	34630	32792	33694	33765
104800	34312	33508	33730	33614
104849	35004	33438	33731	33691
104912	30134	33389	33713	33674
104968	21903	32564	33716	33778
105024	29511	35429	33719	33689
105066	37608	32521	33731	33865
105122	37847	34700	33730	33724
105171	33030	34134	33731	33736
105234	34693	33638	33730	33434
105290	33887	33836	33727	33752
105339	33502	33418	33708	33653
105388	36281	33309	33701	33705
105430	30317	33236	33728	33641
105486	18798	33303	33714	33590
105556	34441	33992	33733	33422
105605	43004	32725	33716	33573
105661	32356	34223	33696	33761
105703	33932	34584	33740	33653
105745	34802	34202	33719	33601
105808	34669	33504	33725	33939
105857	34050	33064	33716	33695
105899	37662	32733	33740	33868
105941	30184	33458	33709	33696
105983	49419	34287	33714	33816
106025	23855	33719	33703	33576
106067	33678	33318	33715	33611
106109	42313	33948	33709	33422
106151	34639	33217	33697	33613
106193	31242	32994	33731	33717
106235	33468	33727	33715	33722
106277	33879	34225	33709	33515
106319	34323	32552	33722	33666
106361	33866	33989	33726	33573
106403	38315	32331	33721	33772
106445	30215	33699	33690	33691
106487	50166	33366	33718	33661
106536	25521	32861	33722	33533
106578	35179	33263	33705	33614
106620	44128	35409	33717	33648
106669	30277	33575	33688	33765
106711	31959	33101	33694	33781
106774	34704	32299	33719	33681
106837	34289	33352	33720	33512
106886	37559	35659	33722	33609
106949	29742	34636	33713	33743
106998	19208	33214	33739	33775
107054	28705	29900	33706	33635
107096	37208	30989	33705	33367
107152	35571	33081	33693	33601
107194	31652	35382	33715	33658
107236	34003	35980	33727	33678
107292	35424	35808	33731	33614
107334	35472	35149	33710	33601
107383	36833	35894	33700	33726
107439	32527	34096	33704	33813
107488	52288	33287	33715	33641
107530	22033	33338	33691	33739
107579	34424	33825	33724	33563
107635	44198	32509	33700	33626
107698	32984	31857	33731	33796
107747	34420	33959	33722	33784
107810	33619	33456	33725	33823
107852	33523	32212	33718	33685
107901	33894	29243	33697	33790
107957	30011	32974	33717	33757
108013	21960	32808	33704	33689
108069	27474	33457	33721	33636
108132	40061	34183	33730	33430
108174	36779	33683	33709	33468
108223	32344	33030	33718	33729
108293	34542	34050	33715	33582
108342	34088	32786	33743	33889
108398	34404	34005	33741	33753
108440	35435	33158	33725	33770
108496	36123	34134	33729	33786
108545	20251	33030	33692	33565
108587	31569	34021	33712	33585
108636	41216	32260	33708	33747
108678	37915	32055	33696	33564
108720	30774	33750	33726	33617
108762	33377	33278	33730	33752
108804	33964	32972	33721	33692
108846	33978	34074	33732	33619
108888	35142	33081	33718	33634
108930	31034	32611	33722	33606
108986	51896	34557	33697	33656
109042	25668	33799	33704	33705
109098	37982	33863	33710	33518
109140	44477	32907	33703	33573
109203	31833	34255	33732	33723
109259	34196	34550	33731	33646
109308	34330	34278	33710	33720
109357	35117	34420	33719	33506
109399	34059	32761	33717	33636
109441	27830	34308	33704	33634
109490	18997	33642	33712	33722
109532	28410	33508	33714	33568
109574	36540	32355	33722	33483
109623	42547	34308	33720	33577
109679	32566	35336	33717	33727
109721	33970	33617	33733	33600
109784	34047	34030	33696	33720
109826	34007	31746	33727	33727
109882	35969	34652	33718	33808
109938	39645	33511	33737	33617
110001	22835	32459	33716	33544
110064	36978	32645	33722	33641
110134	34318	35484	33713	33498
110197	33998	35477	33704	33664
110246	34490	36544	33715	33724
110295	33949	35804	33702	33772
110351	38369	34232	33727	33798
110407	29983	32902	33688	33628
110456	20355	31978	33701	33680
110505	29013	32166	33705	33724
110547	37393	33675	33689	33575
110589	43743	33188	33722	33627
110631	32243	33438	33722	33380
110673	33638	32246	33715	33570
110722	34063	34613	33711	33636
110792	33905	30923	33693	33640
110848	31593	34655	33707	33809
110890	14623	34744	33705	33782
110939	19383	35056	33700	33631
110995	33220	35470	33694	33444
111051	43408	34840	33698	33645
111093	31756	33120	33700	33865
111149	33296	33795	33726	33603
111212	33957	33740	33712	33524
111268	34573	34421	33717	33881
111324	30849	34760	33729	33939
111380	19722	32944	33702	33803
111429	27124	32689	33737	33762
111485	38443	31303	33694	33775
111527	41571	34863	33699	33481
111583	32255	32797	33699	33914
111639	34175	32809	33717	33607
111695	33973	35034	33739	33670
111758	38964	31952	33711	33572
111807	30444	32613	33717	33526
111863	18492	33361	33689	33744
111905	29224	32263	33716	33724
111961	40213	34730	33714	33686
112003	38362	33045	33738	33776
112059	32670	34115	33721	33688
112129	33594	33115	33727	33638
112171	33324	32411	33735	33509
112213	34224	33246	33710	33585
112269	30644	32979	33721	33608
112318	50723	33140	33706	33754
112360	21997	32510	33702	33579
112402	33265	34879	33720	33531
112444	41230	33580	33714	33436
112493	35659	33831	33726	33648
112535	34293	33682	33719	33729
112577	34873	34917	33730	33588
112633	34391	34009	33717	33766
112675	34083	34761	33713	33548
112745	31240	35489	33720	33467
112801	50875	35294	33717	33708
112843	19708	34391	33700	33719
112885	31303	32342	33710	33658
112934	40761	33639	33687	33570
112976	37735	32457	33706	33642
113032	33826	33623	33720	33890
113088	33902	32297	33712	33620
113130	33713	32256	33701	33648
113172	33703	33391	33699	33598
113214	37306	32958	33701	33694
113270	29977	33952	33705	33589
113326	20439	34413	33710	33808
113368	26285	34285	33698	33454
113410	35229	33832	33703	33771
113466	41925	32470	33711	33546
113515	32112	32474	33709	33749
113564	34471	31927	33718	33716
113620	34383	33429	33724	33405
113669	34481	33346	33722	33623
113718	38790	37633	33724	33493
113767	30758	38074	33724	33624
113816	21095	35643	33710	33499
113872	30806	33886	33687	33728
113921	40376	35556	33718	33653
113970	35631	34019	33706	33650
114026	32935	31134	33710	33729
114068	34518	31955	33725	33468
114110	33994	30246	33684	33602
114159	34943	29456	33711	33962
114215	30251	30013	33711	33840
114257	42313	31953	33727	33727
114320	23748	34544	33713	33487
114376	36656	35566	33708	33486
114432	40033	34900	33725	33775
114488	31020	35144	33732	33684
114537	34072	35724	33716	33503
114579	34117	38386	33719	33525
114621	34625	36187	33746	33775
114663	38821	32474	33704	33634
114733	51529	33403	33704	33838
114775	20008	34168	33718	33406
114817	31358	33734	33718	33680
114859	39267	32589	33711	33829
114901	39444	32336	33718	33563
114943	31985	34152	33713	33597
114999	34159	32669	33711	33596
115062	34573	32710	33707	33716
115104	34364	33899	33705	33885
115146	38407	34670	33716	33749
115188	30452	34282	33704	33795
115237	21194	34619	33716	33585
115279	23884	32890	33703	33665
115328	35276	33706	33708	33690
115370	42865	33779	33724	33472
115412	33766	37088	33710	33734
115454	33403	34405	33708	33622
115510	34611	33309	33702	33427
115552	34129	33824	33738	33426
115608	33890	33778	33722	33692
115657	37621	33518	33703	33671
115720	30171	33807	33719	33562
115769	19966	33356	33698	33604
115818	29019	35346	33711	33620
115860	36702	34836	33714	33666
115902	43390	34037	33723	33642
115951	32497	33313	33717	33629
116000	34068	33308	33722	33868
116056	34188	32080	33704	33629
116098	33842	33869	33721	33552
116140	33992	31516	33727	33618
116182	37930	33185	33711	33690
116224	30531	33803	33720	33689
116266	51408	33863	33721	33659
116308	19910	34144	33713	33455
116357	32772	33172	33736	33521
116413	42871	34690	33735	33506
116455	33288	33525	33717	33720
116497	33136	34930	33732	33728
116546	34590	34879	33687	33659
116609	34116	34404	33712	33693
116665	34258	33079	33715	33716
116728	30606	33912	33719	33614
116770	21939	33824	33724	33728
116819	19106	33601	33732	33608
116861	30455	32962	33686	33607
116917	42370	34722	33711	33772
116966	33216	36392	33710	33705
117008	32018	34939	33719	33652
117064	33834	34458	33720	33673
117113	34178	34872	33729	33803
117155	34122	35356	33751	33566
117197	39283	34211	33704	33788
117253	30009	33277	33709	33634
117302	20447	33750	33715	33612
117372	33734	33249	33730	33516
117435	44220	31944	33713	33727
117491	31252	33347	33707	33584
117533	33789	33569	33704	33523
117575	34468	31302	33727	33580
117617	33906	32336	33723	33605
117659	34883	32614	33712	33660
117715	30216	33570	33713	33593
117757	52365	34438	33738	33744
117799	19020	33192	33713	33620
117841	31000	33059	33740	33789
117883	39128	34262	33729	33660
117925	41347	33651	33711	33782
117981	32570	35374	33737	33469
118037	34563	33534	33738	33692
118086	33874	35594	33718	33586
118142	34041	33113	33709	33575
118184	35867	32515	33682	33699
118226	29861	32139	33734	33641
118282	17782	32632	33718	33450
118324	29045	30438	33721	33532
118366	37316	31680	33727	33420
118408	43886	33360	33712	33744
118464	33266	33965	33713	33617
118506	34262	34880	33724	33618
118562	34446	35829	33720	33587
118604	34231	33647	33691	33675
118667	37413	34054	33714	33620
118716	28036	35413	33702	33535
118765	18456	33819	33699	33617
118807	27680	34922	33726	33690
118849	36254	34254	33729	33576
118891	43816	34530	33710	33543
118940	32447	33814	33706	33656
118982	33777	34199	33735	33545
119038	34263	33946	33715	33563
119094	34406	32810	33718	33731
119157	38436	32658	33726	33480
119213	22857	33525	33688	33958
119255	20765	32227	33719	33700
119304	28410	34619	33715	33657
119367	41358	34903	33717	33728
119423	32675	34504	33704	33660
119479	33835	34185	33701	33648
119528	34267	32993	33716	33577
119584	34418	32364	33707	33708
119633	39360	34863	33704	33702
119696	23595	33527	33714	33914
119745	19887	32904	33724	33633
119787	29596	34025	33700	33671
119843	40594	33261	33723	33592
119892	35394	33101	33709	33593
119934	31152	32936	33712	33717
119983	33939	32332	33719	33583
120032	33823	32682	33692	33646
120088	34618	33491	33713	33686
120144	30571	34146	33711	33604
120186	51250	32092	33713	33803
120228	20699	33491	33716	33714
120270	32753	35110	33724	33666
120319	42726	34382	33712	33702
120375	30021	35577	33720	33713
120424	32022	33881	33711	33649
120466	34014	34564	33735	33740
120508	34039	34084	33719	33547
120564	39471	33019	33707	33657
120606	30993	32400	33697	33685
120648	51537	34933	33704	33845
120690	20384	33382	33725	33644
120732	31592	33853	33719	33625
120774	39875	32216	33701	33753
120823	35921	31432	33710	33642
120879	32585	32326	33703	33899
120921	34269	34724	33719	33778
120963	33826	34161	33711	33765
121012	33817	33303	33705	33745
121068	38264	34967	33705	33554
121110	30366	33793	33713	33770
121152	28106	32061	33729	33683
121194	23983	32600	33685	33565
121236	33681	33189	33724	33642
121278	41719	33843	33732	33727
121320	35681	34131	33715	33798
121362	32460	34175	33740	33684
121404	34404	34499	33707	33556
121446	34332	33641	33735	33736
121488	34110	33134	33710	33580
121530	33981	33573	33699	33673
121572	37817	33169	33725	33799
121614	30395	32643	33722	33682
121677	18754	33189	33696	33840
121733	32521	33310	33719	33538
121775	40514	34709	33695	33503
121831	33300	34628	33707	33782
121873	31994	33763	33733	33577
121915	33227	34569	33715	33811
121964	33136	35048	33699	33699
122020	33303	32770	33697	33663
122083	30753	31322	33714	33608
122125	16666	30983	33705	33545
122181	20591	31369	33719	33935
122230	33616	33904	33708	33444
122293	44985	33903	33707	33563
122349	32108	36087	33721	33668
122405	35497	34474	33705	33552
122447	35379	34531	33705	33897
122489	35200	35873	33696	33692
122531	40185	34038	33727	33585
122594	19503	35481	33697	33831
122657	22971	34286	33711	33606
122713	36009	33885	33709	33720
122776	38245	33501	33704	33437
122839	31364	31927	33698	33683
122888	33396	32675	33720	33632
122930	33308	34091	33731	33554
122986	37024	33512	33727	33656
123042	30306	32536	33725	33649
123084	48288	32026	33723	33658
123147	27982	33466	33715	33497
123196	37526	33908	33699	33521
123245	38922	34292	33699	33665
123294	30985	33785	33725	33801
123336	33466	35305	33711	33631
123378	34795	35754	33717	33658
123420	35159	33245	33730	33635
123462	35425	31938	33713	33775
123511	31118	35708	33718	33642
123567	50735	32249	33706	33555
123609	22842	30386	33708	33661
123651	33537	33165	33722	33364
123693	41337	33015	33709	33656
123735	37378	33914	33679	33888
123777	33221	33878	33710	33620
123819	34287	34995	33722	33719
123875	33830	34659	33711	33686
123931	33074	31299	33708	33660
123973	36702	31692	33716	33652
124015	28963	30905	33732	33748
124057	24640	31576	33723	33900
124099	22184	34028	33706	33878
124141	33346	33725	33713	33772
124183	41500	34617	33722	33428
124225	36455	36592	33710	33771
124281	34800	34983	33704	33671
124323	35970	34037	33722	33761
124365	35756	34111	33710	33595
124407	35859	36527	33698	33483
124449	37083	35122	33682	33738
124491	30883	33254	33710	33628
124540	20016	36110	33713	33610
124582	27054	32371	33716	33696
124624	35726	37302	33701	33392
124666	43539	37011	33721	33634
124708	31556	35230	33720	33659
124750	32517	33008	33706	33644
124792	33477	31601	33724	33774
124834	33844	28664	33689	33615
124876	34556	31513	33722	33634
124932	30543	30961	33713	33603
124974	49097	31179	33717	33672
125016	22645	30158	33718	33788
125072	35241	30602	33708	33517
125114	43210	32721	33717	33663
125163	30371	33512	33713	33633
125205	31884	34607	33716	33750
125254	33204	35015	33720	33677
125310	34438	34015	33710	33611
125366	30752	35052	33712	33612
125408	51156	35113	33731	33722
125450	21193	36268	33724	33634
125492	32296	36278	33703	33547
125534	39989	33525	33702	33687
125576	37889	32567	33714	33859
125618	30482	33376	33685	33681
125660	33510	34246	33699	33716
125716	34682	24477	33724	33779
125772	37713	33066	33712	33790
125814	31460	37281	33708	33615
125856	21076	37121	33719	33908
125905	27874	37240	33715	33612
125947	36330	34551	33716	33690
125996	42991	34899	33724	33619
126059	32826	33108	33707	34104
126115	33740	32404	33696	33746
126171	34176	34232	33710	33688
126227	31136	31508	33694	33818
126290	49286	30631	33696	33789
126346	26740	32747	33705	33647
126388	35386	32180	33732	33698
126430	42737	36640	33734	33565
126493	32673	33186	33725	33657
126556	34251	34019	33707	33654
126605	34063	31664	33705	33733
126647	34915	32899	33709	33614
126689	31876	32971	33727	33683
126745	51633	35047	33731	33769
126787	19734	34991	33711	33722
126829	31073	34380	33703	33775
126871	38376	43234	33716	33733
126920	37126	35957	33702	33636
126962	32566	32240	33722	33571
127011	34201	31305	33729	33701
127060	34179	30289	33729	33653
127109	34336	31976	33719	33830
127151	38463	33791	33720	33774
127193	29965	34002	33727	33789
127242	22094	32297	33696	33628
127298	30851	31761	33726	33715
127354	41304	37913	33734	33583
127410	30924	35699	33717	33618
127459	32592	33805	33697	33808
127501	34104	31637	33721	33889
127557	34340	32889	33716	33693
127599	36423	34243	33750	33731
127641	30866	35075	33716	33782
127683	52275	33939	33703	33768
127725	18577	34722	33721	33652
127767	29894	35615	33703	33594
127809	38066	33102	33716	33548
127851	42769	33596	33732	33861
127900	31142	35236	33706	33822
127956	34137	32038	33715	33725
128012	34734	34833	33707	33728
128068	34041	34073	33719	33639
128124	33791	31729	33705	33728
128180	51979	35217	33704	33778
128222	18754	34050	33721	33572
128264	30004	31488	33731	33571
128306	38031	33995	33693	33610
128348	41453	34315	33698	33707
128390	31833	34167	33701	33748
128432	33561	33543	33701	33607
128474	34205	32822	33702	33764
128516	34009	34012	33716	33667
128558	34117	32147	33725	33495
128607	34474	33949	33720	33681
128649	30949	34093	33704	33538
128691	35889	34384	33732	33750
128733	19040	33960	33705	33666
128775	28892	34217	33722	33507
128817	37144	33228	33727	33498
128866	41537	33863	33705	33611
128915	32882	35468	33723	33834
128971	34519	33297	33686	33640
129034	33844	32046	33720	33679
129097	33669	33402	33713	33722
129139	38683	33869	33731	33537
129209	25224	34303	33735	33564
129258	18497	32007	33709	33613
129314	33581	33029	33728	33712
129377	44483	32767	33719	33651
129440	32000	33313	33706	33576
129503	34173	35167	33728	33718
129559	34162	33195	33720	33705
129608	35018	34135	33700	33582
129664	30322	34712	33704	33710
129706	52320	34778	33723	33818
129755	20805	34670	33731	33748
129811	35120	33759	33700	33791
129881	38641	31673	33697	33753
129937	31426	33016	33709	33661
129993	34060	36844	33721	33720
130049	34263	34319	33721	33795
130098	38684	33777	33727	33465
130154	30164	34152	33723	33463
130210	19141	33614	33694	33626
130266	32162	33435	33711	33672
130322	41551	32978	33686	33724
130378	30976	33441	33694	33542
130434	33342	35608	33737	33737
130483	34545	35401	33696	33679
130546	35173	34154	33715	33738
130588	40201	36000	33725	33759
130630	31004	36656	33733	33821
130672	51715	36040	33719	33551
130714	20508	35360	33717	33631
130756	32565	32888	33742	33479
130798	39916	30469	33722	33583
130840	38766	32217	33700	33591
130882	32154	33637	33712	33664
130931	33935	32281	33718	33491
130973	34523	31350	33717	33595
131015	34235	33255	33714	33717
131057	34230	34215	33720	33630
131099	37057	33232	33703	33600
131141	29678	34860	33718	33712
131197	17728	33736	33710	33607
131246	29992	35130	33699	33677
131302	40922	32757	33733	33552
131351	34518	33105	33705	33744
131421	34414	34074	33716	33503
131477	33969	33522	33714	33629
131519	33722	34456	33719	33497
131561	34321	32642	33718	33831
131603	34445	34015	33720	33561
131645	28043	34034	33707	33717
131687	22141	31532	33722	33693
131729	26773	35880	33720	33635
131792	39948	34100	33703	33601
131834	39520	34613	33726	33661
131876	30623	33427	33684	33596
131918	33034	31977	33728	33694
131960	33496	32764	33724	33652
132002	34530	35140	33704	33712
132051	35085	35823	33723	33590
132093	36308	33080	33727	33883
132135	29837	33176	33728	33740
132177	21636	34824	33703	33582
132219	26228	37356	33718	33358
132268	37178	35450	33747	33581
132324	40467	30622	33708	33442
132366	30516	34852	33695	33620
132422	33701	31233	33706	33604
132464	34847	32077	33713	33771
132520	34912	32455	33740	33693
132569	38272	32471	33740	33758
132611	30128	34600	33731	33721
132674	18390	36200	33691	33623
132730	32665	34872	33720	33713
132772	40950	33945	33727	33654
132814	35458	33088	33708	33719
132870	31887	33068	33707	33839
132919	34350	31265	33703	33659
132982	34742	33849	33707	33548
133031	34688	33172	33710	33715
133073	37791	33971	33711	33583
133136	52602	35401	33708	33648
133185	19440	34124	33720	33494
133227	31744	34887	33713	33610
133269	39634	33826	33717	33679
133311	40722	32447	33721	33799
133353	32156	34737	33732	33767
133395	33542	34829	33704	33674
133437	34362	35231	33685	33725
133479	33706	34005	33708	33727
133528	33526	32711	33715	33810
133570	38604	33171	33703	33614
133626	29178	33628	33690	33732
133668	22469	32968	33722	33664
133724	29628	34941	33718	33556
133773	39424	34136	33712	33506
133822	37468	32735	33707	33765
133864	31902	34314	33714	33849
133906	33832	32937	33715	33910
133948	34540	35348	33721	33499
133990	34756	32618	33719	33843
134032	34315	34154	33717	33491
134074	38736	33319	33717	33560
134123	29719	34124	33712	33376
134179	19624	31487	33690	33815
134228	31561	32741	33730	33590
134270	39425	35423	33719	33768
134312	41412	34607	33715	33587
134354	29816	34727	33723	33578
134396	32765	34244	33716	33765
134459	33844	32621	33716	33580
134522	35386	32947	33717	33755
134564	34379	34637	33741	33594
134606	25886	33680	33716	33777
134655	19542	35252	33697	33619
134697	29506	33173	33707	33581
134753	41251	33316	33702	33725
134795	38991	33001	33730	33615
134844	31167	33747	33708	33734
134900	33802	34669	33731	33881
134942	34274	33484	33697	33649
134998	34583	34798	33710	33743
135040	36648	34335	33709	33588
135082	30233	33164	33714	33690
135124	20862	32287	33724	33819
135166	25345	34424	33694	33487
135215	35886	33816	33722	33708
135257	43586	34993	33731	33606
135299	31983	32810	33723	33708
135341	32703	33992	33702	33737
135383	33390	33948	33708	33545
135446	34472	34152	33714	33601
135509	36449	33901	33723	33509
135565	30241	33589	33712	33528
135607	49775	32968	33714	33706
135663	25577	33653	33704	33536
135719	37329	33962	33721	33673
135761	42692	32083	33730	33639
135803	31955	34024	33718	33734
135852	33748	33503	33684	33544
135915	34080	33453	33704	33734
135978	34011	34013	33732	33575
136041	35785	31325	33701	33628
136097	49651	34614	33726	33775
136146	19880	34837	33720	33806
136188	31629	34860	33716	33608
136230	39163	34913	33680	33635
136272	40808	34591	33723	33553
136314	31826	33811	33719	33626
136370	34409	32286	33715	33540
136447	34168	30987	33715	33718
136510	34900	33918	33732	33460
136573	29667	36587	33730	33577
136629	21276	33323	33715	33433
136678	29509	34094	33727	33646
136734	40568	31850	33700	33583
136783	34937	34183	33728	33627
136832	30654	32318	33730	33680
136874	33219	33419	33722	33783
136916	33925	34772	33674	33589
136972	34682	32239	33733	33684
137035	30991	34198	33717	33732
137091	50751	31633	33709	33787
137133	23204	34681	33726	33455
137175	33570	33288	33706	33723
137217	41569	34753	33721	33670
137273	30633	34106	33697	33549
137329	32309	35483	33699	33599
137378	33680	33519	33709	33699
137420	34019	33471	33705	33566
137476	35292	33811	33725	33639
137518	34582	34637	33721	33674
137581	50867	31266	33732	33827
137644	27233	35958	33715	33781
137700	38678	31603	33730	33687
137749	38839	34363	33717	33642
137798	31524	33635	33708	33557
137854	33806	35137	33717	33594
137910	33860	32073	33713	33549
137959	34241	32189	33729	33565
138015	38815	32747	33723	33816
138071	17926	34127	33703	33704
138120	18721	34161	33695	33559
138162	28959	35459	33705	33392
138218	40584	35222	33710	33634
138260	38532	31320	33729	33661
138302	31734	34037	33708	33841
138344	33775	32971	33734	33565
138400	34340	33523	33691	33873
138449	34092	34838	33738	33683
138491	34253	33586	33701	33543
138547	36622	34703	33723	33577
138603	31199	32588	33722	33828
138666	22751	32447	33720	33458
138715	34718	32558	33699	33450
138757	43326	33604	33717	33561
138799	33327	34008	33726	33606
138848	31533	34203	33707	33694
138904	34532	34528	33696	33582
138967	34478	34253	33726	33659
139023	38001	32495	33718	33683
139093	23460	32848	33709	33851
139142	20096	32944	33707	33600
139205	33847	33424	33731	33653
139261	44279	33752	33699	33537
139324	30048	32578	33704	33729
139373	33234	32293	33704	33571
139429	34033	32439	33705	33910
139471	34571	32055	33705	33625
139534	33785	34015	33721	33692
139590	52160	34847	33723	33653
139632	19321	35113	33695	33834
139695	37208	32351	33722	33747
139744	44343	34731	33720	33666
139786	30022	33629	33723	33603
139828	30660	32595	33716	33569
139884	33372	32455	33704	33668
139947	34164	33962	33720	33627
139996	35304	33514	33702	33632
140052	30849	34290	33705	33680
140094	51636	33133	33728	33600
140143	23052	33133	33704	33880
140185	34411	33977	33695	33750
140227	41549	33796	33707	33774
140269	36215	35609	33720	33606
140311	31655	34401	33703	33710
140367	33801	33088	33729	33684
140409	34012	34991	33703	33546
140451	34342	35690	33725	33826
140493	34783	33231	33712	33712
140535	30999	33291	33713	33672
140577	22989	33554	33730	33716
140626	18962	32693	33748	33685
140668	30795	35072	33685	33498
140710	38225	34973	33725	33894
140752	41985	32025	33723	33647
140808	32518	30816	33737	33781
140864	33951	35276	33720	33825
140906	34243	36224	33734	33707
140948	33787	34428	33719	33733
140997	39201	34481	33696	33688
141039	30817	34025	33715	33808
141088	23334	33290	33722	33701
141130	23989	33354	33703	33595
141179	35071	34397	33721	33634
141221	42740	31532	33695	33761
141263	32079	32792	33716	33758
141312	32935	32691	33729	33692
141361	34562	33391	33705	33506
141410	34342	34553	33709	33785
141473	34586	34793	33692	33776
141515	31758	34838	33706	33527
141557	11583	33906	33712	34029
141613	20353	32158	33694	33631
141655	32105	34223	33686	33515
141704	41798	35937	33696	33565
141753	33902	34107	33731	33631
141802	32493	34327	33722	33870
141858	33627	34388	33712	33605
141914	34421	33304	33720	33596
141970	39751	35050	33700	33794
142026	25271	32548	33693	33692
142068	21552	31430	33706	33750
142117	29329	32384	33726	33593
142159	37569	32022	33724	33636
142201	44141	33782	33714	33486
142243	29781	34374	33697	33531
142285	31610	34946	33715	33543
142334	33639	33967	33724	33475
142390	34600	34792	33721	33764
142432	38309	32335	33702	33697
142474	30569	33413	33692	33672
142523	22488	33873	33719	33878
142572	28242	33530	33710	33527
142614	36456	32329	33713	33627
142656	44270	34177	33709	33678
142698	30878	33997	33695	33698
142740	32587	33792	33699	33778
142782	34170	31917	33729	33564
142824	34152	32863	33704	33714
142887	38189	34155	33709	33678
142943	30045	33212	33728	33674
142985	49880	32790	33714	33548
143027	22875	34088	33698	33504
143069	33464	35586	33704	33553
143111	41031	33587	33685	33464
143167	32861	31705	33725	33728
143223	33939	35014	33711	33575
143279	34366	34120	33713	33640
143328	33700	32727	33712	33811
143370	34784	34588	33724	33738
143412	32299	34231	33725	33658
143461	32427	36534	33721	33797
143503	18535	31855	33698	33426
143545	28558	32554	33716	33718
143587	37283	32278	33718	33621
143643	39470	32831	33717	33727
143706	33436	34198	33696	33554
143762	34617	32898	33703	33759
143804	34537	32211	33700	33591
143853	34126	32967	33698	33661
143895	38380	33627	33702	33658
143937	29660	35144	33711	33608
143979	25238	34273	33727	33932
144021	24367	36565	33714	33671
144063	33957	34941	33722	33767
144119	43930	34496	33706	33678
144168	29763	35315	33726	33619
144224	33255	33785	33699	33678
144280	34041	33958	33724	33662
144329	34340	33507	33726	33608
144371	39951	32498	33716	33809
144413	30916	34858	33719	33801
144455	50766	32466	33720	33771
144497	23139	32049	33719	33684
144539	34015	33729	33705	33357
144588	43912	35625	33705	33711
144644	30331	33692	33720	33655
144707	33636	33025	33708	33641
144749	34363	34408	33732	33596
144805	34228	33328	33705	33425
144847	39492	33025	33709	33521
144889	30568	33777	33719	33844
144931	51242	34510	33721	33731
144980	22214	32621	33696	33487
145022	33144	33641	33724	33525
145071	41900	34407	33716	33890
145120	32695	34045	33695	33820
145169	33337	33814	33714	33721
145211	34684	33452	33712	33697
145253	34163	33331	33701	33681
145309	33941	31654	33729	33541
145351	38580	31286	33700	33645
145407	29489	32755	33713	33749
145449	20494	33936	33707	33943
145491	23932	33731	33719	33616
145540	35817	34320	33700	33593
145582	43435	35551	33703	33712
145631	32367	33419	33710	33702
145694	33452	33131	33713	33674
145757	33903	33092	33709	33641
145813	33723	32902	33698	33934
145876	34017	32070	33714	33597
145925	21504	34131	33701	33970
145967	19129	32932	33709	33663
146023	32074	34519	33723	33809
146079	42423	33961	33718	33668
146142	31952	33656	33742	33597
146191	33498	33765	33701	33945
146240	34330	32476	33722	33592
146289	34070	34603	33721	33690
146331	34254	34846	33727	33597
146373	37113	33347	33716	33796
146422	23206	32151	33715	33738
146471	17320	33524	33699	33424
146513	28354	34178	33724	33615
146555	37354	33628	33708	33668
146597	44818	33524	33721	33688
146639	31910	33549	33719	33739
146681	33025	32616	33723	33546
146730	34868	33888	33714	33677
146772	34684	33103	33716	33532
146814	35413	32774	33716	33784
146856	35992	33042	33698	33336
146898	29829	33776	33728	33798
146947	21239	34032	33704	33847
147003	32210	34592	33726	33551
147059	42440	33806	33725	33724
147101	32273	32425	33723	33469
147157	31582	32963	33703	33575
147206	33240	34753	33707	33846
147262	33879	34802	33726	33625
147304	39368	33208	33694	33606
147346	34382	33885	33737	33785
147388	48868	32349	33690	33769
147451	29522	33450	33717	33609
147500	37639	32511	33700	33855
147542	39331	33740	33717	33717
147591	31339	32770	33727	33890
147633	33290	34560	33713	33589
147675	33691	34502	33709	33777
147717	31749	32249	33719	33635
147759	35169	31998	33712	33699
147801	31038	33442	33742	33502
147843	42493	33441	33713	33647
147885	19160	32817	33732	33700
147927	29549	33706	33718	33544
147983	40209	34839	33710	33588
148025	38762	31526	33710	33506
148067	33151	32077	33713	33485
148116	34651	34499	33724	33583
148165	34653	35618	33703	33491
148214	34215	34855	33714	33643
148284	34436	34046	33723	33475
148326	27900	33332	33721	33595
148375	17918	32774	33731	33620
148417	27876	32695	33713	33940
148466	37596	32734	33717	33594
148515	40287	33956	33727	33406
148578	33301	33564	33714	33714
148634	35006	33669	33727	33605
148683	34553	35810	33715	33723
148725	34252	39400	33728	33636
148767	35259	33304	33716	33616
148823	29951	32674	33696	33648
148872	29385	34911	33683	33879
148914	24115	31545	33712	33756
148963	35126	33747	33713	33491
149005	44711	35192	33727	33660
149047	32152	33745	33738	33735
149103	33076	31335	33722	33762
149145	34182	33463	33724	33747
149201	34396	31976	33742	33709
149257	39480	32915	33713	33604
149313	29766	33992	33711	33535
149369	19423	35449	33700	33462
149418	30225	34471	33717	33514
149467	40287	35089	33722	33699
149516	34452	31963	33712	33683
149565	31184	31628	33726	33625
149607	34024	32828	33711	33727
149649	34311	33514	33697	33876
149691	34600	34074	33698	33597
149733	39767	32894	33732	33686
149775	30067	33361	33727	33713
149831	22282	34616	33719	33613
149873	25581	34203	33712	33593
149922	36314	34848	33710	33421
149964	45085	33583	33720	33599
150013	31181	34495	33723	33525
150055	32550	33655	33738	33560
150111	34250	33239	33736	33605
150153	34271	32946	33711	33791
150195	34960	33132	33743	33796
150237	38897	33198	33703	33621
150279	29665	33752	33720	33743
150321	49496	33595	33705	33568
150377	26496	33265	33724	33448
150433	37967	33114	33718	33670
150475	42509	34704	33725	33643
150517	32669	33672	33688	33547
150566	34460	33419	33700	33844
150615	34164	33666	33732	33768
150657	33871	32967	33708	33712
150699	33952	34372	33699	33667
150748	36733	31904	33710	33702
150804	24967	35486	33727	33733
150867	22340	33867	33703	33579
150937	38060	34716	33706	33621
150979	42656	34502	33717	33726
151021	31522	32846	33701	33805
151063	33907	33172	33723	33722
151119	35373	34273	33721	33682
151175	34984	32206	33710	33629
151217	34949	33179	33716	33631
151273	30687	33296	33722	33886
151315	51228	32552	33721	33754
151357	21107	34397	33703	33771
151406	33511	33977	33742	33380
151448	42733	33121	33706	33688
151504	29714	33095	33689	33648
151574	32290	32055	33692	33577
151616	33330	32328	33722	33692
151658	33577	31866	33703	33637
151700	39455	34798	33719	33726
151742	30710	32806	33700	33744
151791	50838	33926	33712	33652
151833	22526	34487	33710	33590
151889	36087	33854	33729	33544
151938	43808	32739	33728	33774
151980	30855	33083	33704	33638
152029	33868	32874	33707	33713
152078	34910	33171	33703	33634
152134	34660	34149	33716	33539
152183	39704	33329	33703	33693
152225	30459	34646	33699	33654
152267	50301	33821	33724	33637
152309	21277	35624	33723	33515
152351	32141	35142	33714	33628
152393	40115	34090	33710	33685
152442	35363	33308	33723	33905
152498	33076	35269	33719	33535
152561	34564	34196	33695	33592
152617	34581	35551	33732	33606
152659	35063	32978	33717	33811
152701	31050	34995	33713	33542
152757	50568	34023	33727	33777
152799	20598	33264	33711	33761
152855	34503	34848	33702	33405
152911	43824	33948	33712	33550
152960	32378	32784	33730	33767
153002	33277	33642	33701	33646
153044	33835	33179	33731	33706
153086	33874	32578	33738	33470
153128	34044	33366	33706	33479
153170	37896	34696	33706	33599
153212	30265	34584	33717	33682
153254	52039	32881	33723	33683
153296	19630	32744	33698	33561
153338	30680	34503	33728	33453
153387	40025	34537	33706	33661
153443	32371	32891	33708	33626
153492	32714	33569	33722	33702
153555	33423	33694	33721	33703
153604	34351	30824	33708	33738
153660	39179	34465	33721	33706
153709	31002	33057	33717	33666
153765	21068	32376	33724	33705
153814	28457	34356	33686	33494
153877	40853	33504	33724	33545
153919	38203	34172	33739	33869
153968	29868	34915	33703	33553
154031	34086	34603	33716	33627
154087	34203	33131	33726	33594
154129	35010	32157	33726	33636
154192	30275	33519	33708	33697
154248	20883	32021	33709	33566
154297	29212	30669	33697	33736
154339	37092	34286	33707	33764
154395	39736	34911	33716	33545
154437	31838	35179	33710	33611
154479	33980	32721	33723	33798
154528	34026	34958	33709	33826
154577	33644	31995	33725	33640
154619	34725	34302	33709	33696
154668	30801	33036	33730	33662
154724	50850	34603	33721	33702
154787	25890	31909	33709	33616
154850	39253	31744	33725	33496
154913	33640	32584	33724	33617
154969	33996	34013	33729	33556
155039	34461	33855	33725	33893
155088	34244	33962	33705	33856
155151	38036	32223	33707	33715
155214	51786	33189	33717	33731
155270	21431	34751	33710	33550
155326	35390	34324	33709	33620
155375	43892	30728	33709	33738
155417	31526	33740	33696	33777
155459	32716	35602	33720	33669
155501	34205	37774	33706	33584
155550	34745	36874	33714	33603
155599	33878	35846	33724	33520
155655	30772	33955	33721	33570
155697	51646	31142	33715	33828
155739	22593	38229	33738	33688
155781	31202	30572	33713	33660
155823	36636	30513	33716	33704
155865	37931	29162	33724	33688
155928	30403	31565	33736	33675
155991	38408	33646	33710	33552
156054	33291	33440	33734	33551
156110	32952	34346	33678	33773
156159	52693	34112	33715	33667
156201	21986	33601	33692	33799
156243	34672	33704	33699	33502
156285	43690	33410	33721	33802
156334	35604	33273	33667	33588
156376	33342	31096	33691	33397
156432	37367	38086	33696	33492
156488	37325	44079	33716	33326
156558	30979	36051	33708	33407
156614	20972	26951	33706	34181
156663	25415	33053	33720	33883
156712	35744	34069	33726	33894
156761	41959	31892	33708	33576
156810	29532	33566	33666	33710
156859	33767	31705	33732	33572
156908	35665	34815	33713	33799
156957	37559	33388	33662	33499
157020	31477	33721	33713	33741
157069	23513	34091	33726	33468
157118	26318	29193	33717	33467
157160	35660	27158	33691	33830
157209	42517	25479	33647	34078
157251	32326	34078	33732	33506
157300	34794	33287	33677	33513
157349	37036	32207	33711	33754
