timestamp	ch1	ch2	ch3	ch4
10	40612	43340	32726	32770
24	7567	65503	32687	32729
38	23450	9706	32744	32652
52	630	32399	32723	32716
66	33478	65462	32667	32738
80	45203	34845	32747	32783
94	23695	20230	32695	32788
108	29492	40138	32711	32642
122	46861	65505	32729	32670
136	41352	18784	32686	32630
150	43245	18367	32710	32720
171	40622	14292	32695	32680
185	39129	34480	32739	32488
199	39965	65506	32659	32531
213	917	11390	32731	32516
227	4	26922	32732	32543
241	2204	65460	32668	32567
255	9099	28611	32742	32584
269	15253	12631	32737	32528
283	20403	33392	32713	32564
297	24745	41907	32684	32612
311	34836	13109	32739	32558
332	44726	19895	32737	32686
346	32663	17547	32749	32709
360	40688	37003	32625	32718
381	32897	30670	32691	32750
395	51815	43812	32667	32734
409	51118	19686	32751	32664
430	51821	40601	32684	32677
444	30653	14703	32757	32678
465	35275	7090	32722	32730
479	22623	29618	32681	32721
500	21413	20516	32682	32717
514	40793	45324	32617	32727
535	27197	38256	32727	32667
549	51779	43846	32685	32691
570	50396	65505	32662	32648
591	40797	52079	32632	32656
612	28820	41971	32753	32711
633	18440	39314	32685	32685
654	13707	29426	32681	32711
682	49267	65504	32701	32606
703	48510	65504	32725	32638
724	47959	65504	32716	32616
745	45431	13699	32723	32602
766	35247	34330	32712	32665
787	18114	22792	32719	32715
808	9121	16854	32709	32768
829	10028	4050	32680	32635
850	14735	858	32744	32663
871	18891	6777	32719	32672
892	25114	18985	32721	32671
913	25657	28017	32746	32609
934	45059	45758	32727	32669
955	48836	65507	32690	32648
976	51683	65495	32677	32684
997	51223	65505	32673	32705
1018	42097	65502	32652	32738
1039	32076	49059	32638	32696
1060	25232	41632	32675	32684
1081	20331	24750	32682	32645
1102	21952	24605	32656	32658
1123	24511	18378	32737	32651
1144	27669	20489	32751	32679
1165	35526	22606	32744	32728
1186	40758	38196	32734	32613
1214	42043	34724	32714	32630
1235	34174	26109	32724	32679
1256	25862	18156	32732	32696
1284	30722	65504	32670	32614
1312	38322	25471	32737	32645
1340	20497	19803	32756	32587
1368	46807	40562	32648	32672
1396	14626	8242	32668	32622
1424	45875	46729	32653	32618
1452	17107	7155	32687	32642
1480	39493	65505	32645	32578
1515	21834	26296	32742	32670
1550	15266	8456	32672	32653
1585	31953	21131	32719	32700
1620	51163	42662	32648	32653
1655	43293	65504	32652	32727
1690	23206	29339	32663	32694
1725	15564	12267	32668	32680
1760	32317	23895	32729	32685
1795	51163	39574	32635	32678
1830	40116	65504	32652	32686
1865	24593	44157	32734	32623
1900	15600	6263	32652	32620
1935	29985	14555	32692	32633
1970	49451	34899	32594	32680
2012	33346	24382	32718	32719
2047	51522	42393	32628	32683
2089	35806	30309	32735	32674
2124	50572	42547	32635	32647
2166	38735	32000	32753	32689
2201	51643	44730	32629	32684
2243	43870	29934	32728	32676
2278	45015	46404	32623	32663
2320	44513	37440	32716	32707
2355	47919	50132	32640	32628
2397	48458	34301	32673	32684
2439	30075	18817	32724	32694
2481	15740	6308	32671	32690
2523	20673	25773	32743	32647
2565	35604	65506	32646	32612
2607	46568	59643	32637	32681
2649	47887	40330	32746	32692
2691	31976	15989	32734	32665
2733	15779	6569	32669	32703
2775	21428	24766	32742	32650
2817	34278	65506	32646	32669
2859	49320	45078	32642	32719
2901	49465	41531	32726	32664
2943	29986	21554	32727	32666
2992	35198	65505	32645	32701
3034	48816	46919	32636	32659
3076	46618	38243	32733	32672
3118	28657	16724	32692	32692
3160	14660	8324	32671	32595
3202	22113	22344	32750	32666
3251	46290	33122	32740	32743
3293	24703	22050	32694	32676
3335	15168	13571	32672	32684
3384	49586	41873	32623	32697
3426	40868	32285	32756	32644
3475	27089	38073	32716	32675
3517	40124	65504	32643	32674
3566	18020	6773	32682	32638
3615	43971	63024	32634	32741
3664	14636	15886	32683	32683
3713	50031	46345	32620	32668
3769	42046	65504	32649	32580
3818	17871	11557	32679	32665
3874	29389	14734	32711	32709
3930	42534	29060	32750	32682
3986	51302	40003	32626	32697
4035	20300	17552	32747	32690
4084	46155	35624	32669	32711
4133	22385	29399	32677	32639
4182	43705	31590	32738	32613
4231	26654	29444	32651	32692
4287	19431	21542	32736	32667
4336	48161	31700	32753	32702
4392	50047	44306	32617	32694
4441	16382	13307	32658	32667
4490	50145	40682	32726	32703
4539	18800	21716	32740	32638
4588	46383	35617	32739	32716
4637	22357	28751	32744	32698
4686	42487	27789	32738	32701
4735	26708	33508	32662	32661
4784	34961	23624	32733	32650
4840	47476	36733	32706	32680
4889	22669	32678	32742	32632
4938	42893	26547	32738	32659
4987	26829	33682	32654	32627
5043	24240	17367	32742	32629
5099	17594	9024	32665	32669
5148	50696	46557	32640	32631
5197	16166	13169	32677	32675
5253	16423	10117	32680	32655
5302	48763	65471	32650	32703
5358	37082	65504	32643	32692
5414	27956	35736	32648	32646
5470	20144	24798	32730	32662
5526	15078	11504	32675	32651
5582	18072	13288	32695	32604
5638	15259	16136	32740	32626
5694	48775	26959	32718	32707
5750	34246	41365	32714	32681
5806	28249	46466	32685	32688
5862	33776	65504	32699	32645
5918	36186	42001	32683	32685
5974	36726	22887	32700	32588
6030	48524	14362	32696	32758
6086	38684	14067	32716	32643
6142	33043	13948	32698	32728
6198	29705	30374	32710	32671
6254	25560	38205	32711	32651
6310	24065	65504	32716	32638
6366	24826	65505	32710	32610
6422	26657	38658	32740	32639
6478	28694	22056	32748	32613
6534	30528	17013	32717	32650
6590	32002	7328	32710	32724
6646	33075	18659	32726	32624
6702	12461	30333	32718	32660
6758	9964	38502	32734	32693
6821	18827	13972	32748	32681
6877	17759	23643	32694	32653
6933	20790	33742	32690	32716
6996	32856	11438	32730	32692
7052	34905	21459	32758	32714
7122	39828	65502	32727	32632
7192	42631	14117	32735	32637
7255	45732	37212	32739	32665
7311	49630	26990	32735	32644
7374	38000	65503	32694	32665
7437	17278	33658	32684	32679
7500	30918	9147	32769	32646
7563	43685	27450	32732	32629
7626	18328	65504	32715	32712
7696	26845	16428	32719	32662
7759	33171	65506	32728	32613
7822	35780	42406	32689	32692
7885	36276	18773	32739	32681
7948	35667	13783	32744	32668
8011	34655	65503	32713	32662
8081	33570	11631	32744	32640
8144	32820	28088	32725	32633
8207	32315	65500	32739	32657
8270	32045	34151	32725	32719
8333	31962	9097	32743	32622
8396	31994	34393	32738	32663
8459	32092	65504	32726	32647
8522	32220	30355	32707	32684
8585	32748	5959	32751	32639
8655	32070	42852	32725	32662
8718	32288	19789	32720	32701
8788	32987	65504	32729	32618
8858	34531	12873	32727	32676
8928	29987	34088	32722	32658
9005	29029	34596	32744	32662
9075	38449	35016	32726	32644
9145	28263	12232	32739	32632
9215	30522	47515	32738	32697
9285	37569	16764	32707	32666
9362	26685	15170	32713	32683
9432	27536	35776	32702	32672
9502	49247	65505	32717	32630
9579	45621	37223	32732	32647
9649	25410	13654	32736	32636
9726	23328	15749	32735	32681
9796	22628	47059	32733	32669
9873	29265	65505	32748	32704
9943	43433	16958	32722	32680
10020	39969	8689	32737	32638
10097	41211	8464	32733	32650
10174	36799	11624	32739	32651
10251	34322	5405	32751	32632
10328	33120	7073	32753	32636
10405	31277	10536	32729	32691
10475	22862	48764	32727	32693
10552	23878	47798	32732	32668
10622	49576	19575	32728	32682
10699	45471	15373	32729	32692
10776	47848	16140	32745	32630
10846	12363	30766	32691	32669
10923	12488	35508	32728	32678
11000	13231	40707	32710	32675
11077	14569	40399	32721	32694
11154	15950	39373	32744	32694
11231	18441	46071	32728	32699
11308	20229	45171	32733	32656
11385	25634	48186	32725	32684
11462	28834	65505	32740	32681
11532	48517	16298	32727	32688
11609	47379	20781	32738	32687
11686	44939	14339	32751	32608
11756	13337	34335	32710	32748
11833	16084	34550	32719	32618
11903	51270	52032	32706	32664
11980	51699	29882	32724	32681
12050	22242	14043	32720	32664
12127	17782	20746	32722	32699
12197	35367	65505	32735	32611
12274	35846	44479	32700	32674
12344	40170	13527	32750	32633
12421	36406	9438	32749	32659
12491	15151	38673	32723	32619
12568	17429	40553	32747	32639
12638	50726	39128	32727	32648
12715	50802	22207	32746	32665
12785	14401	22571	32708	32645
12862	8293	25956	32696	32706
12932	40850	46195	32704	32715
13009	42086	65506	32698	32620
13079	39262	13502	32736	32660
13149	13869	46422	32740	32661
13226	15443	42306	32732	32659
13296	51767	29075	32739	32589
13373	51804	20902	32721	32604
13443	10052	21642	32688	32668
13520	7791	28180	32719	32661
13597	6784	32096	32707	32649
13667	46073	65504	32704	32666
13744	47847	65505	32704	32641
13821	50487	37658	32707	32626
13891	26919	11333	32724	32638
13968	24268	12248	32715	32628
14038	27156	48953	32740	32655
14115	29038	46527	32726	32664
14185	51807	14727	32759	32672
14262	51787	11803	32738	32637
14332	6932	32182	32725	32686
14409	8633	37692	32728	32697
14479	51802	43908	32702	32631
14556	51802	35696	32693	32676
14633	51809	29104	32753	32672
14703	13987	19152	32715	32635
14780	11228	17018	32706	32642
14850	39607	65506	32712	32670
14927	39002	65504	32723	32679
14997	42946	13626	32750	32712
15074	34299	3892	32734	32658
15151	40680	13299	32739	32702
15221	14726	42003	32722	32675
15298	18079	47496	32728	32681
15368	17420	23693	32724	32624
15445	22823	19977	32733	32591
15522	29024	18373	32722	32653
15599	51821	15670	32710	32661
15676	7213	12237	32739	32700
15753	28940	13372	32746	32608
15830	37107	15359	32740	32618
15907	51814	13256	32727	32654
15984	51471	10613	32724	32697
16061	3434	10806	32742	32645
16138	43912	8566	32720	32711
16215	41548	17502	32716	32701
16292	31202	11707	32720	32698
16369	5315	15380	32736	32736
16446	21295	23381	32744	32696
16523	38062	24300	32726	32638
16593	42821	48325	32695	32599
16670	42266	46869	32681	32699
16740	39511	14728	32742	32642
16817	36224	6639	32753	32598
16887	33837	44400	32658	32731
16957	32219	31521	32714	32652
17027	31305	27954	32719	32698
17097	30935	65504	32692	32640
17167	36762	10953	32690	32642
17237	18363	30233	32730	32661
17307	24806	38373	32726	32689
17377	14074	11884	32755	32676
17454	50341	11984	32703	32744
17531	38626	19155	32707	32710
17601	8783	47957	32685	32658
17671	20764	12339	32731	32596
17741	36546	33995	32757	32698
17818	42244	30430	32724	32737
17888	42030	32480	32733	32662
17958	39576	14353	32729	32688
18028	51820	65501	32715	32648
18105	41368	65506	32736	32671
18175	31981	10531	32674	32728
18252	27449	13122	32702	32676
18322	23226	35659	32721	32658
18399	23324	36732	32648	32673
18469	4	65506	32747	32731
18546	7510	36019	32727	32670
18616	47131	24170	32744	32665
18693	44202	24236	32732	32637
18763	39275	46781	32743	32686
18840	51814	47064	32732	32674
18910	18822	14201	32729	32617
18987	11063	12865	32723	32632
19064	6512	12790	32749	32680
19134	27821	41874	32674	32722
19211	39747	46657	32676	32735
19281	26960	18892	32749	32636
19358	36323	24668	32646	32670
19435	14920	15928	32659	32666
19512	7208	12954	32675	32678
19589	23538	11862	32744	32656
19659	51811	34480	32737	32684
19736	49512	35781	32726	32619
19813	47248	40250	32613	32689
19883	21245	32046	32655	32675
19960	20262	32730	32735	32677
20030	31198	15745	32687	32701
20107	21383	26697	32744	32651
20177	34464	47056	32703	32694
20247	51811	10957	32716	32642
20324	40318	16240	32714	32631
20394	33024	40218	32727	32691
20471	25919	44923	32744	32656
20541	24612	28327	32724	32585
20611	26140	21355	32719	32674
20688	4	23234	32744	32681
20758	51807	65505	32707	32644
20835	39738	65506	32716	32650
20912	9107	65506	32717	32660
20982	51815	10857	32721	32663
21059	46641	14174	32726	32697
21129	17442	45175	32693	32661
21199	35008	22264	32721	32633
21276	41820	20936	32732	32674
21346	42123	24773	32728	32671
21416	50167	41348	32726	32701
21486	36975	10179	32711	32704
21563	29223	12537	32730	32695
21633	23635	46235	32732	32626
21703	30720	25831	32719	32649
21773	12806	24425	32726	32666
21843	30596	65505	32723	32605
21913	42638	6504	32734	32611
21983	45479	40027	32741	32689
22060	43363	45600	32714	32692
22130	39722	24694	32726	32648
22200	36253	25155	32733	32729
22277	33389	23776	32742	32644
22347	31732	65503	32754	32702
22417	37145	14167	32742	32649
22487	26159	41548	32723	32691
22557	45099	41714	32735	32677
22627	20745	19949	32746	32702
22697	24170	65505	32742	32645
22767	36910	14486	32729	32671
22844	34207	9629	32712	32640
22914	24417	37639	32731	32660
22984	40498	44703	32728	32598
23054	31585	17507	32734	32676
23131	31042	12004	32748	32674
23201	35996	48053	32732	32646
23271	45262	17431	32716	32683
23341	19992	28318	32712	32689
23411	45332	65504	32726	32655
23481	27988	23034	32739	32662
23558	30090	12399	32726	32709
23628	29202	48610	32709	32632
23698	41861	25713	32724	32612
23775	32808	15926	32722	32657
23845	21333	30916	32720	32703
23915	43630	65506	32732	32663
23992	41165	65504	32715	32650
24062	36227	13048	32744	32692
24139	35178	8097	32737	32669
24209	29390	44467	32746	32713
24286	33226	47333	32738	32661
24356	45700	23078	32716	32615
24433	38263	15039	32736	32685
24510	33329	14179	32753	32659
24580	7328	31594	32699	32674
24657	19685	31085	32701	32653
24734	22491	39928	32733	32730
24804	51000	36679	32732	32673
24881	47655	44475	32734	32663
24951	39207	20604	32707	32663
25028	21604	17349	32707	32759
25105	10964	14121	32728	32682
25182	22466	24640	32711	32678
25252	36490	65505	32729	32635
25329	37935	65505	32715	32636
25399	50874	7447	32736	32642
25476	47352	12271	32722	32723
25553	46024	680	32722	32674
25630	44610	10486	32735	32675
25707	28938	12195	32742	32672
25777	21467	46926	32719	32638
25847	36285	28384	32717	32674
25924	42985	23007	32731	32615
25994	29274	32105	32716	32681
26071	33478	28117	32719	32693
26141	51605	65504	32726	32638
26218	39582	65504	32726	32629
26288	25470	9132	32754	32664
26365	27110	13740	32747	32677
26442	44189	8833	32715	32734
26512	22625	46122	32734	32704
26582	31935	19153	32750	32674
26652	25059	25622	32744	32647
26722	35241	65504	32731	32641
26792	38794	13323	32738	32675
26862	34665	44735	32727	32702
26932	41795	28954	32709	32625
27009	37880	29943	32711	32622
27079	28657	20027	32747	32696
27156	23214	24628	32735	32713
27226	40183	44943	32743	32671
27296	39462	7687	32736	32609
27366	17036	37769	32730	32652
27436	35459	52370	32738	32678
27506	34602	8003	32748	32680
27576	35694	65504	32741	32674
27646	46000	14216	32750	32639
27716	19324	26511	32706	32683
27786	34118	65504	32737	32636
27863	38330	65504	32737	32683
27933	27070	11781	32747	32700
28003	25128	45278	32732	32676
28080	30784	45792	32736	32616
28150	46415	18388	32699	32654
28227	40559	21418	32729	32659
28297	12387	27014	32740	32709
28374	9953	27142	32723	32681
28444	34615	65505	32729	32730
28514	30221	10121	32739	32646
28584	32994	46320	32718	32640
28661	36601	46405	32717	32592
28731	51816	23811	32721	32619
28808	43393	16829	32718	32631
28878	34517	28152	32729	32660
28955	4	27034	32743	32734
29032	25088	30888	32732	32622
29102	39484	65504	32721	32675
29179	40975	37731	32706	32718
29249	40905	13739	32765	32694
29326	44314	10176	32728	32617
29396	49951	46367	32617	32675
29473	14620	49195	32645	32638
29550	28885	52737	32662	32747
29620	34201	17251	32740	32603
29704	35773	65506	32681	32689
29781	35186	65505	32676	32683
29858	51796	65504	32733	32674
29935	39224	41989	32740	32644
30012	1176	37749	32692	32636
30089	49101	65505	32714	32612
30166	38264	65504	32724	32624
30243	8798	32249	32678	32678
30320	31764	45399	32685	32611
30397	31167	42684	32748	32651
30474	33062	26161	32690	32655
30551	21630	35964	32661	32631
30628	12089	26784	32666	32644
30705	8320	24283	32651	32625
30782	19757	26165	32753	32683
30866	51811	65506	32655	32644
30943	51819	45694	32620	32649
31020	40624	47536	32622	32688
31097	25852	65504	32690	32685
31174	34347	65506	32713	32650
31251	36803	65505	32695	32677
31328	51549	65504	32729	32655
31405	31033	35874	32615	32650
31482	15729	65506	32704	32697
31552	29275	12816	32762	32584
31629	35335	13231	32745	32647
31706	36646	17446	32753	32665
31776	35952	65505	32704	32677
31853	50493	65506	32744	32671
31930	19648	65505	32691	32645
32007	39728	65506	32641	32602
32084	36439	44565	32633	32648
32154	9065	14178	32682	32698
32231	14391	9483	32676	32716
32301	51747	47891	32611	32686
32378	51689	45816	32610	32675
32455	51627	47690	32607	32683
32525	10146	16270	32668	32660
32602	8540	18407	32673	32653
32672	42400	34865	32708	32675
32749	42888	31889	32730	32695
32826	48027	38333	32701	32678
32903	48450	38723	32638	32652
32980	50792	40304	32614	32739
33057	51747	38111	32606	32676
33127	22620	29315	32666	32679
33204	18473	26933	32664	32660
33274	30545	19270	32669	32693
33344	51802	65504	32630	32693
33421	51801	44804	32643	32648
33491	5485	10555	32682	32635
33568	6772	14511	32678	32664
33638	51811	43581	32619	32712
33715	51808	42297	32637	32651
33785	15439	24980	32657	32638
33862	12123	19773	32665	32666
33932	35998	28780	32688	32646
34009	35513	29081	32702	32673
34086	44893	34156	32732	32726
34156	41472	65504	32633	32673
34233	35552	30836	32641	32636
34303	15496	16524	32682	32677
34380	22811	15357	32677	32660
34457	28974	19661	32687	32656
34534	30955	18375	32680	32715
34604	50026	65505	32638	32652
34681	51691	44911	32633	32608
34751	4488	8051	32671	32668
34828	10760	10889	32677	32655
34905	14963	4375	32682	32669
34982	17213	10126	32679	32684
35059	21935	9812	32688	32628
35129	51711	47572	32611	32651
35206	51632	46443	32625	32659
35283	51748	45428	32619	32671
35360	21491	45299	32683	32710
35437	35983	65506	32707	32659
35514	40333	65504	32709	32681
35591	39759	65506	32728	32636
35661	51818	10225	32723	32638
35738	39318	7223	32731	32693
35815	30726	18256	32722	32711
35885	25916	49599	32725	32649
35962	22852	65504	32714	32652
36032	24107	15773	32703	32665
36109	27119	13613	32714	32723
36179	29793	35224	32740	32660
36256	32041	36169	32722	32654
36326	33357	38458	32738	32667
36403	34089	29935	32747	32683
36473	34285	20385	32724	32703
36550	34162	21294	32717	32707
36620	33889	65505	32715	32671
36690	33566	9117	32708	32640
36767	33242	10577	32733	32682
36837	33011	42283	32727	32610
36914	32837	45347	32736	32640
36984	32740	23998	32716	32654
37061	32684	16647	32713	32652
37138	32657	15112	32702	32639
37208	32648	29575	32737	32698
37278	32647	65504	32729	32687
37348	32647	6759	32730	32735
37425	32647	5704	32712	32694
37495	32647	44697	32734	32658
37565	32647	19785	32720	32648
37635	32644	28512	32727	32671
37705	32641	65505	32716	32601
37775	38720	14560	32728	32675
37845	20696	46166	32739	32731
37922	23434	48158	32739	32679
37992	41815	21173	32724	32622
38069	43724	15829	32721	32661
38139	31173	33564	32739	32643
38216	33450	35704	32756	32655
38286	43217	65504	32722	32605
38363	32581	42114	32723	32642
38433	34779	12733	32738	32612
38510	34699	14642	32758	32647
38580	33804	65505	32728	32668
38657	32700	65504	32717	32689
38734	31875	44852	32736	32625
38804	31442	13546	32735	32639
38881	31284	10165	32729	32685
38958	31370	15414	32743	32604
39028	31563	65505	32752	32691
39105	31831	65493	32716	32670
39175	32056	13119	32727	32679
39252	32267	14210	32745	32596
39322	32406	36130	32740	32697
39399	32504	38834	32740	32658
39476	32564	44195	32731	32627
39553	32591	43189	32707	32684
39623	32605	25969	32714	32672
39700	32612	20302	32727	32723
39777	32617	19163	32730	32667
39847	32612	29547	32734	32654
39917	32620	65505	32733	32678
39994	32618	39507	32723	32659
40064	32621	11160	32722	32669
40141	32622	15947	32751	32609
40211	32626	47623	32723	32697
40281	32627	14214	32723	32669
40358	32630	14343	32738	32673
40428	32626	38554	32741	32641
40505	32628	41919	32738	32673
40575	32629	43099	32741	32645
40645	32629	20875	32750	32698
40715	32632	46388	32746	32693
40785	32632	10438	32744	32666
40855	32628	35949	32740	32600
40925	32629	42586	32733	32616
40995	32738	20782	32753	32645
41065	31114	46780	32739	32656
41135	31827	14098	32723	32614
41205	32560	33089	32750	32696
41275	33980	42746	32736	32629
41345	29228	10370	32744	32684
41415	32900	46121	32742	32676
41485	44739	13751	32738	32666
41555	33757	37589	32732	32654
41625	31950	65505	32743	32596
41695	35696	9829	32722	32556
41765	13484	49481	32735	32679
41835	20481	21767	32745	32704
41905	19975	29687	32724	32630
41982	32332	30445	32729	32675
42059	40924	37570	32748	32701
42129	42181	43399	32710	32667
42199	40473	11227	32731	32578
42269	37746	48130	32731	32662
42339	35188	13235	32721	32609
42409	33260	29271	32715	32681
42479	32025	65503	32740	32640
42549	31388	11382	32734	32632
42626	31201	10769	32755	32687
42696	31320	47977	32722	32606
42766	31581	18014	32745	32614
42843	31902	16429	32728	32642
42913	32163	36784	32739	32665
42990	32372	37475	32730	32711
43060	32498	32105	32751	32627
43130	32863	13770	32748	32650
43200	43899	44939	32730	32663
43277	35114	65505	32722	32692
43347	23887	20079	32745	32600
43424	20708	6846	32749	32665
43501	17839	15275	32751	32648
43571	35593	47116	32720	32591
43648	42307	47213	32726	32647
43725	42450	65496	32734	32712
43795	40061	13414	32730	32731
43872	36846	12647	32737	32700
43949	34186	7337	32732	32667
44026	32413	11840	32720	32676
44096	31520	43201	32700	32624
44173	31147	47626	32722	32665
44243	30164	25367	32729	32733
44320	31057	20074	32716	32669
44390	31538	30906	32747	32690
44467	32069	32536	32754	32683
44544	30645	36525	32716	32644
44621	31941	42062	32726	32751
44698	32534	43215	32697	32619
44768	32738	27500	32709	32636
44845	32776	21515	32711	32639
44915	32599	26559	32737	32655
44985	45380	65504	32736	32681
45062	27221	65503	32718	32633
45132	31008	12174	32733	32670
45209	32777	17426	32739	32629
45279	32094	47348	32719	32639
45349	32298	13529	32721	32633
45426	34472	18290	32740	32630
45496	28744	30956	32737	32653
45566	35955	35264	32756	32621
45636	31342	12267	32756	32714
45706	32001	47256	32741	32660
45776	40842	14792	32745	32688
45846	19215	30607	32732	32706
45916	38843	65504	32723	32650
45993	31685	65503	32705	32653
46063	29930	14419	32739	32662
46133	29776	48070	32728	32672
46203	40223	19321	32727	32672
46280	38919	16255	32755	32691
46350	24850	28723	32755	32656
46420	50650	65504	32710	32673
46490	22377	13476	32731	32689
46567	24026	12194	32737	32640
46637	32844	46736	32710	32640
46707	36204	13974	32728	32632
46777	28885	38777	32725	32721
46847	40017	65504	32724	32642
46917	29638	14239	32741	32686
46987	30770	47319	32726	32671
47064	39671	65501	32744	32645
47134	42607	12783	32754	32651
47211	29092	11250	32756	32659
47288	30225	11382	32741	32650
47358	22793	43406	32720	32656
47428	42780	32686	32738	32634
47498	25519	12075	32726	32636
47568	41526	65504	32728	32708
47638	35966	18850	32766	32689
47715	38610	16351	32739	32631
47785	18681	45355	32742	32689
47862	23935	40798	32743	32670
47939	26825	45452	32703	32673
48009	42003	17611	32724	32642
48079	26386	26425	32739	32664
48156	29437	31229	32736	32710
48226	37341	65505	32740	32639
48303	35367	41428	32739	32682
48380	34010	42422	32734	32690
48450	33330	16432	32736	32632
48520	35669	43498	32737	32670
48590	46040	11840	32722	32617
48667	40811	15692	32749	32591
48737	14560	39178	32740	32648
48814	31943	40185	32726	32674
48891	18347	44029	32731	32687
48968	18020	48769	32745	32648
49038	41708	22638	32726	32617
49115	45268	20576	32717	32683
49192	46921	13891	32707	32656
49262	21669	38329	32737	32650
49339	15657	37205	32739	32687
49409	50988	28556	32723	32655
49486	51406	29623	32728	32652
49563	39276	23308	32737	32644
49633	18018	17331	32721	32681
49710	12749	28220	32709	32669
49787	15890	29049	32727	32751
49857	42416	40053	32727	32640
49941	18023	41861	32727	32702
50018	23173	41484	32729	32708
50095	29442	43514	32723	32703
50172	25712	46291	32719	32653
50249	28071	48896	32723	32676
50319	24782	24187	32726	32630
50396	33960	15892	32736	32644
50473	38342	9618	32720	32664
50543	51817	37537	32741	32657
50620	40418	42878	32742	32679
50690	31754	35234	32697	32628
50767	25076	20555	32684	32652
50844	3	25774	32661	32628
50914	33957	28241	32700	32674
50991	44510	32088	32694	32648
51061	46704	40132	32627	32689
51138	32886	36667	32626	32622
51215	32350	39004	32679	32605
51285	24135	17692	32677	32706
51362	29596	17852	32681	32664
51432	51785	65505	32631	32687
51509	42984	65505	32618	32667
51586	49903	65503	32624	32641
51656	8100	11397	32688	32657
51733	11580	15603	32677	32649
51810	39916	13842	32742	32687
51887	30856	15179	32683	32658
51957	51772	63889	32633	32675
52034	18020	45106	32702	32732
52118	34751	29715	32736	32688
52195	39597	29978	32735	32690
52272	51055	30837	32747	32694
52349	37092	38292	32733	32691
52419	4	37807	32743	32646
52489	1757	16464	32736	32628
52566	28624	14725	32747	32678
52636	51815	65505	32722	32665
52706	47427	16387	32714	32599
52783	36254	13466	32725	32644
52860	27423	6082	32734	32636
52937	25182	7135	32736	32693
53007	26333	39827	32739	32693
53084	28715	37760	32759	32685
53161	21245	41785	32724	32681
53231	32050	22317	32662	32677
53308	39282	19199	32671	32697
53385	39334	7085	32687	32653
53462	36001	13791	32694	32687
53532	37600	37400	32704	32668
53602	38780	32494	32735	32695
53679	36643	31864	32732	32635
53756	33978	26275	32764	32680
53826	34096	28508	32750	32673
53903	34807	27643	32749	32651
53973	33684	65506	32671	32623
54050	34512	40168	32658	32688
54120	29010	13243	32741	32641
54197	31304	7775	32763	32688
54267	46013	65503	32736	32634
54344	35337	65503	32717	32659
54414	27564	13313	32736	32639
54491	19270	1793	32757	32689
54568	34078	15330	32744	32629
54645	40185	13484	32756	32636
54722	39739	7551	32721	32716
54792	13293	43198	32722	32666
54869	48184	45349	32724	32672
54946	40697	45985	32715	32711
55023	33200	65504	32652	32654
55100	30892	65506	32666	32689
55177	25712	65504	32644	32620
55247	24155	4934	32707	32665
55324	26571	5953	32714	32642
55394	28761	45662	32739	32725
55471	43809	43044	32731	32674
55541	34768	17122	32727	32624
55618	6732	15718	32698	32693
55688	27366	27191	32742	32633
55758	36371	39861	32708	32671
55835	42088	65504	32742	32657
55905	37880	12757	32729	32653
55982	36866	11654	32738	32656
56052	32681	65505	32646	32655
56129	32573	65503	32678	32716
56206	29499	65504	32660	32669
56276	28221	5399	32693	32662
56353	30566	8185	32729	32644
56423	32325	39343	32732	32703
56493	36524	23611	32757	32716
56563	36709	9976	32730	32625
56633	47571	65506	32720	32667
56710	19530	65504	32705	32654
56780	51467	13946	32720	32634
56857	39854	8219	32718	32652
56927	31661	40783	32735	32671
57004	26498	65505	32642	32671
57074	26287	9705	32743	32697
57151	28146	6659	32744	32685
57221	20553	39286	32724	32596
57312	40618	33034	32739	32649
57389	27288	43593	32731	32664
57459	27587	15621	32751	32591
57536	36177	18592	32735	32687
57613	26442	24360	32754	32645
57690	31362	28918	32746	32660
57767	46999	28372	32737	32676
57844	47623	33555	32759	32686
57921	46811	36302	32745	32713
57991	32561	31020	32745	32679
58068	35219	28168	32744	32679
58138	30541	19055	32722	32638
58215	22804	19522	32722	32704
58285	37285	65505	32719	32585
58362	34690	65505	32719	32670
58432	32747	13104	32743	32693
58509	8906	8103	32737	32716
58586	13150	14232	32745	32679
58663	37432	12237	32730	32735
58733	15747	42225	32726	32648
58810	27824	65505	32746	32649
58887	32985	65505	32721	32657
58957	35064	14386	32687	32688
59034	35677	9274	32682	32660
59104	39345	37725	32671	32683
59181	51812	43110	32617	32719
59251	5973	29135	32671	32671
59328	6113	22728	32668	32664
59405	6062	20867	32661	32637
59482	6241	17224	32674	32648
59552	49245	31500	32647	32692
59629	51468	38242	32717	32670
59699	23304	34412	32701	32662
59769	26003	10362	32690	32682
59839	51814	45961	32644	32683
59916	51794	65505	32619	32654
59986	6706	10834	32665	32700
60056	51799	39401	32615	32689
60133	51786	43281	32616	32717
60203	11244	33288	32731	32642
60273	44432	22003	32699	32681
60343	51633	65504	32623	32653
60413	51719	6683	32704	32580
60490	8069	13434	32680	32647
60560	51753	41937	32635	32654
60637	51810	46690	32630	32697
60707	14255	23954	32660	32698
60777	37056	28329	32676	32648
60847	46805	45232	32606	32694
60917	12824	9575	32674	32642
60987	51794	44824	32619	32691
61057	13916	27417	32663	32690
61127	39998	26659	32704	32703
61204	40486	25984	32682	32640
61274	44933	65505	32641	32713
61351	37757	65506	32658	32674
61421	15664	16847	32680	32688
61491	51806	45783	32630	32600
61561	6813	15957	32724	32643
61631	42853	19658	32734	32655
61708	48581	32384	32750	32656
61778	28400	65506	32662	32704
61848	20900	10801	32686	32676
61925	23006	20982	32689	32698
61995	48748	65502	32625	32683
62072	47824	65503	32609	32666
62142	8232	15123	32686	32697
62219	11411	9947	32689	32685
62289	51796	41577	32614	32662
62366	51788	45778	32602	32687
62443	51764	46228	32618	32723
62513	10152	25473	32656	32660
62590	6771	15283	32659	32637
62660	46589	28408	32741	32634
62737	50179	37847	32697	32686
62814	51077	38456	32704	32663
62891	51806	40790	32629	32689
62961	13845	34323	32662	32669
63038	9360	23243	32709	32688
63115	11311	26401	32665	32658
63192	11577	18665	32680	32671
63269	12022	14719	32691	32658
63339	50421	35489	32695	32714
63416	51790	38233	32614	32662
63493	51799	44467	32614	32633
63570	51803	47247	32613	32694
63640	6778	25576	32742	32641
63717	5947	24276	32660	32647
63794	8530	18575	32673	32661
63864	51726	30176	32732	32671
63941	9856	65505	32672	32639
64018	15980	44952	32697	32670
64095	44036	22055	32731	32683
64172	3	37090	32735	32641
64249	20351	46740	32676	32570
64326	35971	40694	32690	32660
64403	39420	24888	32732	32695
64480	48555	19056	32666	32652
64557	45968	24017	32704	32717
64627	26575	26389	32672	32651
64704	23045	25600	32673	32638
64781	28416	20865	32682	32687
64851	50394	65503	32607	32708
64928	50986	47621	32637	32637
64998	37963	50945	32750	32628
65075	39322	11702	32743	32688
65145	24020	11742	32741	32752
65215	51288	36344	32679	32737
65292	49835	1142	32720	32678
65362	23686	34324	32736	32661
65432	42747	37104	32704	32636
65509	36874	27666	32638	32647
65579	18448	26968	32665	32641
65649	50141	65503	32622	32692
65726	51120	57285	32617	32717
65796	48047	26932	32747	32637
65873	34510	39023	32732	32686
65943	8389	24968	32692	32642
66013	49991	16780	32655	32687
66083	28487	13257	32749	32621
66153	34312	40770	32735	32699
66223	41618	26274	32740	32727
66300	51684	25098	32746	32686
66370	16821	46796	32730	32604
66440	45827	38130	32717	32644
66510	19647	20020	32716	32644
66587	16588	34355	32760	32670
66657	31221	36825	32723	32653
66734	31367	38266	32759	32629
66804	46802	15486	32746	32678
66874	13683	41436	32720	32720
66944	51690	23415	32705	32666
67021	36407	26787	32760	32671
67091	43560	31429	32756	32681
67161	45923	65505	32628	32685
67231	14647	5144	32658	32692
67301	50583	34841	32728	32625
67378	51800	42331	32605	32714
67448	17463	19914	32738	32652
67525	45805	35754	32741	32645
67602	34894	9474	32756	32674
67679	38186	11840	32758	32619
67763	37625	65506	32722	32703
67840	48242	41788	32700	32660
67917	26170	65506	32705	32638
67994	30424	65505	32726	32660
68071	32109	43541	32691	32695
68148	46789	29296	32635	32650
68225	42028	30009	32744	32630
68302	39880	18939	32738	32671
68379	48278	17131	32734	32623
68456	48446	12984	32745	32621
68526	17950	29370	32669	32719
68603	11620	37435	32652	32701
68673	38059	44057	32634	32634
68750	50779	26505	32691	32670
68820	30563	23920	32738	32714
68897	47872	23890	32660	32661
68967	41314	65505	32745	32622
69044	45918	65506	32661	32652
69121	8573	35570	32768	32676
69198	17603	31871	32669	32597
69275	18880	34848	32681	32628
69352	17536	40697	32677	32669
69429	21603	7120	32675	32718
69506	51611	18320	32701	32670
69583	51737	26098	32773	32682
69660	44693	28580	32749	32613
69730	24001	51204	32735	32698
69807	21786	18671	32726	32691
69884	45275	36071	32737	32641
69961	19247	36537	32725	32624
70038	15596	44550	32729	32672
70115	50193	34363	32761	32655
70192	48351	38368	32775	32653
70269	46854	35273	32693	32656
70346	25981	34541	32748	32669
70430	51815	52890	32761	32683
70507	47248	45394	32747	32688
70584	42154	45244	32759	32723
70661	39796	42376	32744	32613
70738	37386	38098	32757	32686
70815	17357	31224	32754	32629
70892	14825	65506	32731	32692
70969	43502	52103	32743	32705
71046	40562	21588	32737	32678
71123	49547	18313	32750	32686
71193	28783	30082	32745	32692
71270	26036	30448	32716	32641
71340	31239	50895	32743	32708
71417	37904	50987	32749	32638
71494	40803	35175	32748	32645
71564	38282	17270	32735	32630
71641	32557	15669	32743	32650
71718	50230	27709	32673	32590
71795	21097	27500	32724	32632
71872	37961	18680	32753	32653
71949	23262	25126	32725	32683
72019	16220	65504	32737	32704
72096	16593	65503	32684	32701
72166	51814	65504	32716	32693
72243	24793	4	32727	32647
72320	34734	14820	32753	32611
72397	31063	21237	32746	32673
72474	19760	31625	32663	32650
72551	16528	31158	32734	32640
72628	14663	11861	32682	32650
72705	17851	18546	32656	32729
72782	11748	41017	32677	32651
72859	24227	65507	32748	32642
72936	5069	15632	32670	32661
73013	13505	36011	32683	32668
73090	27862	16095	32703	32675
73167	29385	25824	32743	32741
73237	51532	19356	32733	32643
73314	51498	14619	32768	32624
73391	50517	21796	32736	32605
73461	11285	28279	32752	32719
73538	8176	43166	32745	32697
73608	5609	65504	32667	32669
73685	35427	7	32718	32641
73762	51813	10662	32753	32661
73839	17765	20820	32674	32631
73916	21836	3	32680	32692
73993	1931	65505	32737	32709
74070	25679	2685	32667	32658
74147	51738	38179	32718	32676
74224	48368	32293	32649	32669
74301	42491	10580	32715	32702
74378	24110	21637	32730	32586
74455	48056	49390	32727	32727
74532	48799	64728	32733	32655
74609	35698	65503	32744	32674
74686	32045	65504	32744	32656
74763	24019	65503	32729	32687
74840	19956	44981	32725	32645
74917	21170	42922	32739	32663
74994	43218	39202	32739	32664
75071	41918	27437	32754	32695
75148	2	26214	32748	32652
75225	10369	32493	32746	32661
75302	24277	22917	32750	32683
75379	11595	65495	32693	32697
