timestamp	ch1	ch2	ch3	ch4
0	16241	21531	32832	23619
0.016	20616	13833	32779	26139
0.064	48090	23732	32750	32003
0.096	47813	65535	32732	34812
0.12	8578	14721	32814	36412
0.152	1601	10327	32821	38004
0.184	5649	8612	32815	39059
0.208	39098	43968	32729	39569
0.232	24129	16372	32800	39865
0.264	40567	22219	32784	65535
0.296	51754	38468	32754	65535
0.32	2520	14021	32720	65535
0.344	49713	65535	32743	65535
0.368	14476	4179	32833	65535
0.4	26475	6893	32798	49207
0.432	35029	12029	32801	43430
0.464	42200	18862	32812	38917
0.488	19424	22044	32795	23179
0.52	25500	23754	32758	20240
0.552	32656	30780	32714	18776
0.584	39993	29217	32726	18082
0.616	48282	27680	32687	17936
0.64	24439	41236	32798	18116
0.672	23094	47130	32805	18687
0.696	52021	27662	32782	19302
0.728	52001	30292	32760	20330
0.752	30746	51175	32725	21229
0.776	41117	35456	32793	22189
0.816	36489	42304	32733	23953
0.856	15563	48296	32791	25697
0.896	51685	30936	32824	27299
0.928	51796	28155	32806	28446
0.96	45252	26820	32821	29484
0.992	37054	27487	32819	30412
1.016	34424	47245	32740	31037
1.048	43320	36415	32660	31756
1.08	49240	24107	32793	32390
1.112	51293	21805	32782	32925
1.144	48307	21934	32828	33366
1.176	41079	29038	32844	33731
1.208	30530	25528	32757	34016
1.24	21197	13391	32832	34224
1.272	14491	22965	32797	34380
1.304	13139	26293	32823	34479
1.336	16982	33226	32783	34536
1.368	23059	36163	32745	34556
1.408	32152	22156	32805	34517
1.456	18297	34518	32799	34442
1.496	51531	19073	32811	34328
1.536	16418	48155	32790	34192
1.584	25430	46052	32731	34019
1.624	28070	33296	32819	33857
1.664	46567	28517	32799	33692
1.704	12963	46446	32781	33544
1.736	15195	48451	32803	33435
1.776	45077	25776	32778	33299
1.816	32669	39058	32712	33183
1.856	16796	37062	32778	33073
1.896	51127	20125	32754	32996
1.936	15084	47265	32788	32927
1.976	44316	23569	32814	32866
2.016	34140	38365	32722	32816
2.064	45589	25269	32768	32718
2.112	51740	18305	32791	31851
2.176	45414	22177	32803	30599
2.224	29698	29813	32807	30631
2.272	15603	38328	32811	30995
2.312	51625	18298	32807	31722
2.36	49036	20189	32814	32334
2.4	27995	41749	32717	32672
2.448	40593	31037	32671	33433
2.496	51113	20400	32794	33856
2.544	51481	18753	32807	34092
2.592	40313	24434	32823	34208
2.64	23851	32253	32804	34103
2.688	14139	41320	32773	34025
2.736	14398	45938	32808	33958
2.784	23979	44823	32710	33803
2.832	35995	35560	32677	33695
2.888	14000	40188	32780	33360
2.936	14905	45995	32800	33131
2.984	23811	45899	32699	32986
3.04	25563	32076	32817	32890
3.088	13996	40171	32821	32700
3.144	51576	18871	32856	32814
3.208	36474	26285	32749	32632
3.264	44223	27757	32642	32598
3.32	13246	44647	32793	32297
3.376	46758	21633	32803	32560
3.432	35435	36346	32689	32483
3.496	50067	21343	32825	32586
3.552	16172	46511	32785	32374
3.608	36719	25933	32792	32538
3.664	43021	29086	32676	32514
3.72	12758	44061	32802	32383
3.784	23018	44957	32693	32464
3.84	26788	30932	32790	32535
3.904	12893	41653	32789	32525
3.96	51010	19583	32816	32743
4.024	33721	28018	32809	32616
4.088	15802	39248	32784	32595
4.152	15712	46792	32810	32655
4.208	39200	25231	32757	32659
4.272	17835	35931	32798	32574
4.328	51694	18759	32803	32782
4.392	43950	22718	32800	32763
4.456	22970	33011	32824	32614
4.512	51322	20428	32798	32795
4.576	49190	20670	32790	32784
4.64	29646	29908	32813	32679
4.704	13301	40935	32799	32494
4.76	51537	18970	32796	32836
4.816	27614	42732	32679	32703
4.896	48254	23838	32823	32856
4.968	17924	46453	32743	32617
5.032	31810	39508	32695	32652
5.096	48323	23795	32828	32738
5.16	51583	18721	32814	32814
5.224	36125	26415	32773	32727
5.288	16250	37301	32805	32682
5.352	14643	45607	32791	32489
5.416	26710	43286	32677	32679
5.48	43601	27808	32650	32826
5.544	51703	18291	32815	32816
5.608	43020	23566	32811	32739
5.68	43424	29034	32663	32781
5.744	51699	18233	32825	32865
5.808	43224	23221	32796	32767
5.872	22883	33704	32811	32621
5.928	51133	19682	32783	32814
5.992	47846	20937	32819	32770
6.048	34110	37561	32675	32656
6.112	49101	22362	32815	32823
6.176	51067	19218	32816	32865
6.24	33672	27571	32758	32726
6.296	45204	26021	32733	32838
6.376	51414	19182	32828	32790
6.44	34964	27475	32762	32737
6.504	16592	38395	32800	32617
6.568	15248	46314	32801	32528
6.632	27674	42176	32675	32725
6.696	44577	26737	32652	32796
6.76	51743	18308	32844	32842
6.84	36699	26733	32776	32756
6.904	17562	37390	32780	32598
6.968	15018	45813	32790	32567
7.032	27601	42984	32687	32621
7.096	43957	28413	32635	32834
7.16	51626	18233	32805	32882
7.224	42531	23885	32818	32774
7.288	20682	34383	32813	32710
7.36	51628	18559	32823	32825
7.424	42762	23339	32800	32768
7.488	21755	33797	32806	32639
7.552	13059	43771	32768	32642
7.64	38966	25419	32775	32766
7.704	17915	36019	32816	32601
7.768	13725	45070	32778	32500
7.832	24779	44930	32710	32643
7.896	41355	29782	32680	32816
7.96	51720	18466	32773	32843
8.024	44933	22470	32770	32800
8.104	19610	36020	32808	32647
8.184	14871	46591	32798	32663
8.264	32122	39178	32681	32738
8.344	50890	20443	32798	32826
8.416	20417	46026	32724	32554
8.48	36235	36377	32698	32795
8.552	13007	43073	32782	32579
8.616	19848	46542	32732	32586
8.68	35740	36323	32710	32724
8.744	49676	21453	32776	32807
8.808	50510	19784	32828	32818
8.872	30721	28592	32785	32776
8.936	15196	39268	32795	32601
9.016	19274	46427	32751	32604
9.088	26999	30945	32793	32658
9.16	51515	19914	32812	32866
9.224	47747	21300	32803	32838
9.288	28234	30458	32808	32692
9.352	12995	41361	32766	32533
9.424	48984	20847	32822	32799
9.528	45112	26208	32667	32799
9.608	50930	18829	32844	32827
9.672	34245	27001	32777	32768
9.744	48295	23186	32804	32833
9.824	48745	20190	32806	32809
9.896	36353	36097	32690	32703
9.96	50233	20823	32801	32848
10.024	49670	19857	32828	32842
10.096	35824	36380	32666	32707
10.152	15020	39545	32840	32549
10.224	50055	19955	32807	32798
10.28	30974	40666	32698	32640
10.336	18166	36620	32798	32614
10.4	14494	45636	32805	32545
10.448	22666	45227	32693	32710
10.512	38320	33802	32677	32791
10.576	51157	19956	32810	32862
10.632	18548	46351	32744	32629
10.688	33407	27762	32751	32733
10.744	45322	25785	32686	32814
10.8	13993	45075	32797	32593
10.864	24922	44508	32688	32609
10.92	23843	32537	32811	32672
10.984	13178	42982	32795	32609
11.048	21094	45891	32689	32587
11.112	36346	35979	32675	32725
11.176	50372	20829	32842	32852
11.24	49531	20446	32806	32840
11.296	31244	39721	32691	32733
11.36	47008	24369	32813	32838
11.424	51526	19029	32805	32842
11.48	26863	43272	32678	32568
11.536	21738	34330	32827	32665
11.6	13276	43942	32762	32672
11.656	47141	21680	32797	32846
11.72	27048	30926	32790	32675
11.784	13494	42054	32810	32576
11.848	19236	46772	32697	32540
11.912	34134	38082	32681	32818
11.976	48443	22731	32804	32812
12.04	50928	19453	32823	32850
12.104	34070	27638	32748	32736
12.168	16446	38051	32810	32608
12.224	51557	18591	32825	32822
12.28	24962	44573	32702	32500
12.344	40463	31186	32684	32801
12.408	51371	19263	32762	32884
12.472	45986	22283	32788	32818
12.536	25060	32031	32822	32654
12.608	51492	19314	32800	32846
12.672	46828	21974	32779	32827
12.736	25850	31532	32818	32720
12.8	13445	42163	32794	32617
12.864	19956	46175	32749	32590
12.928	34710	37089	32659	32727
12.992	49361	22048	32804	32808
13.056	50647	19895	32810	32783
13.12	32502	28054	32725	32736
13.184	16048	38684	32821	32609
13.248	16240	45527	32808	32646
13.328	33109	38710	32676	32646
13.408	50896	20445	32778	32786
13.472	48691	20807	32811	32787
13.528	32301	39229	32674	32726
13.592	47305	23533	32816	32888
13.664	18058	46440	32718	32668
13.728	31776	39270	32682	32653
13.792	46846	24148	32789	32828
13.856	51434	19078	32816	32808
13.92	36848	26470	32766	32761
13.984	17370	37043	32801	32650
14.048	14890	45369	32792	32518
14.112	26659	43445	32700	32714
14.176	42476	28572	32657	32807
14.24	51563	18937	32801	32875
14.304	43122	23642	32752	32758
14.36	38349	34130	32664	32713
14.424	50873	20209	32818	32847
14.48	19223	46169	32697	32508
14.552	27857	30210	32828	32699
14.616	14257	41089	32813	32622
14.68	18489	46563	32714	32566
14.744	32600	38572	32672	32701
14.808	48333	23251	32786	32850
14.872	50889	19271	32833	32829
14.936	35358	26861	32772	32718
14.992	44210	27469	32665	32804
15.048	13600	44365	32800	32596
15.104	46121	22063	32814	32817
15.16	35429	36338	32679	32773
15.224	50248	21512	32784	32790
15.288	50370	20350	32796	32816
15.352	31530	28690	32816	32763
15.416	14831	39938	32808	32571
15.472	51438	18975	32831	32825
15.528	26765	43017	32694	32664
15.6	18100	36645	32767	32616
15.656	51673	18668	32825	32818
15.736	38775	25571	32791	32781
15.8	18694	36239	32802	32660
15.872	51566	18761	32839	32855
15.928	25375	43749	32674	32625
15.984	22878	32945	32843	32691
16.048	13512	43113	32787	32497
16.104	49476	21010	32834	32837
16.168	28984	30043	32811	32712
16.24	50673	20976	32787	32880
16.32	45156	22586	32800	32765
16.384	23837	32445	32796	32618
16.448	13395	43583	32773	32580
16.528	24661	45133	32707	32566
16.6	19825	34850	32793	32588
16.672	51600	18325	32815	32839
16.736	41942	23772	32822	32745
16.808	44205	28061	32670	32797
16.872	51564	18189	32831	32869
16.936	42521	23756	32822	32790
17.024	47077	25158	32802	32794
17.088	51497	18761	32791	32841
17.144	26747	43693	32696	32625
17.208	42893	29031	32656	32858
17.264	13136	43677	32766	32508
17.336	43664	23474	32787	32798
17.4	21819	33598	32844	32638
17.456	51179	20018	32810	32883
17.52	48218	20931	32823	32782
17.576	33110	38340	32682	32682
17.648	14005	41297	32819	32642
17.72	49129	20769	32834	32811
17.784	28866	29900	32796	32680
17.848	13948	40480	32799	32641
17.92	48902	20807	32825	32849
17.992	36550	36031	32673	32728
18.056	50132	21008	32787	32823
18.12	49037	20595	32824	32839
18.2	25407	32095	32817	32678
18.256	50245	21156	32806	32801
18.312	17398	46279	32737	32508
18.368	37009	26388	32756	32769
18.424	43217	27903	32663	32792
18.488	51650	18663	32824	32825
18.544	23453	45269	32691	32490
18.608	39173	33024	32673	32732
18.672	51404	19853	32806	32849
18.736	47144	21578	32815	32786
18.792	34920	37420	32657	32755
18.848	15058	39061	32806	32630
18.912	16412	46196	32797	32535
18.984	34413	28209	32805	32715
19.048	16268	39688	32802	32524
19.12	50977	19044	32815	32836
19.184	34381	27975	32766	32720
19.256	48325	23258	32806	32831
19.32	50900	17961	32825	32834
19.376	28916	40876	32707	32678
19.44	45875	25348	32800	32810
19.504	51616	18017	32806	32812
19.568	39815	24600	32792	32760
19.632	19609	35379	32809	32674
19.696	13798	44571	32820	32699
19.752	45407	22581	32805	32739
19.816	24420	32362	32805	32644
19.872	50561	21389	32788	32848
19.936	49727	20417	32814	32779
20.008	35557	36522	32707	32695
20.064	14941	40395	32794	32605
20.128	17720	46372	32734	32529
20.184	36520	26422	32761	32750
20.24	43379	28388	32662	32844
20.304	51504	19024	32833	32857
20.368	42453	23817	32771	32781
20.44	42320	28869	32698	32913
20.504	51645	18596	32841	32781
20.56	22676	45194	32675	32631
20.616	26675	31080	32830	32734
20.68	13504	41723	32823	32507
20.744	19354	46032	32717	32623
20.808	33886	38047	32671	32720
20.864	15984	39122	32786	32598
20.928	16432	45908	32814	32611
20.984	38844	25569	32778	32758
21.04	41506	29832	32655	32781
21.104	51346	18872	32806	32856
21.16	22227	45946	32696	32612
21.224	37639	34095	32655	32732
21.288	50700	20316	32830	32813
21.352	48156	20882	32823	32831
21.408	33121	38743	32675	32688
21.472	48239	23246	32766	32863
21.528	15989	46559	32804	32611
21.592	28523	42077	32679	32578
21.664	16212	38309	32800	32599
21.728	15424	45815	32797	32524
21.792	28167	42528	32696	32616
21.848	19037	35331	32804	32717
21.912	12663	45170	32814	32582
21.984	41695	23978	32793	32789
22.048	20495	34916	32781	32662
22.112	12392	44438	32757	32555
22.176	22963	44793	32705	32697
22.24	39091	31668	32675	32760
22.312	13150	44825	32784	32566
22.384	41715	23670	32784	32745
22.448	21136	34372	32786	32646
22.512	13554	44570	32805	32591
22.576	23094	45804	32696	32635
22.64	39492	33104	32678	32754
22.704	51469	19534	32820	32873
22.768	47312	21250	32797	32788
22.832	27205	30991	32805	32725
22.896	13264	42083	32779	32595
22.96	18912	46763	32766	32623
23.024	34239	38018	32692	32703
23.088	48946	22385	32784	32854
23.152	51302	19293	32813	32819
23.216	33702	27418	32747	32742
23.288	48569	22630	32790	32806
23.36	18748	46561	32711	32703
23.44	37486	35421	32679	32726
23.504	50962	20597	32773	32739
23.568	48866	20213	32826	32822
23.632	29416	29426	32811	32633
23.712	12848	42855	32792	32480
23.784	47025	22038	32780	32820
23.848	24513	32094	32823	32667
23.92	51299	18943	32792	32840
23.992	24221	45768	32710	32641
24.064	20587	34620	32801	32618
24.128	13150	44295	32796	32631
24.192	23178	44475	32691	32597
24.256	38851	32563	32666	32747
24.32	51480	19710	32805	32841
24.392	22540	45306	32718	32624
24.464	22513	33997	32820	32701
24.528	13348	43874	32795	32544
24.592	22248	45594	32683	32615
24.648	28214	30875	32809	32651
24.72	51066	19816	32824	32847
24.792	21379	45933	32707	32497
24.848	28269	30284	32800	32652
24.912	13419	41479	32792	32620
24.968	51123	19021	32846	32844
25.032	34324	27476	32765	32769
25.096	16038	39808	32798	32680
25.152	51697	18064	32797	32783
25.216	40593	24608	32774	32774
25.28	19659	35236	32789	32600
25.344	13327	45110	32792	32563
25.416	39982	24234	32799	32759
25.48	20617	35016	32792	32569
25.544	13164	44505	32794	32613
25.608	22832	45404	32690	32587
25.664	25791	31822	32826	32673
25.72	50540	21524	32760	32842
25.776	16713	46330	32806	32518
25.832	38295	26095	32782	32779
25.888	43421	28162	32658	32774
25.952	51648	18253	32813	32819
26.008	22691	46131	32696	32701
26.072	38668	33357	32672	32736
26.128	13031	42049	32801	32519
26.192	19000	46782	32759	32543
26.248	33304	27994	32768	32687
26.312	15134	39220	32806	32650
26.368	51553	18301	32808	32879
26.432	37931	25259	32778	32799
26.488	41826	30196	32677	32847
26.544	13155	44113	32784	32636
26.608	21413	45781	32674	32638
26.664	29055	29941	32814	32713
26.728	13654	41508	32782	32572
26.792	17251	46945	32724	32571
26.856	32180	38781	32693	32749
26.92	48039	23051	32812	32783
26.984	51224	18848	32802	32833
27.048	35853	26653	32782	32733
27.112	15912	37897	32802	32636
27.184	51511	18769	32825	32836
27.256	31096	40207	32686	32672
27.328	13812	39960	32782	32522
27.392	16934	46810	32743	32654
27.456	31602	40499	32682	32675
27.52	47469	24382	32804	32807
27.584	51649	18851	32826	32826
27.648	37500	26067	32773	32783
27.712	18253	36939	32799	32693
27.784	51586	18489	32867	32896
27.848	37905	25745	32765	32771
27.912	18096	36761	32792	32619
27.976	14563	45166	32791	32580
28.032	43800	23208	32772	32769
28.096	22461	33342	32817	32616
28.16	12787	43408	32758	32640
28.224	21756	45758	32676	32518
28.288	37309	34544	32658	32733
28.352	50874	20146	32805	32886
28.408	18531	46862	32737	32469
28.472	32769	39081	32662	32619
28.536	48014	22961	32833	32853
28.6	51298	19255	32839	32827
28.664	34853	27205	32762	32692
28.736	47983	23289	32811	32833
28.792	15476	45902	32793	32554
28.856	27837	43180	32695	32739
28.912	20314	34877	32817	32598
28.976	13601	44815	32804	32611
29.04	23842	45459	32684	32555
29.104	39711	32062	32643	32754
29.168	51149	19042	32831	32867
29.224	20106	46317	32742	32672
29.288	34957	36648	32649	32787
29.352	49612	21367	32793	32867
29.416	50397	19902	32818	32829
29.48	32496	28664	32794	32699
29.544	14966	39641	32791	32582
29.608	16462	46741	32818	32555
29.672	30261	41209	32684	32680
29.736	45718	25396	32786	32845
29.8	51502	18557	32825	32851
29.864	38115	25473	32774	32755
29.92	42246	29444	32671	32813
29.984	51543	18933	32801	32824
30.04	21768	45905	32693	32643
30.104	37693	34322	32669	32749
30.168	50578	20072	32768	32837
30.224	18560	46772	32719	32697
30.28	33730	27242	32727	32742
30.352	48046	23121	32820	32847
30.416	51135	19077	32783	32802
30.496	29028	29815	32815	32686
30.568	50225	20690	32790	32817
30.64	21028	46559	32702	32578
30.712	25465	32250	32793	32688
30.776	13085	42368	32763	32592
30.84	20299	46098	32690	32548
30.92	39438	32165	32663	32711
30.984	51432	19397	32791	32823
31.064	42111	23822	32825	32792
31.136	43599	28367	32641	32729
31.208	14670	45890	32782	32525
31.28	37111	25931	32789	32726
31.344	17198	36861	32803	32682
31.416	51431	18300	32836	32890
31.488	30137	41411	32695	32652
31.56	15121	39205	32843	32636
31.624	16124	46489	32785	32594
31.696	32965	28070	32773	32733
31.76	15050	38956	32810	32623
31.832	51437	19296	32799	32792
31.904	33999	38452	32674	32694
31.968	48679	22671	32774	32797
32.04	18486	46975	32726	32548
32.12	37574	34997	32676	32775
32.192	12761	43280	32814	32595
32.256	21374	46648	32707	32559
32.32	36317	34767	32680	32719
32.384	50665	20392	32800	32865
32.448	48962	20528	32781	32766
32.512	30052	29887	32811	32689
32.576	14603	40284	32800	32585
32.64	17543	46390	32738	32654
32.704	31798	40086	32695	32610
32.768	47304	24026	32778	32791
32.832	51436	18898	32820	32853
32.904	31478	40495	32673	32782
32.984	50064	21341	32801	32821
33.056	20063	46437	32777	32655
33.128	25820	31323	32817	32679
33.192	13275	42021	32791	32625
33.264	47445	21384	32822	32793
33.328	26564	30968	32791	32691
33.392	13257	42101	32825	32600
33.456	19304	46530	32726	32661
33.536	38241	33998	32674	32704
33.616	51609	18538	32812	32891
33.688	26059	44356	32689	32617
33.752	41549	29867	32655	32840
33.816	51510	18578	32758	32812
33.896	39408	24962	32791	32795
33.96	18852	35549	32802	32625
34.024	13451	45487	32810	32577
34.088	24848	45075	32690	32590
34.152	40891	30743	32664	32820
34.216	51592	18709	32807	32810
34.28	44861	22141	32817	32774
34.344	24375	32409	32826	32646
34.408	13194	42942	32803	32567
34.472	20687	45648	32723	32656
34.536	36395	36262	32682	32691
34.6	49881	21118	32796	32895
34.664	49917	20128	32804	32837
34.728	30407	28962	32834	32707
34.808	12982	42377	32806	32532
34.872	20060	45934	32768	32554
34.944	25828	31412	32813	32707
35.008	13512	42392	32786	32531
35.072	19599	46715	32746	32639
35.136	34455	37401	32693	32796
35.2	49444	22499	32802	32823
35.264	50456	19402	32767	32846
35.328	33144	27730	32735	32695
35.392	15353	38717	32807	32588
35.456	16173	46600	32807	32616
35.52	29409	41449	32696	32752
35.584	45385	25814	32715	32771
35.648	51664	18361	32836	32860
35.72	28697	42028	32709	32625
35.784	44770	26333	32666	32840
35.856	15570	46086	32783	32556
35.92	28763	42298	32692	32714
35.984	44485	27633	32678	32739
36.04	13561	44657	32800	32547
36.104	23913	44740	32669	32577
36.168	40056	31651	32667	32804
36.232	51383	19257	32803	32829
36.296	46937	21873	32811	32833
36.36	25322	31805	32789	32699
36.416	50219	21659	32807	32845
36.48	50508	19824	32796	32808
36.544	31782	28495	32808	32681
36.608	15343	39494	32802	32605
36.672	16543	46111	32765	32648
36.736	30385	40924	32707	32746
36.8	45948	25375	32802	32819
36.864	51650	18544	32827	32854
36.928	38758	25189	32790	32750
36.992	18665	36022	32804	32708
37.064	51619	18258	32820	32868
37.128	39454	24764	32783	32765
37.184	41098	30742	32668	32759
37.256	13709	45273	32778	32576
37.32	24704	44586	32690	32658
37.376	24730	32341	32807	32655
37.432	50082	20845	32800	32773
37.496	49410	20334	32780	32868
37.56	30020	29106	32816	32664
37.616	47753	24527	32778	32827
37.68	51390	18691	32816	32864
37.744	36421	26060	32750	32750
37.808	17670	39443	32809	32632
37.864	51605	18109	32812	32850
37.928	42126	23423	32787	32762
38	42896	28998	32651	32822
38.056	12928	43671	32781	32562
38.12	22137	45843	32692	32599
38.176	27424	30730	32812	32717
38.24	14085	41433	32794	32557
38.304	18680	46091	32711	32572
38.36	34324	27723	32721	32750
38.416	44648	25969	32699	32855
38.472	13655	45027	32787	32601
38.528	46078	23044	32816	32757
38.584	36203	35113	32666	32748
38.64	14369	40722	32780	32573
38.704	17695	46389	32802	32502
38.76	36233	26995	32718	32773
38.832	47054	23742	32813	32756
38.896	51448	19145	32805	32835
38.952	26667	42528	32687	32625
39.016	42092	27851	32666	32835
39.08	51647	18921	32851	32875
39.144	43850	23962	32796	32715
39.2	38161	33244	32679	32825
39.264	50798	19885	32803	32869
39.32	19255	46201	32696	32632
39.392	28467	30954	32838	32595
39.448	48189	22311	32811	32890
39.512	51038	19835	32804	32853
39.576	33978	27979	32731	32695
39.64	16099	38442	32788	32552
39.712	51124	19823	32815	32844
39.784	31896	38555	32682	32769
39.848	47179	23475	32789	32841
39.904	15637	45997	32780	32460
39.968	27723	41862	32693	32630
40.032	43365	26860	32658	32834
40.096	51509	18901	32833	32804
40.192	31440	29555	32774	32665
40.256	15258	39759	32827	32549
40.32	17232	45986	32774	32310
40.392	31804	29289	32720	32734
40.448	45886	23674	32782	32824
40.52	16890	46032	32788	32584
40.584	29906	40256	32688	32748
40.648	45514	25290	32791	32869
40.712	51381	19204	32822	32870
40.776	39072	26016	32733	32763
40.84	19617	36190	32815	32647
40.904	14411	44833	32780	32446
40.96	44902	23587	32749	32825
41.024	24309	33275	32804	32656
41.088	13633	43190	32795	32593
41.152	21237	45327	32674	32660
41.216	36008	34496	32665	32725
41.272	14681	40786	32806	32621
41.336	18203	46228	32726	32596
41.392	36290	27595	32720	32712
41.456	17112	37880	32790	32657
41.52	15424	45364	32808	32669
41.584	27317	42242	32685	32696
41.64	21594	34925	32807	32592
41.704	13843	44334	32774	32586
41.768	23509	44809	32706	32640
41.84	21947	34613	32800	32628
41.896	50817	19859	32808	32845
41.96	47291	22353	32757	32814
42.024	27562	31532	32807	32670
42.088	14024	41621	32784	32541
42.144	50413	20451	32796	32858
42.208	33225	28656	32712	32740
42.272	16053	39073	32836	32614
42.328	51421	19140	32843	32831
42.392	39401	25894	32731	32770
42.448	41007	29381	32662	32836
42.512	51200	19203	32830	32829
42.576	44986	23628	32787	32836
42.64	24198	33229	32807	32661
42.712	51087	19128	32801	32858
42.784	24435	43927	32679	32611
42.848	39834	31041	32674	32788
42.912	50968	19292	32817	32877
42.984	24103	44308	32683	32573
43.048	39421	30974	32686	32755
43.112	50919	19593	32773	32895
43.176	46468	22919	32758	32818
43.248	39079	32135	32658	32825
43.32	13881	44225	32799	32476
43.376	46857	22487	32777	32798
43.44	26452	32001	32810	32720
43.504	13649	42171	32813	32499
43.568	19701	45865	32726	32615
43.624	32266	28995	32707	32753
43.688	15417	39325	32808	32584
43.768	19472	45580	32750	32533
43.848	37536	32999	32668	32799
43.92	13768	43791	32784	32513
43.992	45014	23832	32764	32761
44.056	23387	33519	32788	32665
44.12	13836	43069	32802	32570
44.184	21686	45467	32684	32667
44.256	24540	33327	32816	32607
44.328	51369	19189	32793	32845
44.4	24613	43806	32693	32633
44.48	43888	26277	32644	32832
44.544	51358	19145	32805	32822
44.616	27887	42293	32716	32629
44.688	17034	37944	32834	32554
44.752	15529	45342	32805	32536
44.816	27362	41982	32678	32694
44.88	43561	27115	32636	32823
44.944	51334	19153	32807	32878
45.008	42470	24705	32775	32749
45.072	21598	34876	32826	32625
45.136	13924	44044	32799	32531
45.2	23293	44944	32677	32627
45.264	38479	32046	32667	32707
45.336	13902	43812	32787	32484
45.416	26491	43005	32680	32742
45.488	18719	36972	32811	32599
45.552	14795	44963	32796	32536
45.616	26237	42795	32683	32470
45.672	22910	34138	32797	32628
45.728	50822	19884	32807	32870
45.792	47884	21899	32811	32860
45.856	28872	31035	32803	32657
45.92	14290	41305	32792	32531
45.984	19037	45992	32763	32586
46.04	34351	28332	32719	32689
46.096	44495	25981	32725	32793
46.152	14307	44978	32802	32622
46.208	44569	23269	32741	32751
46.264	36911	33627	32667	32751
46.32	14546	40988	32784	32564
46.376	50985	19868	32797	32852
46.432	28387	41538	32689	32725
46.496	43816	26106	32644	32796
46.552	14200	44661	32821	32638
46.608	45765	23042	32749	32790
46.664	35756	34912	32679	32757
46.728	49745	20713	32805	32868
46.784	18045	45905	32696	32628
46.848	31718	39011	32669	32721
46.912	46740	23600	32814	32801
46.984	17660	46103	32685	32599
47.04	37130	27203	32729	32816
47.104	17294	37729	32814	32577
47.168	15378	45592	32789	32533
47.224	42430	24601	32723	32786
47.28	39498	31405	32692	32777
47.344	51019	19518	32764	32898
47.4	20219	45208	32681	32573
47.464	34862	36000	32678	32669
47.52	15120	40079	32813	32555
47.576	51398	19359	32858	32839
47.632	26688	42960	32682	32685
47.696	42491	28452	32663	32773
47.752	13834	43873	32799	32530
47.808	46892	22135	32757	32812
47.872	27179	31513	32812	32672
47.928	48736	21507	32823	32854
47.992	50452	20339	32797	32886
48.056	32943	28867	32707	32792
48.12	15465	39341	32777	32531
48.184	16665	45842	32802	32624
48.248	29653	40552	32679	32709
48.32	15783	39130	32803	32694
48.384	16656	45659	32800	32502
48.456	33818	28470	32722	32725
48.52	16316	39080	32810	32588
48.576	51410	19100	32786	32917
48.64	39282	25807	32757	32787
48.696	41083	29276	32669	32819
48.768	14393	44913	32775	32518
48.832	25430	43702	32687	32579
48.896	41137	30299	32672	32760
48.96	51429	18919	32834	32871
49.024	45070	23402	32761	32806
49.096	40535	29977	32664	32741
49.16	51449	19026	32785	32886
49.216	21544	45304	32698	32617
49.28	36679	34129	32684	32762
49.336	14570	40910	32795	32615
49.4	18485	46275	32691	32591
49.456	35239	27831	32705	32729
49.52	16567	38274	32795	32606
49.576	51405	18981	32814	32857
49.64	41403	25163	32763	32781
49.704	20040	35644	32783	32628
49.768	13995	44798	32801	32596
49.832	24251	44748	32671	32593
49.896	39810	30633	32650	32801
49.952	13714	42627	32792	32504
50.016	21011	45359	32695	32690
50.08	35879	35145	32670	32763
50.16	51001	19143	32786	32845
50.232	24255	44242	32700	32692
50.296	39467	31131	32691	32775
50.36	51296	19340	32802	32799
50.432	23899	44211	32684	32531
50.504	20362	35089	32793	32650
50.576	51471	18927	32836	32877
50.64	43001	24665	32734	32771
50.704	21018	34967	32827	32672
50.768	13917	44164	32811	32560
50.84	41896	24707	32735	32786
50.904	21222	34876	32809	32597
50.968	13882	44314	32785	32545
51.024	47053	22421	32763	32790
51.088	25939	31878	32813	32702
51.152	13726	42551	32795	32575
51.224	47067	22427	32762	32804
51.288	26197	31937	32827	32686
51.36	51129	19563	32788	32862
51.424	46596	22396	32781	32839
51.488	26401	31762	32829	32649
51.552	13745	42302	32807	32578
51.616	20052	45943	32730	32609
51.696	38101	32709	32676	32831
51.768	13759	43721	32802	32565
51.848	26276	43022	32678	32707
51.92	18428	36995	32813	32655
52	16887	46276	32799	32643
52.072	32642	28723	32696	32684
52.136	15822	39551	32803	32569
52.216	19455	45890	32707	32579
52.288	27680	31131	32802	32647
52.352	14049	41681	32814	32609
52.432	22306	44949	32708	32488
52.504	22825	33811	32828	32647
52.576	51404	19091	32805	32849
52.648	25567	43625	32694	32517
52.72	19358	36255	32793	32635
52.792	51478	19152	32822	32838
52.872	33988	28126	32687	32712
52.96	50217	20166	32816	32881
53.04	43930	23500	32778	32790
53.112	40745	30008	32664	32763
53.176	51122	19136	32824	32838
53.248	25265	43533	32695	32606
53.312	40665	29920	32674	32835
53.384	14118	44821	32793	32489
53.456	40398	25541	32709	32760
53.52	19875	35766	32811	32673
53.6	15957	45796	32798	32564
53.672	35019	27674	32734	32710
53.736	16618	38138	32812	32613
53.8	15727	45504	32780	32624
53.88	32052	38639	32681	32766
53.944	47260	23526	32776	32941
54.008	51221	19568	32825	32807
54.064	27675	41717	32690	32636
54.128	43570	25972	32675	32876
54.192	51488	18986	32802	32846
54.256	40841	24856	32752	32747
54.312	39778	31486	32662	32725
54.376	51292	19366	32791	32829
54.44	45683	22653	32755	32762
54.504	25526	32158	32797	32636
54.576	50903	19452	32806	32839
54.664	27398	42879	32695	32643
54.728	43596	27911	32663	32867
54.792	51533	18978	32818	32892
54.856	42033	24502	32731	32795
54.928	43008	27200	32668	32793
55	14980	45486	32777	32548
55.064	26575	42896	32696	32594
55.128	42830	27835	32651	32798
55.192	51610	18922	32771	32868
55.264	26577	42922	32681	32674
55.328	42121	28341	32661	32774
55.4	14913	45472	32781	32566
55.472	37573	26453	32748	32780
55.552	15599	39650	32819	32617
55.616	16718	45949	32818	32532
55.68	29680	40298	32686	32629
55.744	45640	24803	32807	32796
55.808	51381	19184	32840	32836
55.872	38646	26164	32771	32749
55.936	18741	36598	32831	32582
56	14546	45152	32803	32504
56.064	25600	43606	32687	32705
56.128	41850	28236	32662	32756
56.192	51360	18882	32848	32823
56.256	43286	23690	32774	32818
56.32	22450	33471	32830	32645
56.384	13674	43164	32780	32669
56.456	44192	23493	32790	32771
56.512	36837	34227	32655	32733
56.576	50873	20146	32806	32883
56.64	48129	21390	32790	32844
56.704	28828	30604	32814	32723
56.768	14603	41015	32778	32562
56.832	18759	46085	32690	32494
56.896	32578	38249	32664	32784
56.96	47182	22849	32798	32851
57.024	51038	19721	32847	32821
57.088	36219	27708	32713	32730
57.152	16706	38260	32784	32621
57.224	50973	19592	32826	32819
57.304	29859	29876	32826	32713
57.376	50330	20616	32795	32898
57.448	20800	45612	32702	32515
57.536	20637	35073	32832	32681
57.6	13816	44538	32798	32573
57.664	24278	44226	32676	32560
57.736	20660	34851	32842	32667
57.8	13745	44155	32791	32531
57.864	23408	44777	32689	32574
57.928	39222	31955	32677	32789
57.992	51090	19584	32796	32867
58.048	20003	46335	32695	32546
58.104	32622	29345	32719	32717
58.16	46539	23858	32822	32825
58.224	51537	19283	32838	32868
58.296	30384	39686	32680	32724
58.376	49474	21990	32771	32878
58.432	16974	45910	32790	32580
58.496	30233	40220	32673	32783
58.552	18078	36962	32798	32570
58.616	14699	45019	32791	32519
58.672	42930	23827	32735	32788
58.736	22620	33762	32794	32677
58.8	13400	43689	32835	32557
58.864	22121	45182	32685	32695
58.928	37165	33469	32650	32729
58.992	50895	19716	32788	32881
59.064	22009	45822	32687	32530
59.128	37456	33574	32668	32834
59.2	13347	43540	32789	32529
59.264	21611	45199	32669	32640
59.328	37350	33726	32645	32830
59.392	50423	20415	32797	32821
59.464	21883	44963	32695	32611
59.528	35829	34175	32669	32715
59.592	50509	20619	32760	32869
59.656	49583	21240	32807	32834
59.72	27927	30185	32807	32701
59.776	47773	22846	32815	32872
59.84	51142	19542	32811	32829
59.904	35746	27408	32728	32738
59.968	16897	38038	32796	32600
60.032	15404	45930	32804	32558
60.088	40261	24721	32738	32740
60.152	20677	35167	32819	32668
60.216	13898	44444	32800	32453
60.28	24125	44330	32715	32658
60.336	24779	32359	32831	32654
60.4	13492	43131	32809	32575
60.456	49538	20552	32824	32837
60.512	31026	39925	32682	32582
60.568	17512	37571	32797	32686
60.624	51561	18741	32818	32828
60.68	23445	44702	32683	32538
60.744	39071	32230	32667	32765
60.8	13717	42383	32771	32588
60.856	50095	20410	32826	32860
60.928	34739	36963	32673	32760
61	13362	42032	32800	32626
61.072	47174	21978	32771	32825
61.144	38030	32810	32680	32837
61.208	51218	19452	32822	32830
61.264	19329	46001	32745	32595
61.328	33663	37595	32678	32742
61.384	15830	39544	32805	32600
61.456	50599	19969	32800	32794
61.52	33359	28516	32708	32690
61.576	45125	25451	32785	32855
61.656	50838	19848	32798	32829
61.728	33382	37764	32696	32738
61.8	13821	41647	32807	32518
61.856	51108	19790	32807	32845
61.912	28941	41727	32687	32677
61.976	44604	26112	32698	32741
62.04	51587	18891	32827	32904
62.104	39589	25285	32731	32778
62.168	20047	35920	32822	32646
62.232	13982	44543	32798	32490
62.296	23825	44413	32706	32627
62.352	25200	32563	32788	32611
62.416	13790	42471	32801	32611
62.472	49643	21158	32799	32814
62.536	31422	29827	32788	32749
62.6	15260	40343	32816	32607
62.656	51080	19673	32799	32788
62.72	37424	27032	32740	32761
62.784	17940	37119	32801	32629
62.84	51577	19089	32811	32897
62.904	42704	24651	32782	32796
62.968	21397	34498	32802	32638
63.032	13861	44232	32794	32542
63.096	23225	44942	32676	32531
63.16	38157	32751	32662	32746
63.224	50547	19924	32811	32832
63.296	22814	44644	32709	32690
63.368	23765	34181	32800	32626
63.424	50455	20229	32791	32902
63.496	22593	44462	32693	32507
63.56	37208	33341	32677	32752
63.624	50316	20019	32816	32824
63.688	48019	21824	32826	32827
63.752	29270	30850	32806	32622
63.816	14483	41425	32795	32593
63.896	21983	44697	32706	32653
63.968	24155	33334	32816	32648
64.04	51440	19418	32826	32892
64.104	45339	23396	32753	32706
64.176	40194	30017	32666	32858
64.248	14217	44333	32778	32526
64.312	24673	43311	32670	32594
64.384	20056	35720	32822	32535
64.456	51425	19179	32816	32850
64.528	27839	41550	32685	32676
64.6	17026	37737	32795	32614
64.672	50984	19622	32824	32851
64.744	31147	39614	32687	32699
64.808	46583	23666	32763	32923
64.88	17968	46049	32719	32503
64.952	32965	29487	32717	32761
65.024	48973	21453	32801	32839
65.096	20325	45769	32682	32603
65.168	26219	32035	32784	32664
65.24	50215	19579	32840	32881
65.312	23234	44763	32681	32533
65.384	22265	34486	32808	32585
65.464	15045	45016	32797	32571
65.568	26479	31455	32791	32702
65.656	51563	19099	32807	32863
65.736	39782	26341	32756	32734
65.84	49870	20032	32766	32839
65.912	22776	45077	32698	32655
65.992	40796	29736	32657	32758
66.072	50762	19234	32821	32861
66.144	29067	41297	32672	32594
66.232	14495	41028	32805	32593
66.312	21914	44888	32693	32697
66.384	24254	33124	32795	32667
66.456	50965	19187	32818	32812
66.528	24363	43869	32686	32561
66.6	19597	35525	32803	32594
66.68	15938	45820	32792	32484
66.752	34293	27468	32731	32751
66.824	47069	23041	32825	32814
66.904	49290	20866	32822	32828
66.984	25217	32487	32784	32669
67.056	50918	19237	32810	32813
67.136	41268	24524	32753	32773
67.216	17369	37768	32808	32636
67.304	49013	20556	32826	32820
67.384	25888	32104	32814	32605
67.464	13662	44302	32812	32636
67.552	37652	26736	32745	32721
67.664	13590	44342	32800	32583
67.736	42754	24004	32754	32794
67.816	18092	37032	32814	32570
67.896	16691	46171	32806	32553
67.984	27595	31325	32801	32655
68.072	51488	18774	32809	32841
68.152	39012	25841	32754	32740
68.248	13989	41395	32795	32543
68.328	21985	44899	32693	32593
68.416	19373	36145	32814	32646
68.488	51451	18904	32784	32876
68.568	34576	27846	32733	32759
68.64	47831	22986	32806	32856
68.704	51121	19658	32830	32806
68.776	32483	38868	32684	32807
68.84	47472	23002	32784	32823
68.912	18267	46109	32739	32669
68.984	30514	30000	32818	32665
69.056	50016	20555	32790	32875
69.136	45475	22681	32786	32750
69.208	39956	30992	32671	32846
69.296	15022	45664	32811	32611
69.384	31651	29597	32724	32643
69.456	48946	21448	32797	32861
69.52	50246	20525	32814	32824
69.592	34579	35878	32674	32797
69.664	14257	42385	32785	32546
69.728	20092	46118	32761	32595
69.8	27031	31372	32807	32694
69.872	50608	19948	32819	32830
69.976	29549	40599	32697	32544
70.04	44938	24956	32803	32855
70.112	16702	45843	32820	32675
70.176	29159	41168	32674	32642
70.248	16095	39113	32822	32503
70.312	16510	45617	32801	32688
70.384	34470	28191	32720	32678
70.448	16350	38755	32826	32592
70.512	16335	45891	32813	32487
70.568	41060	25556	32761	32780
70.624	40231	29752	32663	32828
70.688	51292	19145	32800	32886
70.76	24821	43910	32690	32650
70.832	20180	35740	32822	32653
70.904	51410	18954	32841	32940
70.968	41212	25192	32783	32789
71.032	20061	35458	32794	32585
71.104	51522	18909	32841	32811
71.16	24376	44909	32681	32573
71.224	39745	30950	32660	32835
71.296	14023	44208	32782	32557
71.368	41456	24792	32768	32796
71.448	17512	37615	32787	32641
71.52	51161	19533	32797	32813
71.592	30958	39746	32690	32601
71.672	49097	21560	32800	32856
71.736	49563	20684	32831	32851
71.8	32018	29075	32706	32698
71.864	15436	40168	32815	32520
71.928	17276	45878	32773	32625
71.992	30319	39913	32679	32765
72.056	45618	24446	32805	32825
72.12	51305	19261	32834	32840
72.184	38408	26304	32755	32795
72.264	15643	39432	32803	32589
72.336	50275	20310	32820	32800
72.408	33717	37113	32680	32839
72.472	48142	22019	32797	32835
72.544	19505	46101	32714	32595
72.608	33789	37619	32682	32823
72.672	47995	22321	32782	32850
72.736	50572	20002	32848	32880
72.808	33187	38004	32694	32657
72.888	50422	20035	32792	32822
72.952	48254	21550	32794	32801
73.016	29478	30611	32807	32712
73.088	50437	20244	32794	32843
73.16	21862	45603	32678	32560
73.224	36529	34267	32678	32734
73.288	50112	20641	32792	32866
73.352	48654	21299	32847	32871
73.416	30275	30274	32802	32696
73.48	14540	40765	32799	32635
73.544	18305	46201	32686	32555
73.608	31905	39365	32688	32706
73.672	47007	23305	32786	32813
73.768	45869	22699	32804	32790
73.84	39694	31596	32683	32805
73.904	51140	19321	32786	32812
73.968	46013	22690	32768	32814
74.04	39377	31790	32670	32772
74.104	51116	19623	32806	32870
74.168	46218	22502	32756	32834
74.232	26018	31909	32802	32652
74.304	51021	19650	32819	32876
74.384	42201	24370	32749	32811
74.464	18097	37148	32810	32634
74.528	15029	45385	32811	32494
74.592	26555	42930	32690	32665
74.656	42078	28233	32645	32765
74.728	14938	45437	32811	32546
74.792	26122	43298	32696	32620
74.856	41923	28606	32658	32855
74.928	14783	45055	32797	32513
74.992	25868	43287	32682	32655
75.056	41322	28880	32666	32811
75.12	51454	19118	32806	32865
75.184	44167	23706	32779	32765
75.248	23428	33539	32818	32650
75.312	13562	43457	32788	32593
75.376	22132	45494	32702	32563
75.44	36965	34616	32675	32717
75.512	13663	43130	32797	32506
75.576	21624	45071	32670	32588
75.64	36523	34446	32662	32808
75.704	50345	20628	32779	32828
75.776	21410	45531	32696	32744
75.84	35985	34225	32681	32805
75.904	49855	20708	32801	32816
75.968	48904	21146	32807	32768
76.032	30214	30036	32807	32723
76.096	14997	40334	32790	32448
76.168	49242	21198	32798	32783
76.232	30704	29794	32802	32724
76.296	15030	40344	32810	32490
76.36	17687	46040	32710	32582
76.424	31469	39632	32687	32717
76.488	46642	23901	32789	32816
76.552	51322	19490	32821	32850
76.616	37235	26927	32733	32799
76.68	17704	37222	32796	32585
76.744	15103	45242	32818	32498
76.808	26742	43014	32670	32683
76.872	42555	28559	32661	32826
76.936	51296	18945	32796	32886
77	43047	24228	32767	32739
77.064	22488	34087	32816	32664
77.128	13896	43751	32808	32499
77.2	43179	23993	32768	32746
77.264	22832	33953	32802	32659
77.328	13641	43672	32807	32538
77.392	22400	45035	32680	32662
77.456	37519	33766	32672	32765
77.52	50688	20386	32798	32855
77.584	48286	21736	32794	32834
77.664	23499	33410	32811	32617
77.744	14445	44536	32795	32663
77.808	25248	43742	32686	32665
77.872	40477	30035	32658	32731
77.936	51074	19276	32781	32845
78	45793	23376	32798	32786
78.064	24499	32840	32814	32640
78.128	13663	42885	32793	32519
78.192	21235	45273	32700	32545
78.264	25218	32764	32819	32561
78.32	49636	21164	32791	32809
78.376	18005	46272	32694	32683
78.432	36482	27236	32737	32741
78.488	43307	26821	32657	32833
78.552	51486	18899	32863	32835
78.616	42231	24588	32775	32778
78.68	21813	34986	32810	32598
78.736	50902	19500	32809	32845
78.808	23315	44620	32706	32689
78.872	38617	31906	32691	32770
78.944	13764	43826	32809	32550
79.024	26623	42987	32673	32603
79.08	22110	34334	32827	32611
79.136	50739	19901	32797	32859
79.192	19643	46137	32730	32596
79.248	32753	28791	32713	32703
79.304	45335	24858	32807	32848
79.36	14805	45111	32806	32545
79.416	44362	23860	32744	32765
79.48	23245	33810	32796	32632
79.552	51171	18977	32820	32845
79.608	22266	45180	32687	32571
79.664	28417	30860	32830	32659
79.728	14410	41295	32778	32574
79.792	18930	45846	32709	32526
79.848	34326	28067	32734	32738
79.912	16496	38587	32796	32631
79.968	51500	19032	32751	32866
80.04	28415	41854	32675	32651
80.104	43887	26680	32665	32844
80.16	14289	44773	32790	32472
80.216	45578	23001	32803	32825
80.272	36097	35121	32670	32816
80.336	49474	20820	32781	32850
80.4	49163	21078	32771	32830
80.464	30552	29631	32833	32661
80.536	49538	21024	32800	32806
80.592	17942	45920	32718	32576
80.648	36562	26961	32715	32706
80.712	17700	37947	32814	32600
80.768	51474	19010	32790	32824
80.824	23752	44727	32700	32604
80.88	26477	31991	32797	32671
80.944	13822	42275	32777	32556
81.008	20328	45535	32711	32632
81.072	34883	35667	32669	32759
81.136	48997	21938	32779	32824
81.192	17163	45764	32736	32636
81.256	30580	39864	32684	32603
81.312	18508	37042	32783	32641
81.376	14909	45045	32791	32655
81.44	26248	43250	32682	32729
81.504	41877	28533	32667	32788
81.568	51397	19127	32801	32914
81.632	43599	23952	32784	32792
81.696	22909	33893	32821	32616
81.76	13818	43535	32802	32470
81.824	22204	45222	32702	32544
81.888	37088	33950	32662	32726
81.944	14010	40874	32805	32612
82.008	18929	46122	32688	32598
82.072	32949	37608	32663	32676
82.136	47641	23004	32800	32837
82.2	50639	19908	32809	32868
82.272	32644	38102	32665	32727
82.336	47163	22842	32784	32852
82.4	51219	19700	32805	32828
82.456	28042	41112	32687	32765
82.52	43746	26502	32644	32735
82.576	14148	45324	32790	32554
82.632	45309	22914	32780	32839
82.696	25493	32619	32797	32667
82.752	49416	20809	32810	32824
82.816	49091	21034	32821	32839
82.872	31409	38904	32688	32625
82.928	17151	37634	32787	32650
82.992	15485	45532	32783	32555
83.056	27167	42382	32680	32619
83.112	21219	34894	32839	32624
83.2	51429	19362	32789	32848
83.264	38004	26706	32759	32771
83.328	17954	37033	32789	32561
83.392	15225	45541	32785	32564
83.448	43539	24307	32792	32720
83.512	22022	34458	32799	32579
83.584	51487	18881	32829	32868
83.664	38282	26159	32751	32750
83.736	45318	24447	32780	32854
83.816	50256	20155	32849	32851
83.888	33814	37307	32684	32660
83.952	48083	21666	32810	32823
84.016	50527	20083	32789	32784
84.08	33875	28228	32761	32690
84.144	16085	39083	32789	32660
84.216	50609	20050	32812	32807
84.288	33152	37722	32676	32729
84.36	14122	41394	32803	32526
84.432	48614	21543	32788	32801
84.504	37010	34416	32677	32815
84.576	13671	43279	32781	32621
84.648	44573	23436	32780	32777
84.72	40939	30217	32671	32747
84.8	51395	19034	32815	32878
84.872	28387	41828	32689	32696
84.936	44046	25611	32648	32846
85	51547	19049	32811	32871
85.064	40991	24975	32755	32712
85.136	43866	26851	32647	32787
85.2	51544	18961	32845	32838
85.264	41150	25010	32787	32779
85.328	20615	35372	32831	32641
85.4	51342	18987	32805	32820
85.464	41878	24435	32769	32777
85.52	39412	31492	32667	32810
85.584	50992	19543	32795	32878
85.648	46876	22577	32746	32759
85.72	38852	31774	32675	32776
85.784	50988	19555	32817	32929
85.848	46639	22308	32807	32845
85.912	25994	31741	32821	32720
85.976	13921	42682	32773	32443
86.048	47537	22279	32770	32829
86.128	21455	34478	32831	32715
86.2	51176	18981	32806	32800
86.272	26555	43361	32696	32673
86.344	18176	36931	32802	32571
86.408	14939	45405	32808	32603
86.472	26466	42794	32697	32621
86.528	22373	34102	32828	32661
86.608	14790	45020	32809	32488
86.672	26061	43057	32679	32737
86.728	22605	33950	32782	32640
86.792	13681	43833	32816	32609
86.856	22537	45052	32688	32526
86.92	37413	33425	32676	32802
86.984	50372	20364	32806	32857
87.048	47972	21601	32778	32821
87.112	28655	30752	32810	32703
87.176	14277	40939	32785	32544
87.24	19016	46193	32735	32655
87.304	32895	37195	32667	32714
87.368	48058	23150	32813	32781
87.44	18908	46321	32693	32597
87.504	32691	38016	32684	32753
87.568	47851	22987	32795	32841
87.64	18548	46530	32704	32627
87.704	32542	38883	32662	32759
87.776	14469	40820	32792	32561
87.84	18522	46956	32751	32562
87.92	36109	35101	32682	32770
87.984	49610	20505	32766	32854
88.048	48971	21027	32804	32788
88.112	31065	29844	32821	32660
88.176	14850	40460	32800	32546
88.248	48972	20957	32812	32852
88.312	30722	29694	32815	32646
88.376	15069	40350	32806	32575
88.44	17909	46200	32720	32565
88.504	31487	39695	32669	32720
88.56	17413	37674	32803	32565
88.624	15453	45920	32785	32590
88.688	27253	42989	32697	32741
88.76	17920	37250	32801	32592
88.84	17534	45989	32689	32597
88.912	31537	29065	32716	32694
88.976	15410	39721	32787	32601
89.048	49892	20660	32836	32836
89.112	31739	28891	32715	32742
89.176	15649	39536	32793	32653
89.24	17136	46077	32790	32534
89.304	29949	40317	32689	32656
89.368	45210	24789	32806	32824
89.44	17167	45984	32786	32527
89.504	29752	40569	32677	32702
89.56	18619	36736	32808	32618
89.616	51409	19033	32824	32889
89.68	43460	23796	32809	32790
89.744	22995	33771	32807	32691
89.808	13988	43222	32812	32510
89.872	22136	45345	32684	32604
89.936	37079	33473	32683	32824
89.992	14502	41328	32816	32584
90.056	18906	46268	32690	32604
90.112	34068	28108	32724	32749
90.176	16364	38853	32809	32580
90.232	51434	19051	32843	32831
90.296	40306	25563	32766	32765
90.352	40704	30397	32649	32726
90.416	51318	19108	32813	32896
90.472	21526	45156	32698	32681
90.536	36452	34667	32678	32800
90.6	50227	20497	32834	32865
90.664	48832	21198	32820	32828
90.728	29985	30379	32836	32692
90.784	47364	22991	32814	32850
90.848	50688	19782	32805	32846
90.904	27981	41713	32699	32708
90.968	43353	27090	32646	32810
91.032	51439	18825	32833	32931
91.088	24199	44301	32670	32623
91.168	43182	27034	32667	32768
91.232	51449	18884	32818	32855
91.296	42016	24794	32725	32756
91.352	39281	31902	32670	32847
91.416	51101	19778	32801	32895
91.48	47025	22620	32756	32794
91.544	26017	32081	32801	32624
91.616	50883	19506	32834	32934
91.688	23365	44206	32708	32645
91.752	38638	32214	32678	32789
91.816	50641	19543	32825	32880
91.88	46898	22177	32780	32770
91.936	34361	35788	32691	32714
92	48601	21481	32805	32878
92.064	49764	20502	32816	32838
92.128	32647	28722	32700	32724
92.2	48633	21946	32807	32890
92.272	19611	46154	32777	32645
92.352	37680	33405	32665	32812
92.416	50575	20064	32768	32853
92.48	47653	21832	32755	32826
92.552	37451	33145	32686	32788
92.632	51371	18958	32804	32846
92.704	25770	43108	32696	32633
92.768	41247	28990	32676	32717
92.832	51350	19004	32843	32850
92.904	25604	43483	32700	32590
92.968	40991	29303	32649	32804
93.04	14572	44994	32804	32593
93.104	25328	43712	32686	32658
93.168	40793	30022	32667	32763
93.24	14464	44920	32763	32554
93.312	40399	25492	32785	32723
93.384	44314	26355	32675	32836
93.448	51430	18915	32846	32828
93.512	40798	25252	32746	32690
93.576	20281	35670	32807	32646
93.64	14292	44597	32777	32669
93.696	45179	23288	32773	32748
93.768	39849	31325	32667	32784
93.832	51324	19009	32781	32796
93.896	44994	22962	32802	32771
93.96	24879	32733	32779	32609
94.024	13737	42613	32816	32533
94.096	45565	22968	32753	32789
94.16	24891	32532	32793	32714
94.232	51069	19376	32774	32801
94.296	45867	22815	32757	32777
94.368	39536	31523	32676	32814
94.432	51100	19246	32806	32779
94.504	23969	44993	32696	32502
94.56	25475	32307	32807	32651
94.624	13840	42303	32769	32528
94.688	20542	45845	32708	32483
94.752	35004	35764	32679	32717
94.816	49221	21416	32793	32908
94.88	49320	20659	32814	32873
94.944	31732	29134	32723	32710
95.008	15355	40018	32815	32668
95.072	17455	46020	32730	32444
95.128	37707	26572	32727	32765
95.192	17746	37113	32812	32621
95.248	51462	19016	32814	32888
95.312	42416	24353	32769	32752
95.368	38533	32468	32679	32680
95.424	13732	41636	32795	32554
95.48	50250	20456	32803	32886
95.56	26634	31510	32786	32539
95.64	13879	43563	32819	32605
95.696	47061	22144	32794	32772
95.768	38100	32640	32662	32694
95.832	50676	19758	32772	32827
95.896	47717	21943	32778	32815
95.952	33903	36660	32694	32789
96.016	48037	21748	32801	32883
96.072	16857	46306	32778	32618
96.136	30015	40351	32674	32782
96.2	45189	24997	32769	32844
96.256	14811	45369	32797	32504
96.32	25914	43481	32689	32568
96.384	41539	29217	32667	32827
96.456	14838	45337	32804	32621
96.52	25883	43449	32706	32606
96.584	41617	28939	32678	32793
96.64	13737	43906	32799	32515
96.696	47945	21651	32802	32822
96.752	33375	37649	32677	32725
96.816	48018	22097	32779	32831
96.872	16805	46968	32809	32594
96.944	33059	28260	32743	32711
97.016	48153	22385	32805	32864
97.088	19010	46163	32739	32599
97.16	28552	30559	32810	32700
97.224	14263	41768	32805	32572
97.288	19083	45939	32721	32612
97.352	33274	37646	32692	32814
97.424	14150	41450	32802	32581
97.488	18903	46474	32709	32650
97.552	33352	37756	32689	32740
97.624	14300	41362	32809	32545
97.688	18771	45979	32765	32549
97.768	36884	34206	32656	32768
97.84	13782	43388	32824	32526
97.912	44154	23651	32768	32818
97.992	19753	35669	32805	32636
98.064	51495	19033	32838	32833
98.152	32732	38567	32685	32652
98.216	47419	22503	32775	32857
98.288	18711	46426	32738	32617
98.352	32439	38225	32670	32756
98.416	47421	23291	32785	32822
98.48	51104	19737	32805	32806
98.544	35417	27836	32734	32699
98.608	16872	37874	32816	32615
98.672	16001	46276	32777	32568
98.736	28085	41938	32672	32638
98.8	43833	26404	32645	32870
98.864	51474	18900	32828	32829
98.936	28273	41755	32680	32686
99	43662	26923	32675	32795
99.064	51483	19132	32838	32859
99.128	41517	25070	32768	32797
99.192	20768	35492	32790	32599
99.256	14227	44758	32811	32529
99.328	41147	24981	32754	32743
99.408	16711	37942	32827	32571
99.48	50976	19443	32826	32865
99.56	29278	29805	32817	32714
99.632	50165	20636	32788	32914
99.704	20897	46401	32697	32460
99.792	20538	35509	32825	32654
99.856	13805	44556	32810	32530
99.936	28174	42466	32688	32678
100.008	17148	38240	32808	32578
100.088	18085	45565	32706	32582
100.16	30287	29810	32788	32702
100.224	14695	40512	32797	32580
100.288	17893	46391	32721	32581
100.36	29548	29800	32819	32657
100.424	14600	40420	32793	32566
100.496	49311	20718	32815	32812
100.584	39505	31614	32673	32831
100.648	51156	19235	32810	32937
100.72	23830	44681	32693	32566
100.8	43778	27366	32662	32843
100.872	15424	45550	32807	32511
100.936	27667	42786	32680	32662
101.008	17351	37407	32801	32583
101.08	51223	19318	32816	32829
101.152	31376	39606	32685	32619
101.224	14654	40364	32788	32580
101.296	49653	20631	32791	32780
101.384	39446	32013	32674	32756
101.456	13756	44149	32776	32451
101.536	27479	42598	32674	32677
101.608	17407	37571	32793	32613
101.688	17668	46500	32704	32626
101.752	31257	39810	32678	32661
101.824	15114	40286	32798	32629
101.888	17413	46172	32703	32653
101.952	30901	39625	32681	32695
102.016	46556	24096	32800	32905
102.08	51286	19305	32814	32819
102.144	36709	26736	32755	32753
102.208	17639	37414	32799	32635
102.272	15040	45909	32808	32522
102.344	36849	26606	32765	32792
102.416	46453	24110	32810	32824
102.496	49554	20594	32805	32821
102.56	31063	29003	32808	32734
102.632	49161	21181	32799	32840
102.704	20222	46275	32732	32612
102.776	26156	31747	32787	32699
102.848	50950	19294	32825	32857
102.912	47170	22141	32776	32763
102.984	38798	32669	32682	32696
103.048	51137	19554	32780	32909
103.12	23296	44155	32687	32610
103.184	39037	33086	32660	32823
103.248	51294	19567	32793	32796
103.312	46924	22042	32801	32765
103.384	38985	32157	32653	32764
103.448	51144	19548	32752	32907
103.512	47071	22013	32792	32792
103.576	26661	31453	32841	32690
103.632	49212	21725	32817	32783
103.696	49958	20218	32784	32852
103.768	34714	37195	32681	32677
103.824	15698	39413	32828	32626
103.888	16994	45805	32795	32579
103.944	37914	26156	32765	32785
104.008	18435	36891	32807	32643
104.064	51415	18836	32810	32859
104.128	43468	24000	32765	32893
104.2	41931	29276	32658	32721
104.256	13843	43646	32817	32541
104.328	43753	23813	32772	32766
104.392	22770	33846	32794	32577
104.448	50664	20046	32764	32850
104.512	47531	21925	32754	32775
104.568	33796	37358	32687	32733
104.632	47974	22258	32818	32827
104.696	50644	20376	32783	32845
104.76	34265	28357	32724	32710
104.824	16129	39000	32821	32615
104.888	16394	45822	32809	32659
104.952	29012	40840	32686	32677
105.008	19404	36064	32801	32611
105.072	14459	44968	32797	32539
105.136	25373	43547	32707	32638
105.208	19893	36014	32808	32596
105.272	14490	45065	32793	32651
105.344	39726	25599	32766	32778
105.408	19612	35962	32815	32667
105.464	51155	19105	32795	32857
105.528	45004	23276	32787	32843
105.584	36787	34702	32682	32846
105.648	50136	20231	32826	32804
105.712	48541	21316	32819	32883
105.776	29696	30381	32824	32714
105.848	49779	20466	32798	32862
105.904	18553	46326	32728	32524
105.968	32131	38804	32665	32787
106.04	14671	40902	32810	32511
106.104	18333	46436	32716	32558
106.16	35529	27504	32742	32699
106.224	16894	37970	32825	32602
106.288	15787	45680	32811	32523
106.36	35264	27358	32742	32716
106.44	14235	41015	32809	32592
106.496	51115	19409	32827	32849
106.56	35572	27284	32765	32793
106.616	43864	26347	32663	32873
106.68	51411	18631	32792	32858
106.744	41027	24607	32795	32776
106.816	43917	27196	32662	32776
106.88	51472	18688	32832	32852
106.944	41271	24493	32776	32749
107.008	20697	35186	32816	32607
107.072	13961	44233	32775	32611
107.136	24008	44534	32698	32594
107.2	39156	32070	32659	32798
107.264	51300	19417	32820	32851
107.328	46562	22333	32802	32833
107.392	25982	32037	32817	32666
107.456	13619	42349	32792	32648
107.52	20285	45918	32768	32600
107.592	26089	31735	32791	32679
107.656	13538	42373	32757	32504
107.72	20048	46257	32753	32487
107.776	31685	28960	32752	32684
107.832	45594	24992	32813	32858
107.888	14904	45061	32830	32533
107.944	43389	23940	32789	32759
108	37836	32934	32672	32799
108.064	50530	20034	32806	32846
108.128	47704	21822	32794	32801
108.192	28002	30895	32775	32724
108.248	48250	22499	32778	32874
108.32	19465	45849	32732	32623
108.392	28724	30963	32808	32603
108.456	14751	41489	32827	32640
108.52	19556	46424	32688	32536
108.608	23459	33438	32797	32616
108.72	18947	46346	32703	32623
108.792	28102	30594	32790	32733
108.856	13955	41167	32804	32667
108.92	18796	46390	32753	32554
108.976	33905	27889	32737	32721
109.024	19382	36037	32798	32610
109.08	51308	19109	32804	32879
109.128	48490	21161	32808	32899
109.184	32598	38592	32673	32778
109.232	44835	26305	32653	32811
109.28	51287	19046	32796	32861
109.328	48979	21119	32780	32818
109.376	35172	27320	32749	32729
109.432	44409	26746	32658	32830
109.488	13899	44980	32763	32636
109.544	45435	22614	32759	32786
109.6	36491	35521	32686	32760
109.656	14588	40170	32804	32525
109.72	17954	46359	32720	32498
109.776	35885	27143	32730	32741
109.84	17122	37706	32784	32622
109.896	51538	19050	32812	32890
109.952	23794	44735	32675	32610
110.008	25878	32137	32807	32580
110.064	49646	20918	32806	32834
110.12	17584	46370	32712	32450
110.176	37712	26671	32733	32718
110.232	43066	27759	32663	32793
110.288	13726	44248	32801	32486
110.344	46522	22228	32781	32804
110.4	34738	36441	32666	32858
110.464	48832	21314	32813	32875
110.52	17164	46235	32728	32500
110.576	37814	26294	32746	32786
110.632	42026	28489	32650	32817
110.688	13606	43780	32779	32557
110.744	47459	21934	32784	32757
110.8	34018	37215	32661	32669
110.856	15865	39302	32804	32542
110.912	51382	18925	32833	32852
110.968	25897	44036	32692	32712
111.032	41784	29205	32662	32817
111.096	51284	18652	32816	32866
111.152	21984	45303	32700	32704
111.216	37293	33655	32683	32764
111.272	13945	41167	32800	32591
111.336	19029	46286	32692	32478
111.392	34209	27913	32758	32721
111.456	16359	38578	32802	32573
111.512	51541	18836	32808	32834
111.576	40282	25206	32745	32781
111.648	44144	26662	32652	32813
111.704	14058	44733	32806	32564
111.76	45268	22844	32775	32780
111.816	36063	35218	32661	32763
111.872	14387	40886	32795	32566
111.928	51190	19338	32804	32868
111.984	27793	42179	32682	32560
112.04	20887	35031	32816	32682
112.096	51358	19001	32801	32829
112.152	20392	45727	32757	32624
112.208	30818	29272	32789	32694
112.256	17443	37199	32807	32604
112.32	15086	45731	32798	32488
112.376	41784	24297	32790	32784
112.432	38993	32184	32667	32742
112.488	13578	42550	32809	32608
112.56	47330	21902	32795	32836
112.616	34415	36684	32686	32787
112.672	15594	39632	32797	32592
112.736	16693	45831	32806	32471
112.8	30059	40816	32676	32569
112.864	45269	25672	32798	32789
112.92	14493	45089	32795	32596
112.976	43315	23597	32765	32780
113.04	23092	33477	32817	32644
113.096	50801	19954	32777	32790
113.152	18970	46056	32707	32595
113.208	34154	27943	32712	32751
113.264	44339	26392	32674	32823
113.32	14053	44961	32772	32507
113.376	45479	22971	32778	32800
113.432	36643	34780	32679	32845
113.488	14396	41035	32794	32612
113.544	51179	19418	32810	32816
113.6	27975	41702	32693	32683
113.656	20127	35333	32810	32671
113.712	51385	19173	32816	32884
113.768	20956	45741	32701	32589
113.824	30691	29668	32812	32698
113.88	46696	23774	32825	32882
113.936	15127	45124	32793	32535
113.992	43012	24481	32762	32795
114.048	38772	32196	32661	32738
114.104	13513	42199	32792	32641
114.16	49799	20454	32824	32801
114.216	30620	39863	32661	32715
114.28	46160	24402	32789	32880
114.336	14917	45419	32796	32546
114.408	38912	25955	32748	32768
114.472	19303	36325	32830	32582
114.536	14733	44710	32784	32585
114.6	25638	44012	32697	32805
114.664	41159	29569	32669	32822
114.728	51302	19248	32820	32802
114.784	21627	45228	32699	32673
114.84	29595	30305	32821	32691
114.896	47530	23364	32785	32799
114.952	16028	45696	32799	32564
115.024	35368	27481	32727	32703
115.08	43693	27224	32674	32809
115.144	51522	18921	32834	32924
115.216	27835	42341	32691	32629
115.272	20929	34815	32829	32636
115.328	50892	19455	32804	32866
115.392	46617	22474	32792	32847
115.456	26353	31857	32807	32633
115.52	13814	42497	32817	32582
115.592	46710	22285	32780	32832
115.656	27095	31512	32823	32690
115.72	13974	41925	32819	32449
115.784	19855	45768	32765	32550
115.848	34215	36770	32694	32708
115.92	14065	41970	32814	32535
115.984	19598	45860	32694	32633
116.04	33140	28596	32743	32754
116.096	45182	25157	32802	32826
116.16	51178	19193	32826	32784
116.224	39446	25869	32761	32676
116.28	40965	29746	32663	32787
116.344	51314	19140	32796	32877
116.408	44696	23431	32772	32777
116.472	24008	33193	32822	32673
116.536	13712	42990	32787	32448
116.592	48731	21303	32797	32803
116.648	32257	38287	32680	32698
116.704	17076	37890	32806	32656
116.76	51489	18951	32798	32794
116.816	24110	43944	32689	32529
116.872	25277	32285	32817	32658
116.928	49415	20868	32801	32864
117	20972	45272	32673	32560
117.072	25745	32072	32813	32642
117.128	49139	21427	32819	32879
117.184	17661	46122	32732	32572
117.24	37253	26684	32750	32744
117.296	42458	28195	32670	32878
117.352	13876	43788	32780	32554
117.408	47462	22180	32770	32815
117.472	26859	31495	32817	32772
117.536	14118	42039	32778	32583
117.6	19619	45595	32736	32620
117.664	33412	37386	32678	32763
117.72	16083	38948	32814	32561
117.784	16744	46034	32790	32488
117.848	29345	41352	32680	32613
117.904	19021	36098	32807	32619
117.96	51155	19200	32794	32876
118.016	21620	45209	32681	32595
118.072	29521	30254	32810	32654
118.128	47284	22952	32800	32847
118.184	16120	45919	32792	32339
118.24	40863	25272	32730	32758
118.304	20359	35444	32813	32664
118.368	14249	44251	32804	32525
118.44	41748	25087	32758	32768
118.504	20568	35012	32838	32663
118.56	51289	19458	32774	32899
118.616	20450	45635	32691	32636
118.672	31001	29279	32716	32727
118.728	46183	24492	32796	32820
118.784	15445	45873	32793	32527
118.84	42620	24340	32769	32768
118.896	38595	32167	32658	32798
118.952	14050	42059	32806	32536
119.008	50314	20445	32806	32827
119.064	30293	40608	32671	32701
119.12	18134	36918	32787	32599
119.176	51365	18986	32808	32840
119.232	22652	44428	32689	32622
119.288	27995	31208	32819	32695
119.344	48136	22245	32763	32922
119.408	50629	20005	32777	32840
119.464	29417	40505	32686	32607
119.528	44790	25464	32725	32809
119.6	16205	46257	32776	32564
119.656	40075	25351	32754	32788
119.712	40660	30412	32680	32791
119.768	13829	43051	32803	32608
119.824	48611	21039	32800	32808
119.88	32076	38924	32697	32623
119.936	16981	38117	32802	32630
119.992	51532	18801	32828	32837
120.048	24236	44786	32693	32577
120.104	25608	32062	32807	32673
120.16	49141	21106	32787	32822
120.232	20395	45818	32706	32535
120.304	26362	31841	32802	32675
120.36	48825	21542	32811	32854
120.416	17378	46032	32768	32532
120.472	37489	26388	32740	32765
120.536	18566	36625	32798	32600
120.592	51415	18943	32797	32947
120.648	22598	45164	32699	32538
120.704	27744	30956	32832	32631
120.76	48505	22350	32794	32876
120.816	16478	45818	32799	32599
120.872	39402	25642	32783	32740
120.928	41029	29740	32678	32899
120.992	51174	19162	32786	32887
121.048	21675	45127	32704	32549
121.104	29371	30304	32783	32665
121.16	47491	23457	32827	32807
121.216	16022	46086	32779	32556
121.272	41431	24787	32776	32689
121.328	39764	31162	32671	32731
121.384	13680	42354	32801	32660
121.44	49554	20771	32816	32869
121.496	31058	39743	32688	32719
121.56	46296	24334	32782	32867
121.616	15289	45535	32799	32633
121.68	26728	43240	32670	32733
121.744	42214	28210	32664	32757
121.808	51345	18820	32824	32835
121.872	43450	23895	32727	32782
121.936	23382	33668	32792	32660
122	13693	43389	32796	32575
122.064	21986	45046	32690	32632
122.128	36816	33924	32680	32791
122.192	50052	20453	32781	32906
122.256	49015	21404	32816	32813
122.32	29893	30113	32824	32672
122.384	14636	40747	32827	32583
122.448	18257	45752	32708	32658
122.512	31605	39370	32684	32651
122.576	46457	24013	32808	32835
122.632	15594	45352	32828	32470
122.688	42562	24538	32769	32760
122.744	38830	31682	32665	32719
122.8	14094	42164	32818	32518
122.856	50496	20560	32827	32775
122.92	32211	28883	32720	32750
122.976	45208	24690	32783	32829
123.032	14853	45411	32771	32500
123.088	43332	23910	32771	32766
123.152	22936	33833	32814	32652
123.208	50334	20295	32768	32932
123.272	48049	21592	32800	32795
123.328	32881	37706	32682	32718
123.392	47464	22635	32803	32905
123.448	16196	46047	32797	32586
123.504	40275	25218	32780	32778
123.568	20299	35371	32846	32670
123.632	14228	44285	32798	32589
123.696	24119	43528	32689	32616
123.76	39320	31344	32670	32776
123.824	51058	19507	32823	32847
123.888	46250	22496	32798	32791
123.952	26317	31886	32829	32617
124.016	13935	41912	32800	32531
124.08	19996	45944	32736	32604
124.136	32552	28893	32752	32759
124.192	45686	24885	32792	32812
124.248	15017	45039	32790	32517
124.304	43600	23914	32777	32796
124.36	37627	33445	32669	32739
124.416	14597	41477	32807	32638
124.48	19311	45708	32732	32558
124.536	33843	27999	32713	32710
124.6	16151	38565	32793	32622
124.656	51422	18984	32826	32853
124.728	28658	41928	32695	32617
124.792	44070	26405	32683	32874
124.848	14260	44452	32801	32594
124.904	45743	22941	32790	32823
124.968	25281	32362	32817	32594
125.04	51146	19337	32823	32857
125.104	46648	22609	32812	32812
125.16	35062	35774	32689	32749
125.232	13891	42325	32807	32627
125.296	20252	45583	32687	32655
125.352	31881	29053	32744	32750
125.408	45769	24535	32771	32781
125.48	17166	46040	32784	32525
125.552	32607	28750	32725	32729
125.608	45240	25274	32789	32833
125.664	14864	45407	32786	32596
125.72	44035	23747	32792	32810
125.776	37170	33646	32685	32737
125.832	14260	41486	32798	32593
125.888	50758	19908	32826	32835
125.944	28983	41283	32693	32692
126	19358	36035	32810	32612
126.056	51258	19037	32820	32907
126.112	21527	45392	32698	32577
126.168	29745	30144	32819	32687
126.224	47207	22910	32834	32873
126.28	15921	45749	32782	32499
126.336	40499	25092	32777	32807
126.392	39523	31149	32659	32775
126.448	13809	42644	32808	32528
126.504	49285	20905	32800	32791
126.56	31371	39577	32656	32626
126.616	17488	37771	32802	32635
126.672	51429	18821	32797	32838
126.728	23581	44517	32695	32536
126.784	25848	31689	32797	32704
126.848	13946	42160	32814	32610
126.912	20031	45618	32711	32631
126.968	32535	29040	32706	32723
127.04	48860	22015	32800	32939
127.096	16945	45784	32806	32460
127.152	38544	26358	32736	32755
127.208	41885	28588	32657	32880
127.264	13699	43591	32785	32595
127.32	47333	22046	32808	32816
127.376	33288	37841	32696	32703
127.432	16008	38939	32799	32541
127.488	51408	19051	32850	32850
127.544	25758	43086	32679	32509
127.608	40809	29690	32672	32826
127.68	14481	45022	32797	32594
127.736	44932	23237	32763	32757
127.792	36556	34290	32674	32692
127.848	14490	40929	32799	32604
127.904	51130	19846	32844	32827
127.96	28250	41763	32690	32715
128.016	20265	35334	32801	32600
128.072	51305	19384	32797	32884
128.136	46012	23036	32779	32858
128.192	35551	35649	32680	32790
128.264	13812	42356	32792	32547
128.336	46141	22541	32765	32830
128.4	26075	32256	32806	32604
128.464	13922	42265	32781	32540
128.52	49406	20753	32828	32841
128.576	31061	40053	32673	32599
128.632	17768	37207	32800	32705
128.696	15238	45293	32818	32549
128.76	26840	42934	32680	32637
128.816	21532	34288	32795	32654
128.88	14009	43821	32792	32493
128.944	22940	44875	32691	32590
129	27817	31297	32812	32717
129.072	50526	19790	32796	32872
129.144	22705	45192	32693	32517
129.2	26929	31214	32805	32695
129.256	48204	21878	32807	32840
129.312	17094	46061	32815	32492
129.384	34107	28391	32734	32821
129.44	44815	25366	32846	32850
129.496	14848	44926	32799	32494
129.552	44204	23595	32789	32772
129.608	37046	33494	32666	32791
129.664	14137	41275	32806	32479
129.72	50840	20030	32790	32844
129.776	28983	41441	32676	32556
129.84	44154	25590	32660	32780
129.896	14509	44540	32762	32577
129.96	25097	43963	32675	32664
130.016	24306	33092	32814	32680
130.08	13853	43200	32815	32607
130.136	48500	21244	32792	32856
130.2	29676	30289	32801	32783
130.256	46898	23377	32796	32834
130.312	16046	45921	32810	32595
130.376	28052	41870	32667	32712
130.432	20273	35304	32828	32591
130.488	51050	19408	32819	32947
130.544	20816	45487	32683	32574
130.6	31006	29873	32787	32685
130.656	46721	23606	32832	32786
130.712	15777	45611	32804	32579
130.768	42115	24737	32745	32708
130.824	39077	31270	32680	32822
130.88	13910	42510	32769	32519
130.936	49227	20912	32836	32844
131	30835	29463	32716	32676
131.056	46560	24239	32810	32897
131.12	51121	19390	32810	32840
131.176	26969	42853	32728	32696
131.232	21129	34418	32812	32664
131.288	50717	19589	32789	32815
131.344	20176	45629	32712	32606
131.4	32020	29033	32739	32751
131.456	45701	24533	32804	32802
131.512	15116	45238	32776	32530
131.568	42387	24284	32772	32834
131.624	38321	32878	32684	32781
131.68	13999	41701	32811	32496
131.736	49853	20470	32814	32829
131.792	30051	40935	32666	32608
131.848	18510	36781	32828	32627
131.904	51186	18872	32819	32875
131.968	44615	23846	32785	32817
132.024	37914	33069	32667	32761
132.08	14380	41693	32802	32557
132.144	19417	46144	32748	32482
132.2	33619	28428	32721	32686
132.256	45116	25331	32777	32824
132.312	14647	45126	32796	32581
132.368	43995	23616	32796	32785
132.424	37119	33723	32677	32769
132.48	14095	41167	32797	32613
132.536	50616	20007	32802	32808
132.592	29066	41249	32688	32626
132.648	19314	35951	32815	32603
132.704	51186	19140	32810	32865
132.76	21926	44670	32702	32627
132.816	29223	30418	32828	32708
132.872	47601	23097	32796	32876
132.928	16209	45655	32817	32548
132.984	40430	25292	32776	32726
133.04	40543	30441	32660	32746
133.096	13552	43182	32797	32595
133.152	49200	21156	32777	32813
133.208	32095	38145	32686	32676
133.264	16688	38274	32795	32458
133.32	51407	18954	32824	32893
133.376	24356	43359	32687	32721
133.432	24985	32379	32794	32670
133.488	49768	20619	32805	32875
133.544	18211	46331	32687	32601
133.608	31566	38564	32690	32640
133.672	46670	23475	32826	32858
133.728	15606	45838	32805	32495
133.784	42196	24752	32778	32803
133.84	39563	31737	32662	32810
133.896	14016	42587	32777	32627
133.96	20753	45881	32713	32527
134.016	30934	29466	32742	32758
134.08	15229	40005	32789	32591
134.136	51218	19565	32828	32840
134.192	27196	42531	32695	32687
134.248	21414	34826	32820	32680
134.304	50605	19652	32810	32813
134.36	20389	45655	32773	32629
134.424	34905	36598	32689	32705
134.48	15381	40001	32818	32630
134.544	17378	46066	32753	32635
134.6	37761	26521	32727	32765
134.664	17599	37342	32819	32582
134.728	14951	45226	32792	32547
134.792	26536	42832	32690	32615
134.856	42342	28183	32645	32825
134.912	13748	43688	32788	32583
134.968	46788	22163	32790	32811
135.032	27585	31214	32817	32724
135.088	48750	22176	32813	32799
135.152	50138	20268	32779	32880
135.208	29893	41090	32671	32767
135.272	45570	25550	32795	32778
135.328	14874	45114	32788	32618
135.4	39493	26118	32757	32785
135.464	18617	36536	32814	32582
135.528	14724	44879	32791	32495
135.584	43361	23786	32786	32828
135.64	37608	33462	32673	32748
135.712	13769	43231	32784	32466
135.776	22117	45068	32678	32538
135.832	28724	30996	32796	32689
135.896	14307	41498	32808	32624
135.952	50687	20079	32823	32803
136.016	34471	28234	32729	32702
136.072	44588	25953	32663	32822
136.128	14339	44760	32801	32548
136.184	44871	23535	32777	32781
136.248	23390	33355	32823	32674
136.312	13780	43248	32803	32526
136.376	21906	45056	32706	32683
136.432	29320	30471	32815	32678
136.496	14431	40886	32801	32519
136.552	50938	19704	32821	32880
136.616	35490	27537	32741	32735
136.68	17306	38533	32808	32660
136.736	51524	18947	32825	32866
136.792	24767	43686	32685	32662
136.856	40112	30606	32656	32778
136.912	13794	42955	32802	32502
136.976	21447	45258	32696	32604
137.04	36041	35018	32676	32751
137.104	49100	20968	32795	32864
137.16	18172	46304	32704	32476
137.216	34462	27370	32731	32728
137.272	43492	26840	32661	32834
137.328	14291	44444	32798	32540
137.384	45758	22904	32800	32750
137.448	24668	32514	32809	32667
137.512	13862	42534	32767	32471
137.568	49043	21173	32837	32848
137.632	30777	29805	32813	32727
137.696	14923	40547	32809	32657
137.752	50931	19590	32806	32856
137.808	27480	42336	32702	32700
137.864	20734	34912	32824	32615
137.92	51143	19486	32758	32832
137.976	20926	45548	32694	32709
138.04	35561	35593	32670	32694
138.104	48930	20833	32794	32813
138.168	49106	20824	32820	32841
138.224	31459	38997	32684	32702
138.296	15156	40337	32795	32617
138.36	18087	46002	32715	32634
138.416	36679	27324	32738	32755
138.472	43338	27632	32668	32871
138.528	14183	44082	32797	32543
138.584	45971	22587	32795	32788
138.656	39338	31758	32690	32841
138.728	14009	44076	32798	32564
138.8	41676	24549	32765	32766
138.856	39163	31288	32657	32833
138.912	14004	42085	32822	32544
138.968	49322	20879	32843	32889
139.024	30983	39551	32661	32621
139.08	17621	37635	32808	32586
139.136	51424	18878	32820	32923
139.192	23494	44875	32694	32606
139.256	38830	31971	32679	32798
139.32	50763	19596	32785	32851
139.392	23353	44638	32712	32552
139.464	21356	34603	32812	32570
139.52	50947	19585	32799	32872
139.576	20469	45940	32704	32574
139.64	34777	35955	32666	32706
139.72	50875	19690	32804	32915
139.776	20591	45765	32691	32595
139.832	31777	29296	32738	32681
139.896	15292	39890	32818	32666
139.96	17859	45874	32744	32642
140.024	30974	39807	32690	32732
140.08	17934	37444	32799	32587
140.136	51424	19091	32833	32834
140.2	42371	24376	32753	32769
140.256	39010	31892	32665	32825
140.32	50706	19590	32770	32800
140.376	20281	45942	32693	32671
140.432	31201	29215	32697	32714
140.488	45900	24143	32843	32839
140.544	15413	44971	32784	32570
140.6	42984	24473	32776	32768
140.656	38584	32314	32674	32786
140.72	50839	19665	32748	32885
140.776	20128	46107	32765	32617
140.832	31324	29130	32714	32705
140.888	46012	24168	32796	32865
140.944	15196	45480	32782	32511
141	43019	24252	32751	32776
141.056	38831	32093	32667	32777
141.112	14235	41766	32791	32507
141.168	49698	20479	32804	32793
141.224	30581	40241	32681	32742
141.28	17763	37103	32790	32618
141.336	51353	18873	32819	32830
141.392	23354	44946	32699	32554
141.448	26747	31682	32831	32676
141.504	48981	21809	32809	32799
141.568	50461	20699	32761	32859
141.632	32379	29107	32719	32740
141.696	15637	39814	32836	32528
141.752	51307	19286	32818	32843
141.808	26732	42896	32685	32708
141.864	22404	34312	32817	32658
141.92	50631	19617	32822	32890
141.984	46888	22201	32776	32850
142.048	27001	31631	32815	32624
142.12	50716	19461	32799	32826
142.192	23163	45240	32662	32520
142.264	22488	34245	32831	32581
142.32	50792	19821	32808	32853
142.376	19864	45594	32695	32524
142.44	34216	36267	32687	32746
142.504	48946	22227	32802	32876
142.568	50361	20393	32790	32852
142.624	30462	40390	32693	32723
142.688	45764	25063	32766	32871
142.744	14933	44945	32805	32579
142.8	43219	23983	32763	32751
142.856	38019	33011	32674	32802
142.92	50607	19749	32809	32840
142.984	47419	22056	32764	32785
143.056	38104	32673	32676	32746
143.128	14016	43720	32795	32575
143.184	47265	22055	32771	32838
143.248	27312	31376	32781	32698
143.304	48340	22081	32798	32888
143.36	17062	46182	32791	32567
143.416	39088	26144	32755	32717
143.472	41742	28710	32664	32761
143.528	13782	43475	32779	32534
143.584	47717	21936	32778	32791
143.64	33834	36753	32677	32784
143.704	48450	22295	32794	32879
143.76	16965	46201	32818	32456
143.816	39113	26148	32725	32685
143.88	19125	36384	32806	32609
143.936	51398	19018	32822	32906
143.992	22439	44554	32696	32635
144.048	28025	31150	32820	32638
144.104	48287	22355	32781	32909
144.16	16762	45711	32803	32538
144.224	29509	40509	32683	32700
144.288	44975	25306	32786	32844
144.352	51298	19172	32799	32843
144.408	26101	43526	32703	32575
144.472	41135	29701	32662	32818
144.536	51288	19154	32838	32884
144.592	22241	45156	32691	32666
144.648	28154	30820	32804	32644
144.712	14354	41388	32777	32648
144.768	50588	20107	32812	32811
144.832	33964	28280	32706	32749
144.888	44807	25699	32751	32813
144.944	14711	44807	32784	32487
145.008	25539	44146	32672	32705
145.072	40971	29656	32675	32858
145.136	51267	18982	32802	32889
145.2	44319	23438	32789	32791
145.256	36916	34154	32671	32792
145.312	14563	41154	32808	32581
145.384	48372	21534	32824	32789
145.44	32633	38183	32688	32717
145.496	16680	38586	32806	32625
145.552	51444	19233	32804	32829
145.608	25268	43272	32699	32588
145.664	24201	33164	32799	32698
145.728	13844	43116	32795	32564
145.784	48787	21430	32814	32826
145.84	32586	37855	32674	32763
145.896	16963	38583	32790	32597
145.952	51398	19252	32825	32880
146.008	24915	44091	32700	32496
146.064	23750	32786	32805	32695
146.12	49712	20539	32787	32895
146.176	18653	45892	32707	32637
146.24	32376	39077	32706	32805
146.296	17074	37960	32817	32614
146.36	15971	45704	32796	32609
146.432	35283	27609	32748	32729
146.488	43622	26870	32669	32858
146.552	51279	18968	32771	32816
146.608	24604	43907	32682	32676
146.664	25082	32907	32829	32575
146.728	14057	42786	32792	32574
146.792	21027	46014	32702	32623
146.848	30275	29709	32836	32757
146.904	46841	23635	32763	32778
146.96	15744	45478	32785	32574
147.016	41702	24930	32784	32744
147.072	39587	31596	32657	32826
147.128	13809	42303	32802	32582
147.192	20777	46161	32694	32633
147.248	31138	29603	32789	32675
147.304	46732	23940	32782	32816
147.36	15723	45327	32787	32438
147.416	41698	24651	32760	32730
147.472	39463	31471	32661	32866
147.528	13884	42665	32772	32477
147.584	49543	20814	32787	32809
147.64	31407	39505	32677	32780
147.696	18268	37387	32803	32687
147.76	15412	45199	32805	32454
147.816	42179	24527	32762	32806
147.872	38818	32081	32674	32839
147.928	13940	42200	32796	32549
147.984	49767	20575	32789	32851
148.04	31071	39831	32684	32679
148.096	18159	37511	32811	32598
148.152	51441	18927	32808	32870
148.208	23603	44488	32699	32604
148.264	26388	31734	32796	32611
148.32	48726	21709	32819	32885
148.376	17506	46093	32731	32417
148.432	37575	26585	32740	32768
148.488	42406	27828	32670	32775
148.544	13910	43625	32794	32484
148.6	47053	22255	32768	32765
148.656	34340	36647	32674	32730
148.712	15766	39727	32813	32626
148.768	51167	19241	32845	32871
148.824	26257	42839	32689	32651
148.88	22005	34241	32796	32740
148.936	50541	19853	32843	32810
149.008	22874	45061	32692	32527
149.08	22375	33940	32822	32633
149.136	50666	19830	32767	32908
149.192	19814	45924	32682	32420
149.248	33206	28715	32722	32693
149.304	45057	25162	32775	32811
149.36	14915	45266	32804	32569
149.416	43427	23887	32762	32738
149.472	37442	33353	32670	32745
149.528	14274	41414	32790	32537
149.584	50322	20197	32793	32833
149.64	29629	40931	32690	32683
149.696	19406	36350	32811	32628
149.76	14754	44841	32822	32525
149.816	44053	23676	32787	32811
149.872	37233	33805	32680	32763
149.928	14472	41367	32816	32536
149.984	50637	20111	32799	32822
150.04	29337	40892	32670	32639
150.096	19438	36127	32811	32631
150.152	51371	19068	32828	32851
150.208	22029	45230	32682	32578
150.272	37021	34115	32665	32744
150.328	14461	41215	32787	32578
150.384	50480	20065	32822	32855
150.44	28747	40880	32688	32613
150.504	44517	26012	32656	32790
150.56	14514	44813	32785	32539
150.616	45011	23328	32786	32778
150.672	36657	34218	32666	32741
150.728	14738	40938	32771	32519
150.784	50799	19858	32825	32851
150.848	35519	27589	32725	32701
150.904	43518	26303	32640	32808
150.968	51356	19210	32817	32850
151.032	40963	25303	32755	32788
151.096	20111	35624	32821	32567
151.16	14358	44820	32779	32554
151.216	45537	22918	32789	32771
151.272	35175	35610	32675	32731
151.328	15135	40170	32801	32586
151.384	51151	19553	32804	32842
151.44	27629	41875	32687	32579
151.496	21070	34800	32797	32612
151.552	50826	19423	32789	32861
151.608	20735	46293	32665	32486
151.664	31021	29612	32707	32671
151.72	46200	24529	32793	32849
151.776	15612	45365	32779	32575
151.832	42896	24626	32745	32751
151.888	38564	32067	32677	32792
151.944	14049	42298	32796	32545
152.008	20290	45293	32644	32596
152.064	32333	29192	32736	32701
152.128	15926	39504	32813	32645
152.184	50988	19499	32813	32872
152.248	37456	26894	32756	32793
152.304	41959	28539	32659	32813
152.368	51357	19095	32809	32864
152.424	23109	44863	32684	32537
152.48	26970	31520	32834	32625
152.544	14003	41366	32819	32466
152.608	19701	45686	32693	32629
152.672	33914	37075	32678	32752
152.728	15712	39123	32805	32569
152.784	51408	19219	32821	32849
152.848	38744	26096	32750	32750
152.904	41562	28929	32667	32813
152.976	14680	45012	32791	32533
153.04	25547	43772	32688	32698
153.096	23507	33440	32804	32661
153.152	50330	20687	32817	32886
153.208	19251	46327	32735	32527
153.264	34575	28098	32723	32748
153.32	44329	26572	32653	32836
153.376	14819	45029	32810	32519
153.432	45015	23461	32771	32828
153.488	36447	34682	32680	32774
153.544	14806	41023	32801	32527
153.6	50829	19842	32823	32846
153.656	28427	41325	32678	32711
153.712	20074	35483	32806	32669
153.776	14625	44555	32804	32544
153.832	45522	23086	32759	32773
153.888	35806	34763	32669	32795
153.944	14960	40541	32815	32544
154	50843	19811	32793	32840
154.056	28031	42005	32676	32691
154.112	20939	35085	32798	32617
154.176	14338	44307	32779	32503
154.232	45529	22804	32788	32813
154.296	25651	32471	32794	32655
154.36	14233	41961	32809	32614
154.416	49685	20838	32827	32828
154.472	31508	39442	32680	32674
154.528	17607	37563	32806	32574
154.592	15465	45319	32799	32477
154.656	26905	42478	32697	32606
154.712	20884	34670	32811	32640
154.768	50897	19524	32810	32867
154.824	20284	45579	32757	32428
154.88	31565	29085	32696	32725
154.936	45781	24205	32806	32830
154.992	15154	45965	32793	32501
155.048	43338	24007	32787	32741
155.104	38033	32624	32676	32832
155.16	13870	41653	32795	32525
155.216	49881	20221	32776	32815
155.272	29759	40639	32703	32712
155.328	18826	36625	32783	32636
155.384	51160	19243	32806	32844
155.44	22516	44998	32678	32675
155.496	28251	31034	32828	32684
155.552	47819	23140	32761	32854
155.608	16808	45913	32801	32586
155.664	39927	25610	32762	32771
155.72	40699	29558	32649	32786
155.776	13956	42528	32813	32566
155.84	21916	44758	32701	32665
155.896	29422	30740	32808	32673
155.96	14419	41585	32819	32584
156.04	21385	44930	32707	32569
156.104	36847	34614	32676	32773
156.168	49569	20487	32829	32863
156.224	18429	45624	32699	32607
156.28	35373	27468	32730	32743
156.352	46814	22993	32799	32822
156.424	18300	45372	32688	32659
156.48	36101	27416	32736	32720
156.544	17335	37938	32805	32608
156.616	51338	19544	32851	32800
156.672	27511	42041	32685	32642
156.728	21018	34989	32825	32665
156.784	51037	19455	32830	32843
156.848	46749	22660	32800	32811
156.904	35272	35690	32673	32775
156.984	50682	19611	32804	32842
157.048	47300	22493	32764	32795
157.128	21841	34499	32816	32563
157.208	15160	44914	32806	32591
157.28	37391	26523	32752	32789
157.352	45731	25208	32814	32805
157.416	51492	19099	32840	32858
157.488	30034	40387	32688	32662
157.568	48956	21853	32773	32818
157.632	50450	20078	32805	32835
157.704	33748	37146	32669	32723
157.776	13810	41455	32806	32522
157.84	19072	46671	32728	32650
157.904	33285	37879	32672	32702
157.968	48140	22553	32779	32857
158.024	16206	45857	32834	32503
158.088	28997	40979	32675	32786
158.152	44996	25712	32663	32892
158.216	51510	18769	32789	32872
158.28	40264	25211	32802	32809
158.344	19587	35568	32814	32644
158.408	14032	44898	32809	32476
158.472	24509	44416	32664	32635
158.536	40154	30969	32682	32857
158.608	13724	44523	32776	32507
158.672	23805	44342	32686	32580
158.736	39663	31730	32656	32789
158.808	13680	44654	32778	32499
158.872	23478	44940	32670	32590
158.952	42889	27892	32658	32762
159.032	51268	19139	32838	32871
159.112	31738	29032	32734	32711
159.192	13781	42152	32818	32553
159.264	47664	21672	32804	32784
159.344	21542	33878	32802	32696
159.416	51547	18877	32801	32834
159.496	38747	25807	32750	32785
159.56	18317	36304	32826	32669
159.632	51536	18806	32837	32767
159.712	34051	28061	32720	32686
159.792	14214	41130	32797	32601
159.864	48382	21138	32848	32776
159.936	36738	34664	32669	32706
160	50345	20338	32794	32844
160.072	21266	45077	32676	32522
160.144	24730	32550	32820	32706
160.208	13699	43342	32779	32622
160.28	45682	22509	32822	32782
160.352	39887	31384	32681	32699
160.424	13896	43991	32813	32589
160.488	23423	45301	32687	32630
160.56	20488	34838	32823	32636
160.632	51566	18794	32768	32835
160.704	26919	43138	32687	32562
160.784	46270	25015	32793	32834
160.848	51412	18894	32831	32803
160.928	32196	28571	32742	32749
161	48452	22192	32750	32840
161.08	47574	21500	32835	32797
161.144	27673	31113	32819	32672
161.208	13971	41849	32812	32469
161.272	19124	46040	32785	32562
161.336	33449	37942	32672	32811
161.408	13749	41311	32812	32648
161.472	18824	45261	32739	32620
161.536	32693	38117	32688	32860
161.6	47999	23269	32813	32862
161.664	51096	19448	32842	32814
161.728	34513	27412	32768	32744
161.808	14548	40192	32831	32511
161.904	24118	44919	32685	32636
161.968	39703	31403	32676	32802
162.032	51190	19201	32788	32887
162.096	46587	22275	32762	32792
162.16	25849	32053	32808	32652
162.224	13620	42367	32787	32484
162.296	46420	22159	32788	32784
162.36	26136	31429	32806	32634
162.432	51201	19213	32814	32898
162.512	42885	23953	32769	32785
162.576	22118	34261	32825	32592
162.64	13494	43498	32801	32536
162.712	43968	23661	32775	32823
162.792	18274	36276	32801	32591
162.864	51437	18891	32799	32851
162.928	39530	25425	32744	32764
163	44791	25290	32806	32738
163.08	51024	19530	32811	32840
163.152	32799	38216	32681	32748
163.232	50274	20104	32784	32863
163.304	21243	45295	32696	32704
163.368	36377	34856	32674	32670
163.432	49923	20636	32810	32795
163.504	20982	45944	32693	32648
163.568	35924	35369	32683	32775
163.656	13877	44742	32790	32597
163.72	23664	44605	32689	32627
163.792	20738	34889	32826	32608
163.864	51476	18762	32773	32867
163.936	27000	43123	32692	32646
164	43047	28508	32644	32851
164.072	14774	45488	32803	32519
164.144	37679	26406	32743	32743
164.208	18910	36734	32801	32617
164.28	51367	19002	32817	32809
164.352	29824	41320	32679	32613
164.416	45150	25140	32807	32874
164.488	16600	46194	32792	32632
164.552	29326	41740	32683	32723
164.624	16445	38464	32774	32600
164.688	15886	45810	32820	32560
164.76	34368	27625	32754	32709
164.84	14279	41300	32800	32637
164.92	21224	45592	32703	32561
165	40341	31239	32666	32770
165.064	51451	19026	32746	32922
165.128	45289	22723	32815	32816
165.192	24701	32036	32813	32622
165.256	13581	42611	32780	32491
165.328	45940	22115	32801	32791
165.4	39624	32400	32664	32718
165.48	51592	18523	32814	32859
165.56	36925	26478	32740	32776
165.632	46415	24893	32814	32812
165.704	16918	46967	32791	32651
165.776	31651	28322	32739	32720
165.84	14989	39374	32814	32529
165.912	50931	19940	32807	32797
165.984	33875	37529	32670	32803
166.048	48261	21830	32820	32806
166.112	50902	19559	32835	32822
166.176	33680	27877	32731	32767
166.24	15357	38738	32787	32615
166.304	16150	45905	32772	32500
166.368	28817	41662	32701	32707
166.44	15449	39372	32791	32582
166.504	15834	46492	32803	32517
166.568	28427	42708	32694	32607
166.64	16187	37576	32795	32612
166.712	51417	19451	32805	32873
166.784	31752	39650	32694	32717
166.864	50240	20978	32803	32789
166.944	46214	22493	32782	32753
167.016	38979	32111	32669	32798
167.088	13560	44625	32791	32569
167.16	42515	24156	32783	32769
167.24	17102	37113	32809	32645
167.312	51491	18789	32812	32875
167.376	37940	26087	32763	32752
167.448	46095	24936	32813	32806
167.512	51699	18521	32840	32827
167.584	29769	40474	32670	32571
167.648	45460	25377	32666	32814
167.736	18833	46723	32679	32656
167.816	37163	34262	32679	32843
167.896	51514	19347	32816	32924
167.984	28716	42958	32688	32745
168.048	44317	25780	32709	32772
168.12	15752	47077	32804	32599
168.184	28190	41926	32703	32640
168.256	16464	38517	32818	32646
168.32	15571	46484	32789	32488
168.384	27877	43090	32698	32726
168.448	43704	26938	32660	32903
168.512	51154	18391	32817	32907
168.576	42060	23907	32783	32772
168.64	20597	33640	32811	32679
168.704	14060	44662	32795	32492
168.776	42062	23901	32786	32830
168.84	22627	33423	32796	32560
168.904	13527	44930	32782	32482
168.976	43554	23786	32784	32756
169.04	22001	33350	32775	32684
169.104	13596	44304	32754	32534
169.168	22758	45035	32668	32646
169.232	38026	33595	32661	32879
169.296	50992	19548	32801	32853
169.36	47865	21041	32818	32832
169.424	28296	30732	32821	32639
169.496	50838	20301	32827	32879
169.56	49052	21201	32811	32850
169.624	29009	30195	32817	32673
169.696	50231	20560	32801	32944
169.768	21239	46129	32679	32486
169.832	36448	34820	32679	32684
169.896	50271	20654	32806	32853
169.968	21168	46087	32712	32624
170.032	35974	34979	32671	32676
170.112	51194	19086	32754	32887
170.184	23923	45128	32678	32688
170.248	39412	31207	32665	32748
170.32	13807	44893	32782	32531
170.4	27303	43383	32685	32724
170.464	43012	27718	32653	32800
170.528	51402	18595	32838	32872
170.592	42695	24239	32775	32807
170.664	42797	28614	32660	32838
170.728	51551	18613	32824	32829
170.792	43450	23702	32763	32768
170.864	41827	28856	32663	32862
170.936	14490	45012	32785	32589
170.992	44122	24679	32791	32793
171.056	22169	32967	32824	32739
171.12	13476	44016	32793	32442
171.184	22179	46010	32696	32663
171.24	28576	30670	32789	32655
171.304	14400	40123	32825	32542
171.368	18655	46375	32700	32682
171.432	32932	38404	32696	32714
171.496	48138	23350	32809	32833
171.56	50844	19744	32814	32904
171.616	28113	42449	32680	32707
171.68	44545	27284	32640	32870
171.736	13952	44161	32787	32531
171.8	24477	44560	32688	32596
171.864	40148	30970	32673	32812
171.928	51189	18933	32789	32849
171.992	45752	22213	32767	32807
172.048	35870	35331	32677	32741
172.104	14352	39860	32797	32496
172.168	17395	46259	32779	32590
172.224	36088	26660	32777	32738
172.28	43236	27871	32625	32822
172.344	51576	18982	32836	32831
172.4	23106	44990	32692	32589
172.464	39223	32460	32667	32710
172.528	51013	19304	32775	32850
172.584	19728	46242	32727	32669
172.648	34487	37456	32700	32678
172.704	15072	38860	32791	32557
172.768	16429	46601	32797	32634
172.832	29798	40835	32707	32617
172.896	46108	25830	32776	32843
172.96	51529	18169	32837	32826
173.024	38894	25359	32763	32761
173.088	18907	36244	32831	32600
173.144	51598	18638	32767	32810
173.208	43736	22768	32819	32770
173.272	22577	33017	32815	32753
173.336	13242	44069	32786	32657
173.4	21773	45688	32704	32643
173.464	37201	35251	32689	32812
173.544	51490	19174	32810	32846
173.616	24846	45143	32707	32699
173.672	23966	31914	32825	32732
173.736	13408	42341	32799	32490
173.792	49203	20207	32795	32831
173.856	30187	29571	32807	32702
173.92	14560	40157	32803	32442
173.984	17733	46157	32738	32620
174.048	31494	40549	32680	32682
174.104	17234	37084	32831	32663
174.16	51562	18557	32839	32817
174.216	23631	45025	32700	32677
174.272	25937	31626	32805	32723
174.328	49395	21966	32785	32886
174.384	17012	46088	32810	32620
174.44	37430	25683	32804	32758
174.496	42508	29151	32682	32770
174.552	13514	43713	32781	32544
